
 .... [TRUNCATED] 
<<<<<<<<<<<<<<<<<<<<<<<<<<<<<<<<<<<<<<<<<<<<<<<<<<<<<<<<<<<<<<<<<<<<<<<< 
 > Dato                                      :  Mon Dec  1 13:20:42 2014 
 > Slag                                      :  UP 
 > Ár                                        :  2014 
 > Skipabólk/-ar                             :  18 19 
 > Byrjanar og enda mánaŵ fyri ALK/ALD       :  JAN-DEC 
 > Skipabólk/-ar, sum longdir eru lántar frá :  0 
 > Skipabólk/-ar, sum vektir eru lántar frá  :  0 
 > Skipabólk/-ar, sum aldrar eru lántar frá  :  0 
 > ICES-øki                                  :  VB1 
 <<<<<<<<<<<<<<<<<<<<<<<<<<<<<<<<<<<<<<<<<<<<<<<<<<<<<<<<<<<<<<<<<<<<<<<<
 .... [TRUNCATED] 
>>>>>>>>>>>>>>>>>>>>>>>>>>>>>>>>>>>>> 
> Alpha	 = 0.01290752
> Beta	 = 2.887194
> R^2	 = 0.9770798
> N	 = 5863
> Veida (kg.)	  = 0
> Rundveida (kg.) = 0
<<<<<<<<<<<<<<<<<<<<<<<<<<<<<<<<<<<<<
 .... [TRUNCATED] 
>>>>>>>>>>>>>> 	 ALK-lykil 	 <<<<<<<<<<<<
 .... [TRUNCATED] 
$ALK
    longd 0 1 2 3  4  5  6 7 8 9 10 11 12 13 14 15 Sum Matad
1       1 0 0 0 0  0  0  0 0 0 0  0  0  0  0  0  0   0     0
2       2 0 0 0 0  0  0  0 0 0 0  0  0  0  0  0  0   0     0
3       3 0 0 0 0  0  0  0 0 0 0  0  0  0  0  0  0   0     0
4       4 0 0 0 0  0  0  0 0 0 0  0  0  0  0  0  0   0     0
5       5 0 0 0 0  0  0  0 0 0 0  0  0  0  0  0  0   0     0
6       6 0 0 0 0  0  0  0 0 0 0  0  0  0  0  0  0   0     0
7       7 0 0 0 0  0  0  0 0 0 0  0  0  0  0  0  0   0     0
8       8 0 0 0 0  0  0  0 0 0 0  0  0  0  0  0  0   0     0
9       9 0 0 0 0  0  0  0 0 0 0  0  0  0  0  0  0   0     0
10     10 0 0 0 0  0  0  0 0 0 0  0  0  0  0  0  0   0     0
11     11 0 0 0 0  0  0  0 0 0 0  0  0  0  0  0  0   0     0
12     12 0 0 0 0  0  0  0 0 0 0  0  0  0  0  0  0   0     0
13     13 0 0 0 0  0  0  0 0 0 0  0  0  0  0  0  0   0     0
14     14 0 0 0 0  0  0  0 0 0 0  0  0  0  0  0  0   0     0
15     15 0 0 0 0  0  0  0 0 0 0  0  0  0  0  0  0   0     0
16     16 0 0 0 0  0  0  0 0 0 0  0  0  0  0  0  0   0     0
17     17 0 0 0 0  0  0  0 0 0 0  0  0  0  0  0  0   0     0
18     18 0 0 0 0  0  0  0 0 0 0  0  0  0  0  0  0   0     0
19     19 0 0 0 0  0  0  0 0 0 0  0  0  0  0  0  0   0     0
20     20 0 0 0 0  0  0  0 0 0 0  0  0  0  0  0  0   0     0
21     21 0 0 0 0  0  0  0 0 0 0  0  0  0  0  0  0   0     0
22     22 0 0 0 0  0  0  0 0 0 0  0  0  0  0  0  0   0     0
23     23 0 0 0 0  0  0  0 0 0 0  0  0  0  0  0  0   0     0
24     24 0 0 0 0  0  0  0 0 0 0  0  0  0  0  0  0   0     0
25     25 0 0 0 0  0  0  0 0 0 0  0  0  0  0  0  0   0     0
26     26 0 0 0 0  0  0  0 0 0 0  0  0  0  0  0  0   0     0
27     27 0 0 0 0  0  0  0 0 0 0  0  0  0  0  0  0   0     0
28     28 0 0 0 0  0  0  0 0 0 0  0  0  0  0  0  0   0     0
29     29 0 0 0 0  0  0  0 0 0 0  0  0  0  0  0  0   0     0
30     30 0 0 0 0  0  0  0 0 0 0  0  0  0  0  0  0   0     0
31     31 0 0 0 0  0  0  0 0 0 0  0  0  0  0  0  0   0     0
32     32 0 0 0 0  0  0  0 0 0 0  0  0  0  0  0  0   0     0
33     33 0 0 0 0  0  0  0 0 0 0  0  0  0  0  0  0   0     0
34     34 0 0 0 0  0  0  0 0 0 0  0  0  0  0  0  0   0     0
35     35 0 0 0 0  0  0  0 0 0 0  0  0  0  0  0  0   0     0
36     36 0 0 0 0  0  0  0 0 0 0  0  0  0  0  0  0   0     0
37     37 0 0 0 0  0  0  0 0 0 0  0  0  0  0  0  0   0     0
38     38 0 0 0 0  0  0  0 0 0 0  0  0  0  0  0  0   0     0
39     39 0 0 0 0  0  0  0 0 0 0  0  0  0  0  0  0   0     0
40     40 0 0 0 0  0  0  0 0 0 0  0  0  0  0  0  0   0     5
41     41 0 0 0 0  0  0  0 0 0 0  0  0  0  0  0  0   0    15
42     42 0 0 0 0  0  0  0 0 0 0  0  0  0  0  0  0   0    18
43     43 0 0 0 0  0  0  0 0 0 0  0  0  0  0  0  0   0    51
44     44 0 0 0 1  0  0  0 0 0 0  0  0  0  0  0  0   1    64
45     45 0 0 0 0  0  0  0 0 0 0  0  0  0  0  0  0   0    84
46     46 0 0 0 0  0  0  0 0 0 0  0  0  0  0  0  0   0   103
47     47 0 0 0 0  0  1  0 0 0 0  0  0  0  0  0  0   1   102
48     48 0 0 0 0  3  0  0 0 0 0  0  0  0  0  0  0   3   112
49     49 0 0 0 3  2  1  0 0 0 0  0  0  0  0  0  0   6   136
50     50 0 0 0 0  7  1  0 0 0 0  0  0  0  0  0  0   8   184
51     51 0 0 0 4 14  2  0 0 0 0  0  0  0  0  0  0  20   218
52     52 0 0 0 0 14  5  0 0 0 0  0  0  0  0  0  0  19   284
53     53 0 0 0 4 21  7  1 0 0 0  0  0  0  0  0  0  33   334
54     54 0 0 0 1 26 13  1 0 0 0  0  0  0  0  0  0  41   372
55     55 0 0 0 4 11 14  2 0 0 0  0  0  0  0  0  0  31   380
56     56 0 0 0 1 20 20  4 0 0 0  0  0  0  0  0  0  45   420
57     57 0 0 0 3 16 22  2 2 0 0  0  0  0  0  0  0  45   480
58     58 0 0 0 0 10 25  4 1 0 0  0  0  0  0  0  0  40   462
59     59 0 0 0 0 18 35  8 1 0 0  0  0  0  0  0  0  62   431
60     60 0 0 0 0 10 34  4 0 0 0  0  0  0  0  0  0  48   496
61     61 0 0 0 0  8 33 10 2 1 0  0  0  0  0  0  0  54   504
62     62 0 0 0 0  3 29  5 3 0 0  0  0  0  0  0  0  40   441
63     63 0 0 0 0  3 21 13 2 0 0  0  0  0  0  0  0  39   402
64     64 0 0 0 0  3 27  6 4 0 0  0  0  0  0  0  0  40   381
65     65 0 0 0 0  2 16 14 7 0 0  0  0  0  0  0  0  39   377
66     66 0 0 0 0  2  4 11 4 1 0  0  0  0  0  0  0  22   295
67     67 0 0 0 0  1 12 21 7 0 0  0  0  0  0  0  0  41   285
68     68 0 0 0 0  1  7  8 4 0 0  0  0  0  0  0  0  20   246
69     69 0 0 0 0  0  6  7 6 0 0  0  0  0  0  0  0  19   229
70     70 0 0 0 0  0  2  4 8 0 0  0  0  0  0  0  0  14   215
71     71 0 0 0 0  0  2  3 5 0 0  0  0  0  0  0  0  10   183
72     72 0 0 0 0  0  2  6 1 0 0  0  0  0  0  0  0   9   151
73     73 0 0 0 0  0  1  6 3 0 0  0  0  0  0  0  0  10   150
74     74 0 0 0 0  0  0  6 4 0 0  0  0  0  0  0  0  10   103
75     75 0 0 0 0  0  0  5 3 0 0  0  0  0  0  0  0   8    97
76     76 0 0 0 0  0  0  4 2 1 0  0  0  0  0  0  0   7    92
77     77 0 0 0 0  0  0  1 3 0 0  0  0  0  0  0  0   4    68
78     78 0 0 0 0  0  0  1 1 1 0  0  0  0  0  0  0   3    53
79     79 0 0 0 0  0  0  1 2 0 0  0  0  0  0  0  0   3    46
80     80 0 0 0 0  0  0  1 0 0 0  0  0  0  0  0  0   1    55
81     81 0 0 0 0  0  0  1 3 1 0  0  0  0  0  0  0   5    53
82     82 0 0 0 0  0  0  1 1 1 0  0  0  0  0  0  0   3    49
83     83 0 0 0 0  0  0  0 2 2 0  0  0  0  0  0  0   4    52
84     84 0 0 0 0  0  0  0 1 0 0  0  0  0  0  0  0   1    43
85     85 0 0 0 0  0  0  0 0 2 0  0  0  0  0  0  0   2    42
86     86 0 0 0 0  0  0  0 1 0 1  0  0  0  0  0  0   2    37
87     87 0 0 0 0  0  0  0 0 0 2  0  0  0  0  0  0   2    57
88     88 0 0 0 0  0  0  0 0 0 3  0  0  0  0  0  0   3    41
89     89 0 0 0 0  0  0  0 0 1 1  1  0  0  0  0  0   3    43
90     90 0 0 0 0  0  0  0 0 1 0  0  0  0  0  0  0   1    57
91     91 0 0 0 0  0  0  0 0 0 2  1  1  1  0  0  0   5    50
92     92 0 0 0 0  0  0  0 0 0 1  0  0  0  0  0  0   1    55
93     93 0 0 0 0  0  0  0 0 0 0  0  3  0  0  0  0   3    45
94     94 0 0 0 0  0  0  0 0 0 0  0  0  1  0  0  0   1    40
95     95 0 0 0 0  0  0  0 0 0 0  1  1  2  0  0  0   4    52
96     96 0 0 0 0  0  0  0 0 0 0  1  0  0  0  0  0   1    28
97     97 0 0 0 0  0  0  0 0 0 0  0  0  1  0  0  0   1    28
98     98 0 0 0 0  0  0  0 0 0 0  0  0  0  0  0  0   0     9
99     99 0 0 0 0  0  0  0 0 0 0  0  0  0  0  0  0   0    11
100   100 0 0 0 0  0  0  0 0 0 0  0  0  0  0  0  0   0    13
101   101 0 0 0 0  0  0  0 0 0 0  0  0  0  0  0  0   0     3
102   102 0 0 0 0  0  0  0 0 0 0  0  0  0  0  0  0   0     3
103   103 0 0 0 0  0  0  0 0 0 0  0  0  0  0  0  0   0     6
104   104 0 0 0 0  0  0  0 0 0 0  0  0  0  0  0  0   0     2
105   105 0 0 0 0  0  0  0 0 0 0  0  0  0  0  0  0   0     5
106   106 0 0 0 0  0  0  0 0 0 0  0  0  0  0  0  0   0     2
107   107 0 0 0 0  0  0  0 0 0 0  0  0  0  0  0  0   0     2
108   108 0 0 0 0  0  0  0 0 0 0  0  0  0  0  0  0   0     0
109   109 0 0 0 0  0  0  0 0 0 0  0  0  1  0  0  0   1     1
110   110 0 0 0 0  0  0  0 0 0 0  0  0  0  0  0  0   0     1
111   111 0 0 0 0  0  0  0 0 0 0  0  0  0  0  0  0   0     0
112   112 0 0 0 0  0  0  0 0 0 0  0  0  0  0  1  0   1     1
113   113 0 0 0 0  0  0  0 0 0 0  0  0  0  0  0  0   0     0
114   114 0 0 0 0  0  0  0 0 0 0  0  0  0  0  0  0   0     0
115   115 0 0 0 0  0  0  0 0 0 0  0  0  0  0  0  0   0     0
116   116 0 0 0 0  0  0  0 0 0 0  0  0  0  0  0  0   0     1
117   117 0 0 0 0  0  0  0 0 0 0  0  0  0  0  0  0   0     0
118   118 0 0 0 0  0  0  0 0 0 0  0  0  0  0  0  0   0     0
119   119 0 0 0 0  0  0  0 0 0 0  0  0  0  0  0  0   0     0
120   120 0 0 0 0  0  0  0 0 0 0  0  0  0  0  0  0   0     0
121   121 0 0 0 0  0  0  0 0 0 0  0  0  0  0  0  0   0     0
122   122 0 0 0 0  0  0  0 0 0 0  0  0  0  0  0  0   0     0
123   123 0 0 0 0  0  0  0 0 0 0  0  0  0  0  0  0   0     0
124   124 0 0 0 0  0  0  0 0 0 0  0  0  0  0  0  0   0     0
125   125 0 0 0 0  0  0  0 0 0 0  0  0  0  0  0  0   0     0
126   126 0 0 0 0  0  0  0 0 0 0  0  0  0  0  0  0   0     0
127   127 0 0 0 0  0  0  0 0 0 0  0  0  0  0  0  0   0     0
128   128 0 0 0 0  0  0  0 0 0 0  0  0  0  0  0  0   0     0
129   129 0 0 0 0  0  0  0 0 0 0  0  0  0  0  0  0   0     0
130   130 0 0 0 0  0  0  0 0 0 0  0  0  0  0  0  0   0     0
131   131 0 0 0 0  0  0  0 0 0 0  0  0  0  0  0  0   0     0
132   132 0 0 0 0  0  0  0 0 0 0  0  0  0  0  0  0   0     0
133   133 0 0 0 0  0  0  0 0 0 0  0  0  0  0  0  0   0     0
134   134 0 0 0 0  0  0  0 0 0 0  0  0  0  0  0  0   0     0
135   135 0 0 0 0  0  0  0 0 0 0  0  0  0  0  0  0   0     0
136   136 0 0 0 0  0  0  0 0 0 0  0  0  0  0  0  0   0     0
137   137 0 0 0 0  0  0  0 0 0 0  0  0  0  0  0  0   0     0
138   138 0 0 0 0  0  0  0 0 0 0  0  0  0  0  0  0   0     0
139   139 0 0 0 0  0  0  0 0 0 0  0  0  0  0  0  0   0     0
140   140 0 0 0 0  0  0  0 0 0 0  0  0  0  0  0  0   0     0
141   141 0 0 0 0  0  0  0 0 0 0  0  0  0  0  0  0   0     0
142   142 0 0 0 0  0  0  0 0 0 0  0  0  0  0  0  0   0     0
143   143 0 0 0 0  0  0  0 0 0 0  0  0  0  0  0  0   0     0
144   144 0 0 0 0  0  0  0 0 0 0  0  0  0  0  0  0   0     0
145   145 0 0 0 0  0  0  0 0 0 0  0  0  0  0  0  0   0     0
146   146 0 0 0 0  0  0  0 0 0 0  0  0  0  0  0  0   0     0
147   147 0 0 0 0  0  0  0 0 0 0  0  0  0  0  0  0   0     0
148   148 0 0 0 0  0  0  0 0 0 0  0  0  0  0  0  0   0     0
149   149 0 0 0 0  0  0  0 0 0 0  0  0  0  0  0  0   0     0
150   150 0 0 0 0  0  0  0 0 0 0  0  0  0  0  0  0   0     0

$ALK.j
    longd 0 1 2     3      4      5      6     7     8     9    10    11    12 13 14 15    Sum Matad
1       1 0 0 0 0.000  0.000  0.000  0.000 0.000 0.000 0.000 0.000 0.000 0.000  0  0  0  0.000     0
2       2 0 0 0 0.000  0.000  0.000  0.000 0.000 0.000 0.000 0.000 0.000 0.000  0  0  0  0.000     0
3       3 0 0 0 0.000  0.000  0.000  0.000 0.000 0.000 0.000 0.000 0.000 0.000  0  0  0  0.000     0
4       4 0 0 0 0.000  0.000  0.000  0.000 0.000 0.000 0.000 0.000 0.000 0.000  0  0  0  0.000     0
5       5 0 0 0 0.000  0.000  0.000  0.000 0.000 0.000 0.000 0.000 0.000 0.000  0  0  0  0.000     0
6       6 0 0 0 0.000  0.000  0.000  0.000 0.000 0.000 0.000 0.000 0.000 0.000  0  0  0  0.000     0
7       7 0 0 0 0.000  0.000  0.000  0.000 0.000 0.000 0.000 0.000 0.000 0.000  0  0  0  0.000     0
8       8 0 0 0 0.000  0.000  0.000  0.000 0.000 0.000 0.000 0.000 0.000 0.000  0  0  0  0.000     0
9       9 0 0 0 0.000  0.000  0.000  0.000 0.000 0.000 0.000 0.000 0.000 0.000  0  0  0  0.000     0
10     10 0 0 0 0.000  0.000  0.000  0.000 0.000 0.000 0.000 0.000 0.000 0.000  0  0  0  0.000     0
11     11 0 0 0 0.000  0.000  0.000  0.000 0.000 0.000 0.000 0.000 0.000 0.000  0  0  0  0.000     0
12     12 0 0 0 0.000  0.000  0.000  0.000 0.000 0.000 0.000 0.000 0.000 0.000  0  0  0  0.000     0
13     13 0 0 0 0.000  0.000  0.000  0.000 0.000 0.000 0.000 0.000 0.000 0.000  0  0  0  0.000     0
14     14 0 0 0 0.000  0.000  0.000  0.000 0.000 0.000 0.000 0.000 0.000 0.000  0  0  0  0.000     0
15     15 0 0 0 0.000  0.000  0.000  0.000 0.000 0.000 0.000 0.000 0.000 0.000  0  0  0  0.000     0
16     16 0 0 0 0.000  0.000  0.000  0.000 0.000 0.000 0.000 0.000 0.000 0.000  0  0  0  0.000     0
17     17 0 0 0 0.000  0.000  0.000  0.000 0.000 0.000 0.000 0.000 0.000 0.000  0  0  0  0.000     0
18     18 0 0 0 0.000  0.000  0.000  0.000 0.000 0.000 0.000 0.000 0.000 0.000  0  0  0  0.000     0
19     19 0 0 0 0.000  0.000  0.000  0.000 0.000 0.000 0.000 0.000 0.000 0.000  0  0  0  0.000     0
20     20 0 0 0 0.000  0.000  0.000  0.000 0.000 0.000 0.000 0.000 0.000 0.000  0  0  0  0.000     0
21     21 0 0 0 0.000  0.000  0.000  0.000 0.000 0.000 0.000 0.000 0.000 0.000  0  0  0  0.000     0
22     22 0 0 0 0.000  0.000  0.000  0.000 0.000 0.000 0.000 0.000 0.000 0.000  0  0  0  0.000     0
23     23 0 0 0 0.000  0.000  0.000  0.000 0.000 0.000 0.000 0.000 0.000 0.000  0  0  0  0.000     0
24     24 0 0 0 0.000  0.000  0.000  0.000 0.000 0.000 0.000 0.000 0.000 0.000  0  0  0  0.000     0
25     25 0 0 0 0.000  0.000  0.000  0.000 0.000 0.000 0.000 0.000 0.000 0.000  0  0  0  0.000     0
26     26 0 0 0 0.000  0.000  0.000  0.000 0.000 0.000 0.000 0.000 0.000 0.000  0  0  0  0.000     0
27     27 0 0 0 0.000  0.000  0.000  0.000 0.000 0.000 0.000 0.000 0.000 0.000  0  0  0  0.000     0
28     28 0 0 0 0.000  0.000  0.000  0.000 0.000 0.000 0.000 0.000 0.000 0.000  0  0  0  0.000     0
29     29 0 0 0 0.000  0.000  0.000  0.000 0.000 0.000 0.000 0.000 0.000 0.000  0  0  0  0.000     0
30     30 0 0 0 0.000  0.000  0.000  0.000 0.000 0.000 0.000 0.000 0.000 0.000  0  0  0  0.000     0
31     31 0 0 0 0.000  0.000  0.000  0.000 0.000 0.000 0.000 0.000 0.000 0.000  0  0  0  0.000     0
32     32 0 0 0 0.000  0.000  0.000  0.000 0.000 0.000 0.000 0.000 0.000 0.000  0  0  0  0.000     0
33     33 0 0 0 0.000  0.000  0.000  0.000 0.000 0.000 0.000 0.000 0.000 0.000  0  0  0  0.000     0
34     34 0 0 0 0.000  0.000  0.000  0.000 0.000 0.000 0.000 0.000 0.000 0.000  0  0  0  0.000     0
35     35 0 0 0 0.000  0.000  0.000  0.000 0.000 0.000 0.000 0.000 0.000 0.000  0  0  0  0.000     0
36     36 0 0 0 0.000  0.000  0.000  0.000 0.000 0.000 0.000 0.000 0.000 0.000  0  0  0  0.000     0
37     37 0 0 0 0.000  0.000  0.000  0.000 0.000 0.000 0.000 0.000 0.000 0.000  0  0  0  0.000     0
38     38 0 0 0 0.000  0.001  0.000  0.000 0.000 0.000 0.000 0.000 0.000 0.000  0  0  0  0.001     0
39     39 0 0 0 0.000  0.003  0.000  0.000 0.000 0.000 0.000 0.000 0.000 0.000  0  0  0  0.003     0
40     40 0 0 0 0.001  0.007  0.000  0.000 0.000 0.000 0.000 0.000 0.000 0.000  0  0  0  0.010     5
41     41 0 0 0 0.004  0.019  0.001  0.001 0.000 0.000 0.000 0.000 0.000 0.000  0  0  0  0.026    15
42     42 0 0 0 0.012  0.047  0.004  0.002 0.000 0.000 0.000 0.000 0.000 0.000  0  0  0  0.066    18
43     43 0 0 0 0.032  0.109  0.010  0.004 0.001 0.000 0.000 0.000 0.000 0.000  0  0  0  0.156    51
44     44 0 0 0 0.075  0.238  0.025  0.008 0.002 0.000 0.000 0.000 0.000 0.000  0  0  0  0.347    64
45     45 0 0 0 0.160  0.486  0.058  0.015 0.003 0.000 0.000 0.000 0.000 0.000  0  0  0  0.723    84
46     46 0 0 0 0.311  0.933  0.129  0.028 0.006 0.000 0.000 0.000 0.000 0.000  0  0  0  1.407   103
47     47 0 0 0 0.553  1.682  0.270  0.050 0.010 0.000 0.000 0.000 0.000 0.000  0  0  0  2.565   102
48     48 0 0 0 0.896  2.846  0.536  0.086 0.017 0.001 0.000 0.000 0.000 0.000  0  0  0  4.382   112
49     49 0 0 0 1.326  4.519  1.010  0.145 0.028 0.001 0.000 0.000 0.000 0.000  0  0  0  7.029   136
50     50 0 0 0 1.789  6.736  1.803  0.236 0.045 0.001 0.000 0.000 0.000 0.000  0  0  0 10.611   184
51     51 0 0 0 2.201  9.425  3.053  0.374 0.072 0.002 0.000 0.000 0.000 0.000  0  0  0 15.128   218
52     52 0 0 0 2.472 12.377  4.898  0.576 0.112 0.003 0.000 0.000 0.000 0.000  0  0  0 20.439   284
53     53 0 0 0 2.532 15.258  7.451  0.861 0.170 0.005 0.000 0.000 0.000 0.000  0  0  0 26.276   334
54     54 0 0 0 2.366 17.655 10.745  1.248 0.251 0.006 0.000 0.000 0.000 0.000  0  0  0 32.272   372
55     55 0 0 0 2.017 19.176 14.688  1.759 0.362 0.009 0.000 0.000 0.000 0.000  0  0  0 38.010   380
56     56 0 0 0 1.569 19.550 19.032  2.406 0.510 0.012 0.000 0.000 0.000 0.000  0  0  0 43.079   420
57     57 0 0 0 1.113 18.708 23.379  3.196 0.702 0.017 0.000 0.000 0.000 0.000  0  0  0 47.115   480
58     58 0 0 0 0.720 16.805 27.223  4.123 0.944 0.023 0.000 0.000 0.000 0.000  0  0  0 49.837   462
59     59 0 0 0 0.425 14.169 30.049  5.164 1.239 0.030 0.000 0.000 0.000 0.000  0  0  0 51.077   431
60     60 0 0 0 0.229 11.214 31.442  6.282 1.588 0.040 0.000 0.000 0.000 0.000  0  0  0 50.796   496
61     61 0 0 0 0.113  8.331 31.188  7.422 1.987 0.052 0.000 0.000 0.000 0.000  0  0  0 49.092   504
62     62 0 0 0 0.050  5.809 29.325  8.514 2.428 0.066 0.000 0.000 0.000 0.000  0  0  0 46.193   441
63     63 0 0 0 0.021  3.803 26.139  9.485 2.897 0.083 0.000 0.000 0.000 0.000  0  0  0 42.426   402
64     64 0 0 0 0.008  2.336 22.086 10.260 3.375 0.103 0.000 0.000 0.000 0.000  0  0  0 38.168   381
65     65 0 0 0 0.003  1.347 17.690 10.779 3.839 0.126 0.000 0.000 0.000 0.000  0  0  0 33.784   377
66     66 0 0 0 0.001  0.729 13.432 10.996 4.264 0.153 0.000 0.000 0.000 0.000  0  0  0 29.574   295
67     67 0 0 0 0.000  0.371  9.668 10.893 4.624 0.183 0.000 0.000 0.000 0.000  0  0  0 25.738   285
68     68 0 0 0 0.000  0.177  6.596 10.480 4.897 0.215 0.000 0.000 0.000 0.000  0  0  0 22.365   246
69     69 0 0 0 0.000  0.079  4.266  9.790 5.063 0.250 0.000 0.000 0.000 0.000  0  0  0 19.449   229
70     70 0 0 0 0.000  0.033  2.616  8.882 5.112 0.287 0.000 0.000 0.000 0.000  0  0  0 16.930   215
71     71 0 0 0 0.000  0.013  1.520  7.824 5.040 0.325 0.000 0.000 0.000 0.000  0  0  0 14.723   183
72     72 0 0 0 0.000  0.005  0.838  6.694 4.852 0.364 0.000 0.000 0.000 0.000  0  0  0 12.752   151
73     73 0 0 0 0.000  0.002  0.437  5.561 4.561 0.401 0.000 0.000 0.000 0.000  0  0  0 10.962   150
74     74 0 0 0 0.000  0.001  0.217  4.486 4.186 0.437 0.000 0.000 0.000 0.001  0  0  0  9.327   103
75     75 0 0 0 0.000  0.000  0.102  3.515 3.751 0.469 0.000 0.000 0.000 0.001  0  0  0  7.838    97
76     76 0 0 0 0.000  0.000  0.045  2.674 3.283 0.498 0.000 0.000 0.000 0.002  0  0  0  6.501    92
77     77 0 0 0 0.000  0.000  0.019  1.975 2.805 0.521 0.000 0.000 0.000 0.003  0  0  0  5.323    68
78     78 0 0 0 0.000  0.000  0.008  1.417 2.340 0.538 0.000 0.000 0.000 0.004  0  0  0  4.307    53
79     79 0 0 0 0.000  0.000  0.003  0.987 1.907 0.548 0.000 0.000 0.000 0.007  0  0  0  3.451    46
80     80 0 0 0 0.000  0.000  0.001  0.668 1.517 0.551 0.000 0.000 0.000 0.010  0  0  0  2.747    55
81     81 0 0 0 0.000  0.000  0.000  0.439 1.178 0.547 0.001 0.001 0.000 0.016  0  0  0  2.182    53
82     82 0 0 0 0.000  0.000  0.000  0.280 0.894 0.535 0.007 0.002 0.000 0.023  0  0  0  1.742    49
83     83 0 0 0 0.000  0.000  0.000  0.173 0.662 0.517 0.035 0.006 0.000 0.034  0  0  0  1.427    52
84     84 0 0 0 0.000  0.000  0.000  0.104 0.479 0.493 0.127 0.014 0.000 0.047  0  0  0  1.265    43
85     85 0 0 0 0.000  0.000  0.000  0.061 0.338 0.464 0.362 0.031 0.000 0.064  0  0  0  1.320    42
86     86 0 0 0 0.000  0.000  0.000  0.035 0.233 0.431 0.803 0.060 0.000 0.086  0  0  0  1.647    37
87     87 0 0 0 0.000  0.000  0.000  0.019 0.157 0.395 1.389 0.106 0.000 0.112  0  0  0  2.179    57
88     88 0 0 0 0.000  0.000  0.000  0.010 0.103 0.357 1.874 0.172 0.003 0.142  0  0  0  2.661    41
89     89 0 0 0 0.000  0.000  0.000  0.005 0.066 0.319 1.970 0.254 0.026 0.175  0  0  0  2.815    43
90     90 0 0 0 0.000  0.000  0.000  0.003 0.041 0.281 1.614 0.342 0.149 0.211  0  0  0  2.640    57
91     91 0 0 0 0.000  0.000  0.000  0.001 0.025 0.244 1.030 0.420 0.519 0.248  0  0  0  2.487    50
92     92 0 0 0 0.000  0.000  0.000  0.001 0.015 0.210 0.513 0.471 1.098 0.284  0  0  0  2.591    55
93     93 0 0 0 0.000  0.000  0.000  0.000 0.009 0.177 0.199 0.482 1.410 0.317  0  0  0  2.594    45
94     94 0 0 0 0.000  0.000  0.000  0.000 0.005 0.148 0.060 0.450 1.098 0.345  0  0  0  2.106    40
95     95 0 0 0 0.000  0.000  0.000  0.000 0.003 0.122 0.014 0.383 0.519 0.366  0  0  0  1.407    52
96     96 0 0 0 0.000  0.000  0.000  0.000 0.002 0.099 0.003 0.298 0.149 0.378  0  0  0  0.928    28
97     97 0 0 0 0.000  0.000  0.000  0.000 0.001 0.080 0.000 0.211 0.026 0.381  0  0  0  0.699    28
98     98 0 0 0 0.000  0.000  0.000  0.000 0.000 0.063 0.000 0.137 0.003 0.375  0  0  0  0.578     9
99     99 0 0 0 0.000  0.000  0.000  0.000 0.000 0.049 0.000 0.081 0.000 0.359  0  0  0  0.490    11
100   100 0 0 0 0.000  0.000  0.000  0.000 0.000 0.038 0.000 0.043 0.000 0.336  0  0  0  0.418    13
101   101 0 0 0 0.000  0.000  0.000  0.000 0.000 0.029 0.000 0.021 0.000 0.306  0  0  0  0.356     3
102   102 0 0 0 0.000  0.000  0.000  0.000 0.000 0.022 0.000 0.010 0.000 0.272  0  0  0  0.303     3
103   103 0 0 0 0.000  0.000  0.000  0.000 0.000 0.016 0.000 0.004 0.000 0.235  0  0  0  0.255     6
104   104 0 0 0 0.000  0.000  0.000  0.000 0.000 0.012 0.000 0.001 0.000 0.199  0  0  0  0.212     2
105   105 0 0 0 0.000  0.000  0.000  0.000 0.000 0.009 0.000 0.001 0.000 0.164  0  0  0  0.173     5
106   106 0 0 0 0.000  0.000  0.000  0.000 0.000 0.006 0.000 0.000 0.000 0.131  0  0  0  0.137     2
107   107 0 0 0 0.000  0.000  0.000  0.000 0.000 0.004 0.000 0.000 0.000 0.103  0  0  0  0.107     2
108   108 0 0 0 0.000  0.000  0.000  0.000 0.000 0.003 0.000 0.000 0.000 0.078  0  0  0  0.081     0
109   109 0 0 0 0.000  0.000  0.000  0.000 0.000 0.002 0.000 0.000 0.000 0.058  0  0  0  0.060     1
110   110 0 0 0 0.000  0.000  0.000  0.000 0.000 0.001 0.000 0.000 0.000 0.042  0  0  0  0.044     1
111   111 0 0 0 0.000  0.000  0.000  0.000 0.000 0.001 0.000 0.000 0.000 0.030  0  0  0  0.031     0
112   112 0 0 0 0.000  0.000  0.000  0.000 0.000 0.001 0.000 0.000 0.000 0.021  0  1  0  1.021     1
113   113 0 0 0 0.000  0.000  0.000  0.000 0.000 0.000 0.000 0.000 0.000 0.014  0  0  0  0.014     0
114   114 0 0 0 0.000  0.000  0.000  0.000 0.000 0.000 0.000 0.000 0.000 0.009  0  0  0  0.009     0
115   115 0 0 0 0.000  0.000  0.000  0.000 0.000 0.000 0.000 0.000 0.000 0.006  0  0  0  0.006     0
116   116 0 0 0 0.000  0.000  0.000  0.000 0.000 0.000 0.000 0.000 0.000 0.004  0  0  0  0.004     1
117   117 0 0 0 0.000  0.000  0.000  0.000 0.000 0.000 0.000 0.000 0.000 0.002  0  0  0  0.002     0
118   118 0 0 0 0.000  0.000  0.000  0.000 0.000 0.000 0.000 0.000 0.000 0.001  0  0  0  0.001     0
119   119 0 0 0 0.000  0.000  0.000  0.000 0.000 0.000 0.000 0.000 0.000 0.001  0  0  0  0.001     0
120   120 0 0 0 0.000  0.000  0.000  0.000 0.000 0.000 0.000 0.000 0.000 0.000  0  0  0  0.000     0
121   121 0 0 0 0.000  0.000  0.000  0.000 0.000 0.000 0.000 0.000 0.000 0.000  0  0  0  0.000     0
122   122 0 0 0 0.000  0.000  0.000  0.000 0.000 0.000 0.000 0.000 0.000 0.000  0  0  0  0.000     0
123   123 0 0 0 0.000  0.000  0.000  0.000 0.000 0.000 0.000 0.000 0.000 0.000  0  0  0  0.000     0
124   124 0 0 0 0.000  0.000  0.000  0.000 0.000 0.000 0.000 0.000 0.000 0.000  0  0  0  0.000     0
125   125 0 0 0 0.000  0.000  0.000  0.000 0.000 0.000 0.000 0.000 0.000 0.000  0  0  0  0.000     0
126   126 0 0 0 0.000  0.000  0.000  0.000 0.000 0.000 0.000 0.000 0.000 0.000  0  0  0  0.000     0
127   127 0 0 0 0.000  0.000  0.000  0.000 0.000 0.000 0.000 0.000 0.000 0.000  0  0  0  0.000     0
128   128 0 0 0 0.000  0.000  0.000  0.000 0.000 0.000 0.000 0.000 0.000 0.000  0  0  0  0.000     0
129   129 0 0 0 0.000  0.000  0.000  0.000 0.000 0.000 0.000 0.000 0.000 0.000  0  0  0  0.000     0
130   130 0 0 0 0.000  0.000  0.000  0.000 0.000 0.000 0.000 0.000 0.000 0.000  0  0  0  0.000     0
131   131 0 0 0 0.000  0.000  0.000  0.000 0.000 0.000 0.000 0.000 0.000 0.000  0  0  0  0.000     0
132   132 0 0 0 0.000  0.000  0.000  0.000 0.000 0.000 0.000 0.000 0.000 0.000  0  0  0  0.000     0
133   133 0 0 0 0.000  0.000  0.000  0.000 0.000 0.000 0.000 0.000 0.000 0.000  0  0  0  0.000     0
134   134 0 0 0 0.000  0.000  0.000  0.000 0.000 0.000 0.000 0.000 0.000 0.000  0  0  0  0.000     0
135   135 0 0 0 0.000  0.000  0.000  0.000 0.000 0.000 0.000 0.000 0.000 0.000  0  0  0  0.000     0
136   136 0 0 0 0.000  0.000  0.000  0.000 0.000 0.000 0.000 0.000 0.000 0.000  0  0  0  0.000     0
137   137 0 0 0 0.000  0.000  0.000  0.000 0.000 0.000 0.000 0.000 0.000 0.000  0  0  0  0.000     0
138   138 0 0 0 0.000  0.000  0.000  0.000 0.000 0.000 0.000 0.000 0.000 0.000  0  0  0  0.000     0
139   139 0 0 0 0.000  0.000  0.000  0.000 0.000 0.000 0.000 0.000 0.000 0.000  0  0  0  0.000     0
140   140 0 0 0 0.000  0.000  0.000  0.000 0.000 0.000 0.000 0.000 0.000 0.000  0  0  0  0.000     0
141   141 0 0 0 0.000  0.000  0.000  0.000 0.000 0.000 0.000 0.000 0.000 0.000  0  0  0  0.000     0
142   142 0 0 0 0.000  0.000  0.000  0.000 0.000 0.000 0.000 0.000 0.000 0.000  0  0  0  0.000     0
143   143 0 0 0 0.000  0.000  0.000  0.000 0.000 0.000 0.000 0.000 0.000 0.000  0  0  0  0.000     0
144   144 0 0 0 0.000  0.000  0.000  0.000 0.000 0.000 0.000 0.000 0.000 0.000  0  0  0  0.000     0
145   145 0 0 0 0.000  0.000  0.000  0.000 0.000 0.000 0.000 0.000 0.000 0.000  0  0  0  0.000     0
146   146 0 0 0 0.000  0.000  0.000  0.000 0.000 0.000 0.000 0.000 0.000 0.000  0  0  0  0.000     0
147   147 0 0 0 0.000  0.000  0.000  0.000 0.000 0.000 0.000 0.000 0.000 0.000  0  0  0  0.000     0
148   148 0 0 0 0.000  0.000  0.000  0.000 0.000 0.000 0.000 0.000 0.000 0.000  0  0  0  0.000     0
149   149 0 0 0 0.000  0.000  0.000  0.000 0.000 0.000 0.000 0.000 0.000 0.000  0  0  0  0.000     0
150   150 0 0 0 0.000  0.000  0.000  0.000 0.000 0.000 0.000 0.000 0.000 0.000  0  0  0  0.000     0


 .... [TRUNCATED] 
>>>>>>>>>>>>>> 	 ALD-lykil 	 <<<<<<<<<<<<
 .... [TRUNCATED] 
$ALD
              0        1        2        3        4        5        6        7        8        9       10       11       12       13
1         0.000    0.000    0.000    0.000    0.000    0.000    0.000    0.000    0.000    0.000    0.000    0.000    0.000    0.000
2         0.000    0.000    0.000    0.000    0.000    0.000    0.000    0.000    0.000    0.000    0.000    0.000    0.000    0.000
3         0.000    0.000    0.000    0.000    0.000    0.000    0.000    0.000    0.000    0.000    0.000    0.000    0.000    0.000
4         0.000    0.000    0.000    0.000    0.000    0.000    0.000    0.000    0.000    0.000    0.000    0.000    0.000    0.000
5         0.000    0.000    0.000    0.000    0.000    0.000    0.000    0.000    0.000    0.000    0.000    0.000    0.000    0.000
6         0.000    0.000    0.000    0.000    0.000    0.000    0.000    0.000    0.000    0.000    0.000    0.000    0.000    0.000
7         0.000    0.000    0.000    0.000    0.000    0.000    0.000    0.000    0.000    0.000    0.000    0.000    0.000    0.000
8         0.000    0.000    0.000    0.000    0.000    0.000    0.000    0.000    0.000    0.000    0.000    0.000    0.000    0.000
9         0.000    0.000    0.000    0.000    0.000    0.000    0.000    0.000    0.000    0.000    0.000    0.000    0.000    0.000
10        0.000    0.000    0.000    0.000    0.000    0.000    0.000    0.000    0.000    0.000    0.000    0.000    0.000    0.000
11        0.000    0.000    0.000    0.000    0.000    0.000    0.000    0.000    0.000    0.000    0.000    0.000    0.000    0.000
12        0.000    0.000    0.000    0.000    0.000    0.000    0.000    0.000    0.000    0.000    0.000    0.000    0.000    0.000
13        0.000    0.000    0.000    0.000    0.000    0.000    0.000    0.000    0.000    0.000    0.000    0.000    0.000    0.000
14        0.000    0.000    0.000    0.000    0.000    0.000    0.000    0.000    0.000    0.000    0.000    0.000    0.000    0.000
15        0.000    0.000    0.000    0.000    0.000    0.000    0.000    0.000    0.000    0.000    0.000    0.000    0.000    0.000
16        0.000    0.000    0.000    0.000    0.000    0.000    0.000    0.000    0.000    0.000    0.000    0.000    0.000    0.000
17        0.000    0.000    0.000    0.000    0.000    0.000    0.000    0.000    0.000    0.000    0.000    0.000    0.000    0.000
18        0.000    0.000    0.000    0.000    0.000    0.000    0.000    0.000    0.000    0.000    0.000    0.000    0.000    0.000
19        0.000    0.000    0.000    0.000    0.000    0.000    0.000    0.000    0.000    0.000    0.000    0.000    0.000    0.000
20        0.000    0.000    0.000    0.000    0.000    0.000    0.000    0.000    0.000    0.000    0.000    0.000    0.000    0.000
21        0.000    0.000    0.000    0.000    0.000    0.000    0.000    0.000    0.000    0.000    0.000    0.000    0.000    0.000
22        0.000    0.000    0.000    0.000    0.000    0.000    0.000    0.000    0.000    0.000    0.000    0.000    0.000    0.000
23        0.000    0.000    0.000    0.000    0.000    0.000    0.000    0.000    0.000    0.000    0.000    0.000    0.000    0.000
24        0.000    0.000    0.000    0.000    0.000    0.000    0.000    0.000    0.000    0.000    0.000    0.000    0.000    0.000
25        0.000    0.000    0.000    0.000    0.000    0.000    0.000    0.000    0.000    0.000    0.000    0.000    0.000    0.000
26        0.000    0.000    0.000    0.000    0.000    0.000    0.000    0.000    0.000    0.000    0.000    0.000    0.000    0.000
27        0.000    0.000    0.000    0.000    0.000    0.000    0.000    0.000    0.000    0.000    0.000    0.000    0.000    0.000
28        0.000    0.000    0.000    0.000    0.000    0.000    0.000    0.000    0.000    0.000    0.000    0.000    0.000    0.000
29        0.000    0.000    0.000    0.000    0.000    0.000    0.000    0.000    0.000    0.000    0.000    0.000    0.000    0.000
30        0.000    0.000    0.000    0.000    0.000    0.000    0.000    0.000    0.000    0.000    0.000    0.000    0.000    0.000
31        0.000    0.000    0.000    0.000    0.000    0.000    0.000    0.000    0.000    0.000    0.000    0.000    0.000    0.000
32        0.000    0.000    0.000    0.000    0.000    0.000    0.000    0.000    0.000    0.000    0.000    0.000    0.000    0.000
33        0.000    0.000    0.000    0.000    0.000    0.000    0.000    0.000    0.000    0.000    0.000    0.000    0.000    0.000
34        0.000    0.000    0.000    0.000    0.000    0.000    0.000    0.000    0.000    0.000    0.000    0.000    0.000    0.000
35        0.000    0.000    0.000    0.000    0.000    0.000    0.000    0.000    0.000    0.000    0.000    0.000    0.000    0.000
36        0.000    0.000    0.000    0.000    0.000    0.000    0.000    0.000    0.000    0.000    0.000    0.000    0.000    0.000
37        0.000    0.000    0.000    0.000    0.000    0.000    0.000    0.000    0.000    0.000    0.000    0.000    0.000    0.000
38        0.000    0.000    0.000    0.000    0.000    0.000    0.000    0.000    0.000    0.000    0.000    0.000    0.000    0.000
39        0.000    0.000    0.000    0.000    0.000    0.000    0.000    0.000    0.000    0.000    0.000    0.000    0.000    0.000
40        0.000    0.000    0.000    0.000    0.000    0.000    0.000    0.000    0.000    0.000    0.000    0.000    0.000    0.000
41        0.000    0.000    0.000    0.000    0.000    0.000    0.000    0.000    0.000    0.000    0.000    0.000    0.000    0.000
42        0.000    0.000    0.000    0.000    0.000    0.000    0.000    0.000    0.000    0.000    0.000    0.000    0.000    0.000
43        0.000    0.000    0.000    0.000    0.000    0.000    0.000    0.000    0.000    0.000    0.000    0.000    0.000    0.000
44        0.000    0.000    0.000   64.000    0.000    0.000    0.000    0.000    0.000    0.000    0.000    0.000    0.000    0.000
45        0.000    0.000    0.000    0.000    0.000    0.000    0.000    0.000    0.000    0.000    0.000    0.000    0.000    0.000
46        0.000    0.000    0.000    0.000    0.000    0.000    0.000    0.000    0.000    0.000    0.000    0.000    0.000    0.000
47        0.000    0.000    0.000    0.000    0.000  102.000    0.000    0.000    0.000    0.000    0.000    0.000    0.000    0.000
48        0.000    0.000    0.000    0.000  112.000    0.000    0.000    0.000    0.000    0.000    0.000    0.000    0.000    0.000
49        0.000    0.000    0.000   68.000   45.333   22.667    0.000    0.000    0.000    0.000    0.000    0.000    0.000    0.000
50        0.000    0.000    0.000    0.000  161.000   23.000    0.000    0.000    0.000    0.000    0.000    0.000    0.000    0.000
51        0.000    0.000    0.000   43.600  152.600   21.800    0.000    0.000    0.000    0.000    0.000    0.000    0.000    0.000
52        0.000    0.000    0.000    0.000  209.263   74.737    0.000    0.000    0.000    0.000    0.000    0.000    0.000    0.000
53        0.000    0.000    0.000   40.485  212.545   70.848   10.121    0.000    0.000    0.000    0.000    0.000    0.000    0.000
54        0.000    0.000    0.000    9.073  235.902  117.951    9.073    0.000    0.000    0.000    0.000    0.000    0.000    0.000
55        0.000    0.000    0.000   49.032  134.839  171.613   24.516    0.000    0.000    0.000    0.000    0.000    0.000    0.000
56        0.000    0.000    0.000    9.333  186.667  186.667   37.333    0.000    0.000    0.000    0.000    0.000    0.000    0.000
57        0.000    0.000    0.000   32.000  170.667  234.667   21.333   21.333    0.000    0.000    0.000    0.000    0.000    0.000
58        0.000    0.000    0.000    0.000  115.500  288.750   46.200   11.550    0.000    0.000    0.000    0.000    0.000    0.000
59        0.000    0.000    0.000    0.000  125.129  243.306   55.613    6.952    0.000    0.000    0.000    0.000    0.000    0.000
60        0.000    0.000    0.000    0.000  103.333  351.333   41.333    0.000    0.000    0.000    0.000    0.000    0.000    0.000
61        0.000    0.000    0.000    0.000   74.667  308.000   93.333   18.667    9.333    0.000    0.000    0.000    0.000    0.000
62        0.000    0.000    0.000    0.000   33.075  319.725   55.125   33.075    0.000    0.000    0.000    0.000    0.000    0.000
63        0.000    0.000    0.000    0.000   30.923  216.462  134.000   20.615    0.000    0.000    0.000    0.000    0.000    0.000
64        0.000    0.000    0.000    0.000   28.575  257.175   57.150   38.100    0.000    0.000    0.000    0.000    0.000    0.000
65        0.000    0.000    0.000    0.000   19.333  154.667  135.333   67.667    0.000    0.000    0.000    0.000    0.000    0.000
66        0.000    0.000    0.000    0.000   26.818   53.636  147.500   53.636   13.409    0.000    0.000    0.000    0.000    0.000
67        0.000    0.000    0.000    0.000    6.951   83.415  145.976   48.659    0.000    0.000    0.000    0.000    0.000    0.000
68        0.000    0.000    0.000    0.000   12.300   86.100   98.400   49.200    0.000    0.000    0.000    0.000    0.000    0.000
69        0.000    0.000    0.000    0.000    0.000   72.316   84.368   72.316    0.000    0.000    0.000    0.000    0.000    0.000
70        0.000    0.000    0.000    0.000    0.000   30.714   61.429  122.857    0.000    0.000    0.000    0.000    0.000    0.000
71        0.000    0.000    0.000    0.000    0.000   36.600   54.900   91.500    0.000    0.000    0.000    0.000    0.000    0.000
72        0.000    0.000    0.000    0.000    0.000   33.556  100.667   16.778    0.000    0.000    0.000    0.000    0.000    0.000
73        0.000    0.000    0.000    0.000    0.000   15.000   90.000   45.000    0.000    0.000    0.000    0.000    0.000    0.000
74        0.000    0.000    0.000    0.000    0.000    0.000   61.800   41.200    0.000    0.000    0.000    0.000    0.000    0.000
75        0.000    0.000    0.000    0.000    0.000    0.000   60.625   36.375    0.000    0.000    0.000    0.000    0.000    0.000
76        0.000    0.000    0.000    0.000    0.000    0.000   52.571   26.286   13.143    0.000    0.000    0.000    0.000    0.000
77        0.000    0.000    0.000    0.000    0.000    0.000   17.000   51.000    0.000    0.000    0.000    0.000    0.000    0.000
78        0.000    0.000    0.000    0.000    0.000    0.000   17.667   17.667   17.667    0.000    0.000    0.000    0.000    0.000
79        0.000    0.000    0.000    0.000    0.000    0.000   15.333   30.667    0.000    0.000    0.000    0.000    0.000    0.000
80        0.000    0.000    0.000    0.000    0.000    0.000   55.000    0.000    0.000    0.000    0.000    0.000    0.000    0.000
81        0.000    0.000    0.000    0.000    0.000    0.000   10.600   31.800   10.600    0.000    0.000    0.000    0.000    0.000
82        0.000    0.000    0.000    0.000    0.000    0.000   16.333   16.333   16.333    0.000    0.000    0.000    0.000    0.000
83        0.000    0.000    0.000    0.000    0.000    0.000    0.000   26.000   26.000    0.000    0.000    0.000    0.000    0.000
84        0.000    0.000    0.000    0.000    0.000    0.000    0.000   43.000    0.000    0.000    0.000    0.000    0.000    0.000
85        0.000    0.000    0.000    0.000    0.000    0.000    0.000    0.000   42.000    0.000    0.000    0.000    0.000    0.000
86        0.000    0.000    0.000    0.000    0.000    0.000    0.000   18.500    0.000   18.500    0.000    0.000    0.000    0.000
87        0.000    0.000    0.000    0.000    0.000    0.000    0.000    0.000    0.000   57.000    0.000    0.000    0.000    0.000
88        0.000    0.000    0.000    0.000    0.000    0.000    0.000    0.000    0.000   41.000    0.000    0.000    0.000    0.000
89        0.000    0.000    0.000    0.000    0.000    0.000    0.000    0.000   14.333   14.333   14.333    0.000    0.000    0.000
90        0.000    0.000    0.000    0.000    0.000    0.000    0.000    0.000   57.000    0.000    0.000    0.000    0.000    0.000
91        0.000    0.000    0.000    0.000    0.000    0.000    0.000    0.000    0.000   20.000   10.000   10.000   10.000    0.000
92        0.000    0.000    0.000    0.000    0.000    0.000    0.000    0.000    0.000   55.000    0.000    0.000    0.000    0.000
93        0.000    0.000    0.000    0.000    0.000    0.000    0.000    0.000    0.000    0.000    0.000   45.000    0.000    0.000
94        0.000    0.000    0.000    0.000    0.000    0.000    0.000    0.000    0.000    0.000    0.000    0.000   40.000    0.000
95        0.000    0.000    0.000    0.000    0.000    0.000    0.000    0.000    0.000    0.000   13.000   13.000   26.000    0.000
96        0.000    0.000    0.000    0.000    0.000    0.000    0.000    0.000    0.000    0.000   28.000    0.000    0.000    0.000
97        0.000    0.000    0.000    0.000    0.000    0.000    0.000    0.000    0.000    0.000    0.000    0.000   28.000    0.000
98        0.000    0.000    0.000    0.000    0.000    0.000    0.000    0.000    0.000    0.000    0.000    0.000    0.000    0.000
99        0.000    0.000    0.000    0.000    0.000    0.000    0.000    0.000    0.000    0.000    0.000    0.000    0.000    0.000
100       0.000    0.000    0.000    0.000    0.000    0.000    0.000    0.000    0.000    0.000    0.000    0.000    0.000    0.000
101       0.000    0.000    0.000    0.000    0.000    0.000    0.000    0.000    0.000    0.000    0.000    0.000    0.000    0.000
102       0.000    0.000    0.000    0.000    0.000    0.000    0.000    0.000    0.000    0.000    0.000    0.000    0.000    0.000
103       0.000    0.000    0.000    0.000    0.000    0.000    0.000    0.000    0.000    0.000    0.000    0.000    0.000    0.000
104       0.000    0.000    0.000    0.000    0.000    0.000    0.000    0.000    0.000    0.000    0.000    0.000    0.000    0.000
105       0.000    0.000    0.000    0.000    0.000    0.000    0.000    0.000    0.000    0.000    0.000    0.000    0.000    0.000
106       0.000    0.000    0.000    0.000    0.000    0.000    0.000    0.000    0.000    0.000    0.000    0.000    0.000    0.000
107       0.000    0.000    0.000    0.000    0.000    0.000    0.000    0.000    0.000    0.000    0.000    0.000    0.000    0.000
108       0.000    0.000    0.000    0.000    0.000    0.000    0.000    0.000    0.000    0.000    0.000    0.000    0.000    0.000
109       0.000    0.000    0.000    0.000    0.000    0.000    0.000    0.000    0.000    0.000    0.000    0.000    1.000    0.000
110       0.000    0.000    0.000    0.000    0.000    0.000    0.000    0.000    0.000    0.000    0.000    0.000    0.000    0.000
111       0.000    0.000    0.000    0.000    0.000    0.000    0.000    0.000    0.000    0.000    0.000    0.000    0.000    0.000
112       0.000    0.000    0.000    0.000    0.000    0.000    0.000    0.000    0.000    0.000    0.000    0.000    0.000    0.000
113       0.000    0.000    0.000    0.000    0.000    0.000    0.000    0.000    0.000    0.000    0.000    0.000    0.000    0.000
114       0.000    0.000    0.000    0.000    0.000    0.000    0.000    0.000    0.000    0.000    0.000    0.000    0.000    0.000
115       0.000    0.000    0.000    0.000    0.000    0.000    0.000    0.000    0.000    0.000    0.000    0.000    0.000    0.000
116       0.000    0.000    0.000    0.000    0.000    0.000    0.000    0.000    0.000    0.000    0.000    0.000    0.000    0.000
117       0.000    0.000    0.000    0.000    0.000    0.000    0.000    0.000    0.000    0.000    0.000    0.000    0.000    0.000
118       0.000    0.000    0.000    0.000    0.000    0.000    0.000    0.000    0.000    0.000    0.000    0.000    0.000    0.000
119       0.000    0.000    0.000    0.000    0.000    0.000    0.000    0.000    0.000    0.000    0.000    0.000    0.000    0.000
120       0.000    0.000    0.000    0.000    0.000    0.000    0.000    0.000    0.000    0.000    0.000    0.000    0.000    0.000
121       0.000    0.000    0.000    0.000    0.000    0.000    0.000    0.000    0.000    0.000    0.000    0.000    0.000    0.000
122       0.000    0.000    0.000    0.000    0.000    0.000    0.000    0.000    0.000    0.000    0.000    0.000    0.000    0.000
123       0.000    0.000    0.000    0.000    0.000    0.000    0.000    0.000    0.000    0.000    0.000    0.000    0.000    0.000
124       0.000    0.000    0.000    0.000    0.000    0.000    0.000    0.000    0.000    0.000    0.000    0.000    0.000    0.000
125       0.000    0.000    0.000    0.000    0.000    0.000    0.000    0.000    0.000    0.000    0.000    0.000    0.000    0.000
126       0.000    0.000    0.000    0.000    0.000    0.000    0.000    0.000    0.000    0.000    0.000    0.000    0.000    0.000
127       0.000    0.000    0.000    0.000    0.000    0.000    0.000    0.000    0.000    0.000    0.000    0.000    0.000    0.000
128       0.000    0.000    0.000    0.000    0.000    0.000    0.000    0.000    0.000    0.000    0.000    0.000    0.000    0.000
129       0.000    0.000    0.000    0.000    0.000    0.000    0.000    0.000    0.000    0.000    0.000    0.000    0.000    0.000
130       0.000    0.000    0.000    0.000    0.000    0.000    0.000    0.000    0.000    0.000    0.000    0.000    0.000    0.000
131       0.000    0.000    0.000    0.000    0.000    0.000    0.000    0.000    0.000    0.000    0.000    0.000    0.000    0.000
132       0.000    0.000    0.000    0.000    0.000    0.000    0.000    0.000    0.000    0.000    0.000    0.000    0.000    0.000
133       0.000    0.000    0.000    0.000    0.000    0.000    0.000    0.000    0.000    0.000    0.000    0.000    0.000    0.000
134       0.000    0.000    0.000    0.000    0.000    0.000    0.000    0.000    0.000    0.000    0.000    0.000    0.000    0.000
135       0.000    0.000    0.000    0.000    0.000    0.000    0.000    0.000    0.000    0.000    0.000    0.000    0.000    0.000
136       0.000    0.000    0.000    0.000    0.000    0.000    0.000    0.000    0.000    0.000    0.000    0.000    0.000    0.000
137       0.000    0.000    0.000    0.000    0.000    0.000    0.000    0.000    0.000    0.000    0.000    0.000    0.000    0.000
138       0.000    0.000    0.000    0.000    0.000    0.000    0.000    0.000    0.000    0.000    0.000    0.000    0.000    0.000
139       0.000    0.000    0.000    0.000    0.000    0.000    0.000    0.000    0.000    0.000    0.000    0.000    0.000    0.000
140       0.000    0.000    0.000    0.000    0.000    0.000    0.000    0.000    0.000    0.000    0.000    0.000    0.000    0.000
141       0.000    0.000    0.000    0.000    0.000    0.000    0.000    0.000    0.000    0.000    0.000    0.000    0.000    0.000
142       0.000    0.000    0.000    0.000    0.000    0.000    0.000    0.000    0.000    0.000    0.000    0.000    0.000    0.000
143       0.000    0.000    0.000    0.000    0.000    0.000    0.000    0.000    0.000    0.000    0.000    0.000    0.000    0.000
144       0.000    0.000    0.000    0.000    0.000    0.000    0.000    0.000    0.000    0.000    0.000    0.000    0.000    0.000
145       0.000    0.000    0.000    0.000    0.000    0.000    0.000    0.000    0.000    0.000    0.000    0.000    0.000    0.000
146       0.000    0.000    0.000    0.000    0.000    0.000    0.000    0.000    0.000    0.000    0.000    0.000    0.000    0.000
147       0.000    0.000    0.000    0.000    0.000    0.000    0.000    0.000    0.000    0.000    0.000    0.000    0.000    0.000
148       0.000    0.000    0.000    0.000    0.000    0.000    0.000    0.000    0.000    0.000    0.000    0.000    0.000    0.000
149       0.000    0.000    0.000    0.000    0.000    0.000    0.000    0.000    0.000    0.000    0.000    0.000    0.000    0.000
150       0.000    0.000    0.000    0.000    0.000    0.000    0.000    0.000    0.000    0.000    0.000    0.000    0.000    0.000
Sum       0.000    0.000    0.000  315.524 2197.421 3576.704 1810.634 1056.732  219.819  205.833   65.333   68.000  105.000    0.000
mW        0.000    0.000    0.000    1.112    1.391    1.791    2.501    2.936    4.526    5.489    6.340    6.246    6.612    0.000
mL        0.000    0.000    0.000   50.860   55.002   60.006   67.251   71.106   82.705   88.980   93.523   93.088   94.905    0.000
pA        0.000    0.000    0.000    0.033    0.228    0.372    0.188    0.110    0.023    0.021    0.007    0.007    0.011    0.000
tot.mW 2194.117 2194.117 2194.117 2194.117 2194.117 2194.117 2194.117 2194.117 2194.117 2194.117 2194.117 2194.117 2194.117 2194.117
tot.mL   63.134   63.134   63.134   63.134   63.134   63.134   63.134   63.134   63.134   63.134   63.134   63.134   63.134   63.134
             14       15    Matad      Sum
1         0.000    0.000    0.000    0.000
2         0.000    0.000    0.000    0.000
3         0.000    0.000    0.000    0.000
4         0.000    0.000    0.000    0.000
5         0.000    0.000    0.000    0.000
6         0.000    0.000    0.000    0.000
7         0.000    0.000    0.000    0.000
8         0.000    0.000    0.000    0.000
9         0.000    0.000    0.000    0.000
10        0.000    0.000    0.000    0.000
11        0.000    0.000    0.000    0.000
12        0.000    0.000    0.000    0.000
13        0.000    0.000    0.000    0.000
14        0.000    0.000    0.000    0.000
15        0.000    0.000    0.000    0.000
16        0.000    0.000    0.000    0.000
17        0.000    0.000    0.000    0.000
18        0.000    0.000    0.000    0.000
19        0.000    0.000    0.000    0.000
20        0.000    0.000    0.000    0.000
21        0.000    0.000    0.000    0.000
22        0.000    0.000    0.000    0.000
23        0.000    0.000    0.000    0.000
24        0.000    0.000    0.000    0.000
25        0.000    0.000    0.000    0.000
26        0.000    0.000    0.000    0.000
27        0.000    0.000    0.000    0.000
28        0.000    0.000    0.000    0.000
29        0.000    0.000    0.000    0.000
30        0.000    0.000    0.000    0.000
31        0.000    0.000    0.000    0.000
32        0.000    0.000    0.000    0.000
33        0.000    0.000    0.000    0.000
34        0.000    0.000    0.000    0.000
35        0.000    0.000    0.000    0.000
36        0.000    0.000    0.000    0.000
37        0.000    0.000    0.000    0.000
38        0.000    0.000    0.000    0.000
39        0.000    0.000    0.000    0.000
40        0.000    0.000    5.000    0.000
41        0.000    0.000   15.000    0.000
42        0.000    0.000   18.000    0.000
43        0.000    0.000   51.000    0.000
44        0.000    0.000   64.000   64.000
45        0.000    0.000   84.000    0.000
46        0.000    0.000  103.000    0.000
47        0.000    0.000  102.000  102.000
48        0.000    0.000  112.000  112.000
49        0.000    0.000  136.000  136.000
50        0.000    0.000  184.000  184.000
51        0.000    0.000  218.000  218.000
52        0.000    0.000  284.000  284.000
53        0.000    0.000  334.000  334.000
54        0.000    0.000  372.000  372.000
55        0.000    0.000  380.000  380.000
56        0.000    0.000  420.000  420.000
57        0.000    0.000  480.000  480.000
58        0.000    0.000  462.000  462.000
59        0.000    0.000  431.000  431.000
60        0.000    0.000  496.000  496.000
61        0.000    0.000  504.000  504.000
62        0.000    0.000  441.000  441.000
63        0.000    0.000  402.000  402.000
64        0.000    0.000  381.000  381.000
65        0.000    0.000  377.000  377.000
66        0.000    0.000  295.000  295.000
67        0.000    0.000  285.000  285.000
68        0.000    0.000  246.000  246.000
69        0.000    0.000  229.000  229.000
70        0.000    0.000  215.000  215.000
71        0.000    0.000  183.000  183.000
72        0.000    0.000  151.000  151.000
73        0.000    0.000  150.000  150.000
74        0.000    0.000  103.000  103.000
75        0.000    0.000   97.000   97.000
76        0.000    0.000   92.000   92.000
77        0.000    0.000   68.000   68.000
78        0.000    0.000   53.000   53.000
79        0.000    0.000   46.000   46.000
80        0.000    0.000   55.000   55.000
81        0.000    0.000   53.000   53.000
82        0.000    0.000   49.000   49.000
83        0.000    0.000   52.000   52.000
84        0.000    0.000   43.000   43.000
85        0.000    0.000   42.000   42.000
86        0.000    0.000   37.000   37.000
87        0.000    0.000   57.000   57.000
88        0.000    0.000   41.000   41.000
89        0.000    0.000   43.000   43.000
90        0.000    0.000   57.000   57.000
91        0.000    0.000   50.000   50.000
92        0.000    0.000   55.000   55.000
93        0.000    0.000   45.000   45.000
94        0.000    0.000   40.000   40.000
95        0.000    0.000   52.000   52.000
96        0.000    0.000   28.000   28.000
97        0.000    0.000   28.000   28.000
98        0.000    0.000    9.000    0.000
99        0.000    0.000   11.000    0.000
100       0.000    0.000   13.000    0.000
101       0.000    0.000    3.000    0.000
102       0.000    0.000    3.000    0.000
103       0.000    0.000    6.000    0.000
104       0.000    0.000    2.000    0.000
105       0.000    0.000    5.000    0.000
106       0.000    0.000    2.000    0.000
107       0.000    0.000    2.000    0.000
108       0.000    0.000    0.000    0.000
109       0.000    0.000    1.000    1.000
110       0.000    0.000    1.000    0.000
111       0.000    0.000    0.000    0.000
112       1.000    0.000    1.000    1.000
113       0.000    0.000    0.000    0.000
114       0.000    0.000    0.000    0.000
115       0.000    0.000    0.000    0.000
116       0.000    0.000    1.000    0.000
117       0.000    0.000    0.000    0.000
118       0.000    0.000    0.000    0.000
119       0.000    0.000    0.000    0.000
120       0.000    0.000    0.000    0.000
121       0.000    0.000    0.000    0.000
122       0.000    0.000    0.000    0.000
123       0.000    0.000    0.000    0.000
124       0.000    0.000    0.000    0.000
125       0.000    0.000    0.000    0.000
126       0.000    0.000    0.000    0.000
127       0.000    0.000    0.000    0.000
128       0.000    0.000    0.000    0.000
129       0.000    0.000    0.000    0.000
130       0.000    0.000    0.000    0.000
131       0.000    0.000    0.000    0.000
132       0.000    0.000    0.000    0.000
133       0.000    0.000    0.000    0.000
134       0.000    0.000    0.000    0.000
135       0.000    0.000    0.000    0.000
136       0.000    0.000    0.000    0.000
137       0.000    0.000    0.000    0.000
138       0.000    0.000    0.000    0.000
139       0.000    0.000    0.000    0.000
140       0.000    0.000    0.000    0.000
141       0.000    0.000    0.000    0.000
142       0.000    0.000    0.000    0.000
143       0.000    0.000    0.000    0.000
144       0.000    0.000    0.000    0.000
145       0.000    0.000    0.000    0.000
146       0.000    0.000    0.000    0.000
147       0.000    0.000    0.000    0.000
148       0.000    0.000    0.000    0.000
149       0.000    0.000    0.000    0.000
150       0.000    0.000    0.000    0.000
Sum       1.000    0.000 9956.000 9622.000
mW       10.650    0.000    0.000    0.000
mL      112.000    0.000    0.000    0.000
pA        0.000    0.000    0.000    0.000
tot.mW 2194.117 2194.117 2194.117 2194.117
tot.mL   63.134   63.134   63.134   63.134

$ALD.j
              0        1        2        3        4        5        6        7        8        9       10       11       12       13
1         0.000    0.000    0.000    0.000    0.000    0.000    0.000    0.000    0.000    0.000    0.000    0.000    0.000    0.000
2         0.000    0.000    0.000    0.000    0.000    0.000    0.000    0.000    0.000    0.000    0.000    0.000    0.000    0.000
3         0.000    0.000    0.000    0.000    0.000    0.000    0.000    0.000    0.000    0.000    0.000    0.000    0.000    0.000
4         0.000    0.000    0.000    0.000    0.000    0.000    0.000    0.000    0.000    0.000    0.000    0.000    0.000    0.000
5         0.000    0.000    0.000    0.000    0.000    0.000    0.000    0.000    0.000    0.000    0.000    0.000    0.000    0.000
6         0.000    0.000    0.000    0.000    0.000    0.000    0.000    0.000    0.000    0.000    0.000    0.000    0.000    0.000
7         0.000    0.000    0.000    0.000    0.000    0.000    0.000    0.000    0.000    0.000    0.000    0.000    0.000    0.000
8         0.000    0.000    0.000    0.000    0.000    0.000    0.000    0.000    0.000    0.000    0.000    0.000    0.000    0.000
9         0.000    0.000    0.000    0.000    0.000    0.000    0.000    0.000    0.000    0.000    0.000    0.000    0.000    0.000
10        0.000    0.000    0.000    0.000    0.000    0.000    0.000    0.000    0.000    0.000    0.000    0.000    0.000    0.000
11        0.000    0.000    0.000    0.000    0.000    0.000    0.000    0.000    0.000    0.000    0.000    0.000    0.000    0.000
12        0.000    0.000    0.000    0.000    0.000    0.000    0.000    0.000    0.000    0.000    0.000    0.000    0.000    0.000
13        0.000    0.000    0.000    0.000    0.000    0.000    0.000    0.000    0.000    0.000    0.000    0.000    0.000    0.000
14        0.000    0.000    0.000    0.000    0.000    0.000    0.000    0.000    0.000    0.000    0.000    0.000    0.000    0.000
15        0.000    0.000    0.000    0.000    0.000    0.000    0.000    0.000    0.000    0.000    0.000    0.000    0.000    0.000
16        0.000    0.000    0.000    0.000    0.000    0.000    0.000    0.000    0.000    0.000    0.000    0.000    0.000    0.000
17        0.000    0.000    0.000    0.000    0.000    0.000    0.000    0.000    0.000    0.000    0.000    0.000    0.000    0.000
18        0.000    0.000    0.000    0.000    0.000    0.000    0.000    0.000    0.000    0.000    0.000    0.000    0.000    0.000
19        0.000    0.000    0.000    0.000    0.000    0.000    0.000    0.000    0.000    0.000    0.000    0.000    0.000    0.000
20        0.000    0.000    0.000    0.000    0.000    0.000    0.000    0.000    0.000    0.000    0.000    0.000    0.000    0.000
21        0.000    0.000    0.000    0.000    0.000    0.000    0.000    0.000    0.000    0.000    0.000    0.000    0.000    0.000
22        0.000    0.000    0.000    0.000    0.000    0.000    0.000    0.000    0.000    0.000    0.000    0.000    0.000    0.000
23        0.000    0.000    0.000    0.000    0.000    0.000    0.000    0.000    0.000    0.000    0.000    0.000    0.000    0.000
24        0.000    0.000    0.000    0.000    0.000    0.000    0.000    0.000    0.000    0.000    0.000    0.000    0.000    0.000
25        0.000    0.000    0.000    0.000    0.000    0.000    0.000    0.000    0.000    0.000    0.000    0.000    0.000    0.000
26        0.000    0.000    0.000    0.000    0.000    0.000    0.000    0.000    0.000    0.000    0.000    0.000    0.000    0.000
27        0.000    0.000    0.000    0.000    0.000    0.000    0.000    0.000    0.000    0.000    0.000    0.000    0.000    0.000
28        0.000    0.000    0.000    0.000    0.000    0.000    0.000    0.000    0.000    0.000    0.000    0.000    0.000    0.000
29        0.000    0.000    0.000    0.000    0.000    0.000    0.000    0.000    0.000    0.000    0.000    0.000    0.000    0.000
30        0.000    0.000    0.000    0.000    0.000    0.000    0.000    0.000    0.000    0.000    0.000    0.000    0.000    0.000
31        0.000    0.000    0.000    0.000    0.000    0.000    0.000    0.000    0.000    0.000    0.000    0.000    0.000    0.000
32        0.000    0.000    0.000    0.000    0.000    0.000    0.000    0.000    0.000    0.000    0.000    0.000    0.000    0.000
33        0.000    0.000    0.000    0.000    0.000    0.000    0.000    0.000    0.000    0.000    0.000    0.000    0.000    0.000
34        0.000    0.000    0.000    0.000    0.000    0.000    0.000    0.000    0.000    0.000    0.000    0.000    0.000    0.000
35        0.000    0.000    0.000    0.000    0.000    0.000    0.000    0.000    0.000    0.000    0.000    0.000    0.000    0.000
36        0.000    0.000    0.000    0.000    0.000    0.000    0.000    0.000    0.000    0.000    0.000    0.000    0.000    0.000
37        0.000    0.000    0.000    0.000    0.000    0.000    0.000    0.000    0.000    0.000    0.000    0.000    0.000    0.000
38        0.000    0.000    0.000    0.000    0.000    0.000    0.000    0.000    0.000    0.000    0.000    0.000    0.000    0.000
39        0.000    0.000    0.000    0.000    0.000    0.000    0.000    0.000    0.000    0.000    0.000    0.000    0.000    0.000
40        0.000    0.000    0.000    0.737    3.698    0.253    0.243    0.062    0.007    0.000    0.000    0.000    0.000    0.000
41        0.000    0.000    0.000    2.543   10.908    0.819    0.577    0.139    0.014    0.000    0.000    0.000    0.000    0.000
42        0.000    0.000    0.000    3.400   12.827    1.066    0.566    0.130    0.011    0.000    0.000    0.000    0.000    0.000
43        0.000    0.000    0.000   10.427   35.590    3.307    1.355    0.298    0.022    0.000    0.000    0.000    0.000    0.000
44        0.000    0.000    0.000   13.782   43.797    4.596    1.489    0.316    0.020    0.000    0.000    0.000    0.000    0.000
45        0.000    0.000    0.000   18.565   56.512    6.763    1.774    0.366    0.020    0.000    0.000    0.000    0.000    0.000
46        0.000    0.000    0.000   22.773   68.327    9.419    2.049    0.412    0.020    0.000    0.000    0.000    0.000    0.000
47        0.000    0.000    0.000   21.985   66.898   10.726    1.983    0.391    0.017    0.000    0.000    0.000    0.000    0.000
48        0.000    0.000    0.000   22.909   72.740   13.700    2.205    0.429    0.017    0.000    0.000    0.000    0.000    0.000
49        0.000    0.000    0.000   25.651   87.447   19.539    2.804    0.541    0.019    0.000    0.000    0.000    0.000    0.000
50        0.000    0.000    0.000   31.014  116.806   31.268    4.099    0.788    0.026    0.000    0.000    0.000    0.000    0.000
51        0.000    0.000    0.000   31.725  135.818   43.989    5.397    1.041    0.031    0.000    0.000    0.000    0.000    0.000
52        0.000    0.000    0.000   34.347  171.985   68.064    8.005    1.556    0.044    0.000    0.000    0.000    0.000    0.000
53        0.000    0.000    0.000   32.186  193.947   94.716   10.939    2.155    0.058    0.000    0.000    0.000    0.000    0.000
54        0.000    0.000    0.000   27.275  203.512  123.858   14.390    2.890    0.074    0.000    0.000    0.000    0.000    0.000
55        0.000    0.000    0.000   20.166  191.706  146.838   17.581    3.619    0.090    0.000    0.000    0.000    0.000    0.000
56        0.000    0.000    0.000   15.294  190.599  185.556   23.454    4.975    0.122    0.000    0.000    0.000    0.000    0.000
57        0.000    0.000    0.000   11.338  190.597  238.177   32.558    7.157    0.174    0.000    0.000    0.000    0.000    0.000
58        0.000    0.000    0.000    6.677  155.784  252.357   38.217    8.753    0.212    0.000    0.000    0.000    0.000    0.000
59        0.000    0.000    0.000    3.589  119.563  253.557   43.578   10.456    0.257    0.000    0.000    0.000    0.000    0.000
60        0.000    0.000    0.000    2.237  109.502  307.019   61.346   15.507    0.389    0.000    0.000    0.000    0.000    0.000
61        0.000    0.000    0.000    1.156   85.530  320.189   76.195   20.401    0.529    0.000    0.000    0.000    0.000    0.000
62        0.000    0.000    0.000    0.482   55.462  279.965   81.283   23.180    0.628    0.000    0.000    0.000    0.000    0.000
63        0.000    0.000    0.000    0.196   36.030  247.671   89.870   27.448    0.785    0.000    0.000    0.000    0.000    0.000
64        0.000    0.000    0.000    0.077   23.321  220.465  102.423   33.686    1.028    0.000    0.000    0.000    0.000    0.000
65        0.000    0.000    0.000    0.029   15.035  197.406  120.284   42.836    1.409    0.000    0.000    0.000    0.000    0.000
66        0.000    0.000    0.000    0.008    7.275  133.978  109.685   42.528    1.525    0.000    0.000    0.000    0.000    0.000
67        0.000    0.000    0.000    0.003    4.104  107.048  120.623   51.201    2.021    0.000    0.000    0.000    0.000    0.000
68        0.000    0.000    0.000    0.001    1.944   72.555  115.272   53.862    2.367    0.000    0.000    0.000    0.000    0.000
69        0.000    0.000    0.000    0.000    0.932   50.232  115.272   59.617    2.947    0.000    0.000    0.000    0.000    0.000
70        0.000    0.000    0.000    0.000    0.422   33.218  112.789   64.922    3.648    0.000    0.000    0.000    0.001    0.000
71        0.000    0.000    0.000    0.000    0.163   18.896   97.251   62.644    4.045    0.000    0.000    0.000    0.001    0.000
72        0.000    0.000    0.000    0.000    0.058    9.918   79.262   57.452    4.308    0.000    0.000    0.000    0.002    0.000
73        0.000    0.000    0.000    0.000    0.023    5.986   76.092   62.404    5.491    0.000    0.000    0.000    0.004    0.000
74        0.000    0.000    0.000    0.000    0.006    2.392   49.544   46.227    4.825    0.000    0.000    0.000    0.006    0.000
75        0.000    0.000    0.000    0.000    0.002    1.258   43.495   46.425    5.809    0.000    0.000    0.000    0.011    0.000
76        0.000    0.000    0.000    0.000    0.001    0.640   37.839   46.456    7.042    0.000    0.000    0.000    0.022    0.000
77        0.000    0.000    0.000    0.000    0.000    0.244   25.236   35.835    6.652    0.000    0.000    0.000    0.033    0.000
78        0.000    0.000    0.000    0.000    0.000    0.094   17.439   28.800    6.615    0.000    0.000    0.000    0.052    0.000
79        0.000    0.000    0.000    0.000    0.000    0.039   13.159   25.411    7.301    0.000    0.001    0.000    0.090    0.000
80        0.000    0.000    0.000    0.000    0.000    0.021   13.372   30.363   11.026    0.003    0.006    0.000    0.209    0.000
81        0.000    0.000    0.000    0.000    0.000    0.009   10.660   28.619   13.277    0.030    0.021    0.000    0.384    0.000
82        0.000    0.000    0.000    0.000    0.000    0.003    7.875   25.134   15.055    0.208    0.068    0.000    0.656    0.000
83        0.000    0.000    0.000    0.000    0.000    0.001    6.321   24.115   18.849    1.265    0.226    0.000    1.223    0.000
84        0.000    0.000    0.000    0.000    0.000    0.000    3.548   16.270   16.772    4.314    0.493    0.000    1.602    0.000
85        0.000    0.000    0.000    0.000    0.000    0.000    1.940   10.751   14.772   11.505    0.982    0.000    2.050    0.000
86        0.000    0.000    0.000    0.000    0.000    0.000    0.777    5.232    9.684   18.032    1.346    0.000    1.930    0.000
87        0.000    0.000    0.000    0.000    0.000    0.000    0.499    4.103   10.339   36.352    2.780    0.005    2.923    0.000
88        0.000    0.000    0.000    0.000    0.000    0.000    0.157    1.588    5.507   28.875    2.648    0.042    2.182    0.000
89        0.000    0.000    0.000    0.000    0.000    0.000    0.081    1.011    4.874   30.092    3.875    0.395    2.673    0.000
90        0.000    0.000    0.000    0.000    0.000    0.000    0.058    0.895    6.068   34.841    7.376    3.210    4.552    0.000
91        0.000    0.000    0.000    0.000    0.000    0.000    0.026    0.510    4.910   20.707    8.438   10.430    4.978    0.000
92        0.000    0.000    0.000    0.000    0.000    0.000    0.013    0.322    4.449   10.882    9.993   23.321    6.020    0.000
93        0.000    0.000    0.000    0.000    0.000    0.000    0.005    0.153    3.078    3.448    8.355   24.470    5.492    0.000
94        0.000    0.000    0.000    0.000    0.000    0.000    0.002    0.096    2.815    1.141    8.540   20.863    6.543    0.000
95        0.000    0.000    0.000    0.000    0.000    0.000    0.002    0.104    4.517    0.523   14.159   19.182   13.514    0.000
96        0.000    0.000    0.000    0.000    0.000    0.000    0.001    0.046    2.999    0.078    8.982    4.485   11.409    0.000
97        0.000    0.000    0.000    0.000    0.000    0.000    0.000    0.032    3.195    0.015    8.454    1.034   15.268    0.000
98        0.000    0.000    0.000    0.000    0.000    0.000    0.000    0.007    0.985    0.001    2.128    0.042    5.838    0.000
99        0.000    0.000    0.000    0.000    0.000    0.000    0.000    0.005    1.110    0.000    1.812    0.004    8.069    0.000
100       0.000    0.000    0.000    0.000    0.000    0.000    0.000    0.003    1.188    0.000    1.354    0.000   10.455    0.000
101       0.000    0.000    0.000    0.000    0.000    0.000    0.000    0.000    0.244    0.000    0.180    0.000    2.575    0.000
102       0.000    0.000    0.000    0.000    0.000    0.000    0.000    0.000    0.216    0.000    0.095    0.000    2.689    0.000
103       0.000    0.000    0.000    0.000    0.000    0.000    0.000    0.000    0.380    0.000    0.092    0.000    5.527    0.000
104       0.000    0.000    0.000    0.000    0.000    0.000    0.000    0.000    0.112    0.000    0.014    0.000    1.874    0.000
105       0.000    0.000    0.000    0.000    0.000    0.000    0.000    0.000    0.248    0.000    0.014    0.000    4.738    0.000
106       0.000    0.000    0.000    0.000    0.000    0.000    0.000    0.000    0.089    0.000    0.002    0.000    1.909    0.000
107       0.000    0.000    0.000    0.000    0.000    0.000    0.000    0.000    0.080    0.000    0.001    0.000    1.919    0.000
108       0.000    0.000    0.000    0.000    0.000    0.000    0.000    0.000    0.000    0.000    0.000    0.000    0.000    0.000
109       0.000    0.000    0.000    0.000    0.000    0.000    0.000    0.000    0.034    0.000    0.000    0.000    0.966    0.000
110       0.000    0.000    0.000    0.000    0.000    0.000    0.000    0.000    0.032    0.000    0.000    0.000    0.968    0.000
111       0.000    0.000    0.000    0.000    0.000    0.000    0.000    0.000    0.000    0.000    0.000    0.000    0.000    0.000
112       0.000    0.000    0.000    0.000    0.000    0.000    0.000    0.000    0.001    0.000    0.000    0.000    0.020    0.000
113       0.000    0.000    0.000    0.000    0.000    0.000    0.000    0.000    0.000    0.000    0.000    0.000    0.000    0.000
114       0.000    0.000    0.000    0.000    0.000    0.000    0.000    0.000    0.000    0.000    0.000    0.000    0.000    0.000
115       0.000    0.000    0.000    0.000    0.000    0.000    0.000    0.000    0.000    0.000    0.000    0.000    0.000    0.000
116       0.000    0.000    0.000    0.000    0.000    0.000    0.000    0.000    0.027    0.000    0.000    0.000    0.973    0.000
117       0.000    0.000    0.000    0.000    0.000    0.000    0.000    0.000    0.000    0.000    0.000    0.000    0.000    0.000
118       0.000    0.000    0.000    0.000    0.000    0.000    0.000    0.000    0.000    0.000    0.000    0.000    0.000    0.000
119       0.000    0.000    0.000    0.000    0.000    0.000    0.000    0.000    0.000    0.000    0.000    0.000    0.000    0.000
120       0.000    0.000    0.000    0.000    0.000    0.000    0.000    0.000    0.000    0.000    0.000    0.000    0.000    0.000
121       0.000    0.000    0.000    0.000    0.000    0.000    0.000    0.000    0.000    0.000    0.000    0.000    0.000    0.000
122       0.000    0.000    0.000    0.000    0.000    0.000    0.000    0.000    0.000    0.000    0.000    0.000    0.000    0.000
123       0.000    0.000    0.000    0.000    0.000    0.000    0.000    0.000    0.000    0.000    0.000    0.000    0.000    0.000
124       0.000    0.000    0.000    0.000    0.000    0.000    0.000    0.000    0.000    0.000    0.000    0.000    0.000    0.000
125       0.000    0.000    0.000    0.000    0.000    0.000    0.000    0.000    0.000    0.000    0.000    0.000    0.000    0.000
126       0.000    0.000    0.000    0.000    0.000    0.000    0.000    0.000    0.000    0.000    0.000    0.000    0.000    0.000
127       0.000    0.000    0.000    0.000    0.000    0.000    0.000    0.000    0.000    0.000    0.000    0.000    0.000    0.000
128       0.000    0.000    0.000    0.000    0.000    0.000    0.000    0.000    0.000    0.000    0.000    0.000    0.000    0.000
129       0.000    0.000    0.000    0.000    0.000    0.000    0.000    0.000    0.000    0.000    0.000    0.000    0.000    0.000
130       0.000    0.000    0.000    0.000    0.000    0.000    0.000    0.000    0.000    0.000    0.000    0.000    0.000    0.000
131       0.000    0.000    0.000    0.000    0.000    0.000    0.000    0.000    0.000    0.000    0.000    0.000    0.000    0.000
132       0.000    0.000    0.000    0.000    0.000    0.000    0.000    0.000    0.000    0.000    0.000    0.000    0.000    0.000
133       0.000    0.000    0.000    0.000    0.000    0.000    0.000    0.000    0.000    0.000    0.000    0.000    0.000    0.000
134       0.000    0.000    0.000    0.000    0.000    0.000    0.000    0.000    0.000    0.000    0.000    0.000    0.000    0.000
135       0.000    0.000    0.000    0.000    0.000    0.000    0.000    0.000    0.000    0.000    0.000    0.000    0.000    0.000
136       0.000    0.000    0.000    0.000    0.000    0.000    0.000    0.000    0.000    0.000    0.000    0.000    0.000    0.000
137       0.000    0.000    0.000    0.000    0.000    0.000    0.000    0.000    0.000    0.000    0.000    0.000    0.000    0.000
138       0.000    0.000    0.000    0.000    0.000    0.000    0.000    0.000    0.000    0.000    0.000    0.000    0.000    0.000
139       0.000    0.000    0.000    0.000    0.000    0.000    0.000    0.000    0.000    0.000    0.000    0.000    0.000    0.000
140       0.000    0.000    0.000    0.000    0.000    0.000    0.000    0.000    0.000    0.000    0.000    0.000    0.000    0.000
141       0.000    0.000    0.000    0.000    0.000    0.000    0.000    0.000    0.000    0.000    0.000    0.000    0.000    0.000
142       0.000    0.000    0.000    0.000    0.000    0.000    0.000    0.000    0.000    0.000    0.000    0.000    0.000    0.000
143       0.000    0.000    0.000    0.000    0.000    0.000    0.000    0.000    0.000    0.000    0.000    0.000    0.000    0.000
144       0.000    0.000    0.000    0.000    0.000    0.000    0.000    0.000    0.000    0.000    0.000    0.000    0.000    0.000
145       0.000    0.000    0.000    0.000    0.000    0.000    0.000    0.000    0.000    0.000    0.000    0.000    0.000    0.000
146       0.000    0.000    0.000    0.000    0.000    0.000    0.000    0.000    0.000    0.000    0.000    0.000    0.000    0.000
147       0.000    0.000    0.000    0.000    0.000    0.000    0.000    0.000    0.000    0.000    0.000    0.000    0.000    0.000
148       0.000    0.000    0.000    0.000    0.000    0.000    0.000    0.000    0.000    0.000    0.000    0.000    0.000    0.000
149       0.000    0.000    0.000    0.000    0.000    0.000    0.000    0.000    0.000    0.000    0.000    0.000    0.000    0.000
150       0.000    0.000    0.000    0.000    0.000    0.000    0.000    0.000    0.000    0.000    0.000    0.000    0.000    0.000
Sum       0.000    0.000    0.000  360.570 2468.869 3517.816 1802.960 1042.678  227.550  202.311   92.434  107.483  132.350    0.000
mW        0.000    0.000    0.000    1.087    1.327    1.796    2.447    2.969    4.457    5.405    6.275    6.270    6.930    0.000
mL        0.000    0.000    0.000   50.504   54.001   60.108   66.750   71.402   82.283   88.474   93.341   93.212   95.982    0.000
pA        0.000    0.000    0.000    0.036    0.248    0.353    0.181    0.105    0.023    0.020    0.009    0.011    0.013    0.000
tot.mW 2187.885 2187.885 2187.885 2187.885 2187.885 2187.885 2187.885 2187.885 2187.885 2187.885 2187.885 2187.885 2187.885 2187.885
tot.mL   62.841   62.841   62.841   62.841   62.841   62.841   62.841   62.841   62.841   62.841   62.841   62.841   62.841   62.841
             14       15    Matad      Sum
1         0.000    0.000    0.000    0.000
2         0.000    0.000    0.000    0.000
3         0.000    0.000    0.000    0.000
4         0.000    0.000    0.000    0.000
5         0.000    0.000    0.000    0.000
6         0.000    0.000    0.000    0.000
7         0.000    0.000    0.000    0.000
8         0.000    0.000    0.000    0.000
9         0.000    0.000    0.000    0.000
10        0.000    0.000    0.000    0.000
11        0.000    0.000    0.000    0.000
12        0.000    0.000    0.000    0.000
13        0.000    0.000    0.000    0.000
14        0.000    0.000    0.000    0.000
15        0.000    0.000    0.000    0.000
16        0.000    0.000    0.000    0.000
17        0.000    0.000    0.000    0.000
18        0.000    0.000    0.000    0.000
19        0.000    0.000    0.000    0.000
20        0.000    0.000    0.000    0.000
21        0.000    0.000    0.000    0.000
22        0.000    0.000    0.000    0.000
23        0.000    0.000    0.000    0.000
24        0.000    0.000    0.000    0.000
25        0.000    0.000    0.000    0.000
26        0.000    0.000    0.000    0.000
27        0.000    0.000    0.000    0.000
28        0.000    0.000    0.000    0.000
29        0.000    0.000    0.000    0.000
30        0.000    0.000    0.000    0.000
31        0.000    0.000    0.000    0.000
32        0.000    0.000    0.000    0.000
33        0.000    0.000    0.000    0.000
34        0.000    0.000    0.000    0.000
35        0.000    0.000    0.000    0.000
36        0.000    0.000    0.000    0.000
37        0.000    0.000    0.000    0.000
38        0.000    0.000    0.000    0.000
39        0.000    0.000    0.000    0.000
40        0.000    0.000    5.000    5.000
41        0.000    0.000   15.000   15.000
42        0.000    0.000   18.000   18.000
43        0.000    0.000   51.000   51.000
44        0.000    0.000   64.000   64.000
45        0.000    0.000   84.000   84.000
46        0.000    0.000  103.000  103.000
47        0.000    0.000  102.000  102.000
48        0.000    0.000  112.000  112.000
49        0.000    0.000  136.000  136.000
50        0.000    0.000  184.000  184.000
51        0.000    0.000  218.000  218.000
52        0.000    0.000  284.000  284.000
53        0.000    0.000  334.000  334.000
54        0.000    0.000  372.000  372.000
55        0.000    0.000  380.000  380.000
56        0.000    0.000  420.000  420.000
57        0.000    0.000  480.000  480.000
58        0.000    0.000  462.000  462.000
59        0.000    0.000  431.000  431.000
60        0.000    0.000  496.000  496.000
61        0.000    0.000  504.000  504.000
62        0.000    0.000  441.000  441.000
63        0.000    0.000  402.000  402.000
64        0.000    0.000  381.000  381.000
65        0.000    0.000  377.000  377.000
66        0.000    0.000  295.000  295.000
67        0.000    0.000  285.000  285.000
68        0.000    0.000  246.000  246.000
69        0.000    0.000  229.000  229.000
70        0.000    0.000  215.000  215.000
71        0.000    0.000  183.000  183.000
72        0.000    0.000  151.000  151.000
73        0.000    0.000  150.000  150.000
74        0.000    0.000  103.000  103.000
75        0.000    0.000   97.000   97.000
76        0.000    0.000   92.000   92.000
77        0.000    0.000   68.000   68.000
78        0.000    0.000   53.000   53.000
79        0.000    0.000   46.000   46.000
80        0.000    0.000   55.000   55.000
81        0.000    0.000   53.000   53.000
82        0.000    0.000   49.000   49.000
83        0.000    0.000   52.000   52.000
84        0.000    0.000   43.000   43.000
85        0.000    0.000   42.000   42.000
86        0.000    0.000   37.000   37.000
87        0.000    0.000   57.000   57.000
88        0.000    0.000   41.000   41.000
89        0.000    0.000   43.000   43.000
90        0.000    0.000   57.000   57.000
91        0.000    0.000   50.000   50.000
92        0.000    0.000   55.000   55.000
93        0.000    0.000   45.000   45.000
94        0.000    0.000   40.000   40.000
95        0.000    0.000   52.000   52.000
96        0.000    0.000   28.000   28.000
97        0.000    0.000   28.000   28.000
98        0.000    0.000    9.000    9.000
99        0.000    0.000   11.000   11.000
100       0.000    0.000   13.000   13.000
101       0.000    0.000    3.000    3.000
102       0.000    0.000    3.000    3.000
103       0.000    0.000    6.000    6.000
104       0.000    0.000    2.000    2.000
105       0.000    0.000    5.000    5.000
106       0.000    0.000    2.000    2.000
107       0.000    0.000    2.000    2.000
108       0.000    0.000    0.000    0.000
109       0.000    0.000    1.000    1.000
110       0.000    0.000    1.000    1.000
111       0.000    0.000    0.000    0.000
112       0.979    0.000    1.000    1.000
113       0.000    0.000    0.000    0.000
114       0.000    0.000    0.000    0.000
115       0.000    0.000    0.000    0.000
116       0.000    0.000    1.000    1.000
117       0.000    0.000    0.000    0.000
118       0.000    0.000    0.000    0.000
119       0.000    0.000    0.000    0.000
120       0.000    0.000    0.000    0.000
121       0.000    0.000    0.000    0.000
122       0.000    0.000    0.000    0.000
123       0.000    0.000    0.000    0.000
124       0.000    0.000    0.000    0.000
125       0.000    0.000    0.000    0.000
126       0.000    0.000    0.000    0.000
127       0.000    0.000    0.000    0.000
128       0.000    0.000    0.000    0.000
129       0.000    0.000    0.000    0.000
130       0.000    0.000    0.000    0.000
131       0.000    0.000    0.000    0.000
132       0.000    0.000    0.000    0.000
133       0.000    0.000    0.000    0.000
134       0.000    0.000    0.000    0.000
135       0.000    0.000    0.000    0.000
136       0.000    0.000    0.000    0.000
137       0.000    0.000    0.000    0.000
138       0.000    0.000    0.000    0.000
139       0.000    0.000    0.000    0.000
140       0.000    0.000    0.000    0.000
141       0.000    0.000    0.000    0.000
142       0.000    0.000    0.000    0.000
143       0.000    0.000    0.000    0.000
144       0.000    0.000    0.000    0.000
145       0.000    0.000    0.000    0.000
146       0.000    0.000    0.000    0.000
147       0.000    0.000    0.000    0.000
148       0.000    0.000    0.000    0.000
149       0.000    0.000    0.000    0.000
150       0.000    0.000    0.000    0.000
Sum       0.979    0.000 9956.000 9956.000
mW       10.650    0.000    0.000    0.000
mL          NaN    0.000    0.000    0.000
pA        0.000    0.000    0.000    0.000
tot.mW 2187.885 2187.885 2187.885 2187.885
tot.mL   62.841   62.841   62.841   62.841


 .... [TRUNCATED] 
>>>>>>>>>>>>>>>>>>>>>>>>>>>>>>>>>>>>>>>>>>>>>>>>>>>>>>>>>>>>>> 
 > Dato                :  Mon Dec  1 13:20:42 2014 
 > Slag                :  UP 
 > Ár                  :  2014 
 > Tiŵarskeiŵ          :  JAN-DEC 
 > Skipabólk/-ar       :  18 19 
 > Skipabólk/-ar (lán) :  0 
 > ICES-øki            :  VB1 
 <<<<<<<<<<<<<<<<<<<<<<<<<<<<<<<<<<<<<<<<<<<<<<<<<<<<<<<<<<<<<< 

$URSLITID
   aldur tal_matad tal_fiskad midal_longd midal_vekt roknad_veida
0      0         0          0        0.00      0.000            0
1      1         0          0        0.00      0.000            0
2      2         0          0        0.00      0.000            0
3      3       316          0       50.86      1.112            0
4      4      2197          0       55.00      1.391            0
5      5      3577          0       60.01      1.791            0
6      6      1811          0       67.25      2.501            0
7      7      1057          0       71.11      2.936            0
8      8       220          0       82.71      4.526            0
9      9       206          0       88.98      5.489            0
10    10        65          0       93.52      6.340            0
11    11        68          0       93.09      6.246            0
12    12       105          0       94.90      6.612            0
13    13         0          0        0.00      0.000            0
14    14         1          0      112.00     10.650            0
15    15         0          0        0.00      0.000            0
17   Sum      9623          0       63.13      2.194            0

$URSLITID.j
   aldur tal_matad tal_fiskad midal_longd midal_vekt roknad_veida
0      0         0          0        0.00      0.000            0
1      1         0          0        0.00      0.000            0
2      2         0          0        0.00      0.000            0
3      3       361          0       50.50      1.087            0
4      4      2469          0       54.00      1.327            0
5      5      3518          0       60.11      1.796            0
6      6      1803          0       66.75      2.447            0
7      7      1043          0       71.40      2.969            0
8      8       228          0       82.28      4.457            0
9      9       202          0       88.47      5.405            0
10    10        92          0       93.34      6.275            0
11    11       107          0       93.21      6.270            0
12    12       132          0       95.98      6.930            0
13    13         0          0        0.00      0.000            0
14    14         1          0        0.00     10.650            0
15    15         0          0        0.00      0.000            0
17   Sum      9956          0       62.84      2.188            0


 .... [TRUNCATED] 
