
 .... [TRUNCATED] 
<<<<<<<<<<<<<<<<<<<<<<<<<<<<<<<<<<<<<<<<<<<<<<<<<<<<<<<<<<<<<<<<<<<<<<<< 
 > Dato                                      :  Tue Dec  9 11:12:31 2014 
 > Slag                                      :  TO 
 > Ár                                        :  2014 
 > Skipabólk/-ar                             :  11 
 > Byrjanar og enda mánaŵ fyri ALK/ALD       :  JAN-DEC 
 > Skipabólk/-ar, sum longdir eru lántar frá :  0 
 > Skipabólk/-ar, sum vektir eru lántar frá  :  0 
 > Skipabólk/-ar, sum aldrar eru lántar frá  :  0 
 > ICES-øki                                  :  VB1 
 <<<<<<<<<<<<<<<<<<<<<<<<<<<<<<<<<<<<<<<<<<<<<<<<<<<<<<<<<<<<<<<<<<<<<<<<
 .... [TRUNCATED] 
>>>>>>>>>>>>>>>>>>>>>>>>>>>>>>>>>>>>> 
> Alpha	 = 0.01348827
> Beta	 = 2.911732
> R^2	 = 0.9664773
> N	 = 2055
> Veida (kg.)	  = 77777
> Rundveida (kg.) = 86332.47
<<<<<<<<<<<<<<<<<<<<<<<<<<<<<<<<<<<<<
 .... [TRUNCATED] 
>>>>>>>>>>>>>> 	 ALK-lykil 	 <<<<<<<<<<<<
 .... [TRUNCATED] 
$ALK
    longd 0 1 2 3 4 5 6 7 8 9 10 11 12 13 14 15 Sum Matad
1       1 0 0 0 0 0 0 0 0 0 0  0  0  0  0  0  0   0     0
2       2 0 0 0 0 0 0 0 0 0 0  0  0  0  0  0  0   0     0
3       3 0 0 0 0 0 0 0 0 0 0  0  0  0  0  0  0   0     0
4       4 0 0 0 0 0 0 0 0 0 0  0  0  0  0  0  0   0     0
5       5 0 0 0 0 0 0 0 0 0 0  0  0  0  0  0  0   0     0
6       6 0 0 0 0 0 0 0 0 0 0  0  0  0  0  0  0   0     0
7       7 0 0 0 0 0 0 0 0 0 0  0  0  0  0  0  0   0     0
8       8 0 0 0 0 0 0 0 0 0 0  0  0  0  0  0  0   0     0
9       9 0 0 0 0 0 0 0 0 0 0  0  0  0  0  0  0   0     0
10     10 0 0 0 0 0 0 0 0 0 0  0  0  0  0  0  0   0     0
11     11 0 0 0 0 0 0 0 0 0 0  0  0  0  0  0  0   0     0
12     12 0 0 0 0 0 0 0 0 0 0  0  0  0  0  0  0   0     0
13     13 0 0 0 0 0 0 0 0 0 0  0  0  0  0  0  0   0     0
14     14 0 0 0 0 0 0 0 0 0 0  0  0  0  0  0  0   0     0
15     15 0 0 0 0 0 0 0 0 0 0  0  0  0  0  0  0   0     0
16     16 0 0 0 0 0 0 0 0 0 0  0  0  0  0  0  0   0     0
17     17 0 0 0 0 0 0 0 0 0 0  0  0  0  0  0  0   0     0
18     18 0 0 0 0 0 0 0 0 0 0  0  0  0  0  0  0   0     0
19     19 0 0 0 0 0 0 0 0 0 0  0  0  0  0  0  0   0     0
20     20 0 0 0 0 0 0 0 0 0 0  0  0  0  0  0  0   0     0
21     21 0 0 0 0 0 0 0 0 0 0  0  0  0  0  0  0   0     0
22     22 0 0 0 0 0 0 0 0 0 0  0  0  0  0  0  0   0     0
23     23 0 0 0 0 0 0 0 0 0 0  0  0  0  0  0  0   0     0
24     24 0 0 0 0 0 0 0 0 0 0  0  0  0  0  0  0   0     0
25     25 0 0 0 0 0 0 0 0 0 0  0  0  0  0  0  0   0     0
26     26 0 0 0 0 0 0 0 0 0 0  0  0  0  0  0  0   0     0
27     27 0 0 0 0 0 0 0 0 0 0  0  0  0  0  0  0   0     0
28     28 0 0 0 0 0 0 0 0 0 0  0  0  0  0  0  0   0     0
29     29 0 0 0 0 0 0 0 0 0 0  0  0  0  0  0  0   0     0
30     30 0 0 0 0 0 0 0 0 0 0  0  0  0  0  0  0   0     0
31     31 0 0 0 0 0 0 0 0 0 0  0  0  0  0  0  0   0     0
32     32 0 0 0 0 0 0 0 0 0 0  0  0  0  0  0  0   0     0
33     33 0 0 0 0 0 0 0 0 0 0  0  0  0  0  0  0   0     0
34     34 0 0 0 0 0 0 0 0 0 0  0  0  0  0  0  0   0     0
35     35 0 0 0 0 0 0 0 0 0 0  0  0  0  0  0  0   0     0
36     36 0 0 0 0 0 0 0 0 0 0  0  0  0  0  0  0   0     1
37     37 0 0 0 0 0 0 0 0 0 0  0  0  0  0  0  0   0     0
38     38 0 0 0 0 0 0 0 0 0 0  0  0  0  0  0  0   0     1
39     39 0 0 0 0 0 0 0 0 0 0  0  0  0  0  0  0   0     2
40     40 0 0 0 0 0 0 0 0 0 0  0  0  0  0  0  0   0     4
41     41 0 0 1 0 0 0 0 0 0 0  0  0  0  0  0  0   1    11
42     42 0 0 0 0 0 0 0 0 0 0  0  0  0  0  0  0   0    12
43     43 0 0 1 0 0 0 0 0 0 0  0  0  0  0  0  0   1    15
44     44 0 0 0 0 0 0 0 0 0 0  0  0  0  0  0  0   0    13
45     45 0 0 1 0 0 0 0 0 0 0  0  0  0  0  0  0   1    13
46     46 0 0 1 0 0 0 0 0 0 0  0  0  0  0  0  0   1    17
47     47 0 0 0 0 0 0 0 0 0 0  0  0  0  0  0  0   0    21
48     48 0 0 1 0 0 0 0 0 0 0  0  0  0  0  0  0   1     9
49     49 0 0 0 0 0 0 0 0 0 0  0  0  0  0  0  0   0    13
50     50 0 0 0 0 0 0 0 0 0 0  0  0  0  0  0  0   0    17
51     51 0 0 0 2 0 2 0 0 0 0  0  0  0  0  0  0   4    28
52     52 0 0 1 0 1 0 1 0 0 0  0  0  0  0  0  0   3    24
53     53 0 0 0 2 0 0 0 0 0 0  0  0  0  0  0  0   2    35
54     54 0 0 0 3 0 0 0 0 0 0  0  0  0  0  0  0   3    40
55     55 0 0 0 7 1 0 1 0 0 0  0  0  0  0  0  0   9    50
56     56 0 0 0 3 0 1 0 0 0 0  0  0  0  0  0  0   4    41
57     57 0 0 0 5 4 2 0 0 0 0  0  0  0  0  0  0  11    66
58     58 0 0 1 4 2 2 0 0 0 0  0  0  0  0  0  0   9    64
59     59 0 0 0 2 1 1 0 1 0 0  0  0  0  0  0  0   5    63
60     60 0 0 0 3 2 3 0 0 0 0  0  0  0  0  0  0   8    72
61     61 0 0 0 2 1 1 1 0 0 0  0  0  0  0  0  0   5    50
62     62 0 0 0 1 3 2 1 0 0 0  0  0  0  0  0  0   7    69
63     63 0 0 0 0 4 2 0 0 0 0  0  0  0  0  0  0   6    79
64     64 0 0 0 1 3 2 0 0 0 0  0  0  0  0  0  0   6    66
65     65 0 0 0 0 0 4 2 0 0 0  0  0  0  0  0  0   6    87
66     66 0 0 0 0 0 3 2 0 0 0  0  0  0  0  0  0   5    90
67     67 0 0 0 0 1 5 3 0 0 0  0  0  0  0  0  0   9    67
68     68 0 0 0 0 2 7 3 0 0 0  0  0  0  0  0  0  12    70
69     69 0 0 0 0 0 2 2 0 0 0  0  0  0  0  0  0   4    53
70     70 0 0 0 0 1 1 5 0 0 0  0  0  0  0  0  0   7    59
71     71 0 0 0 0 1 1 2 0 0 0  0  0  0  0  0  0   4    67
72     72 0 0 0 0 1 2 0 0 0 0  0  0  0  0  0  0   3    55
73     73 0 0 0 0 0 1 1 0 0 0  0  0  0  0  0  0   2    62
74     74 0 0 0 0 1 1 1 0 0 0  0  0  0  0  0  0   3    64
75     75 0 0 0 0 0 3 0 0 0 0  0  0  0  0  0  0   3    48
76     76 0 0 0 0 0 0 0 1 0 0  0  0  0  0  0  0   1    43
77     77 0 0 0 0 0 2 1 0 0 0  0  0  0  0  0  0   3    69
78     78 0 0 0 0 0 2 0 0 0 0  0  0  0  0  0  0   2    32
79     79 0 0 0 0 0 0 1 0 0 0  0  0  0  0  0  0   1    36
80     80 0 0 0 0 0 1 2 1 0 0  0  0  0  0  0  0   4    34
81     81 0 0 0 0 0 0 1 1 0 0  0  0  0  0  0  0   2    31
82     82 0 0 0 0 0 0 2 0 0 0  0  0  0  0  0  0   2    35
83     83 0 0 0 0 0 1 0 1 0 0  0  0  0  0  0  0   2    31
84     84 0 0 0 0 0 0 1 0 0 0  0  0  0  0  0  0   1    26
85     85 0 0 0 0 0 0 2 0 0 0  0  0  0  0  0  0   2    16
86     86 0 0 0 0 0 0 1 1 0 0  0  0  0  0  0  0   2    15
87     87 0 0 0 0 0 0 0 0 1 0  1  0  0  0  0  0   2    11
88     88 0 0 0 0 0 1 0 2 0 0  0  0  0  0  0  0   3     8
89     89 0 0 0 0 0 0 0 0 0 0  0  0  0  0  0  0   0    12
90     90 0 0 0 0 0 0 1 0 0 0  0  0  0  0  0  0   1     1
91     91 0 0 0 0 0 0 0 0 0 0  0  0  0  0  0  0   0     5
92     92 0 0 0 0 0 0 0 1 0 0  0  0  0  0  0  0   1     3
93     93 0 0 0 0 0 0 0 0 0 0  0  0  0  0  0  0   0     1
94     94 0 0 0 0 0 0 0 0 0 0  0  0  0  0  0  0   0     1
95     95 0 0 0 0 0 0 0 2 0 0  0  0  0  0  0  0   2     2
96     96 0 0 0 0 0 0 0 1 0 0  0  0  0  0  0  0   1     4
97     97 0 0 0 0 0 0 0 0 0 0  0  0  0  0  0  0   0     2
98     98 0 0 0 0 0 0 0 0 0 0  0  0  0  0  0  0   0     1
99     99 0 0 0 0 0 0 0 1 0 0  0  0  0  0  0  0   1     4
100   100 0 0 0 0 0 0 0 1 0 0  0  0  0  0  0  0   1     5
101   101 0 0 0 0 0 0 0 0 0 0  0  0  0  0  0  0   0     1
102   102 0 0 0 0 0 0 0 0 0 0  0  0  0  0  0  0   0     0
103   103 0 0 0 0 0 0 0 0 0 0  0  0  0  0  0  0   0     0
104   104 0 0 0 0 0 0 0 0 0 0  0  0  0  0  0  0   0     2
105   105 0 0 0 0 0 0 0 0 0 0  0  0  0  0  0  0   0     1
106   106 0 0 0 0 0 0 0 0 0 0  0  0  0  0  0  0   0     1
107   107 0 0 0 0 0 0 0 0 0 0  0  0  0  0  0  0   0     0
108   108 0 0 0 0 0 0 0 0 0 0  0  0  0  0  0  0   0     0
109   109 0 0 0 0 0 0 0 0 0 0  0  0  0  0  0  0   0     1
110   110 0 0 0 0 0 0 0 0 0 0  0  0  0  0  0  0   0     0
111   111 0 0 0 0 0 0 0 0 0 0  0  0  0  0  0  0   0     0
112   112 0 0 0 0 0 0 0 0 0 0  0  0  0  0  0  0   0     1
113   113 0 0 0 0 0 0 0 0 0 0  0  0  0  0  0  0   0     1
114   114 0 0 0 0 0 0 0 0 0 0  0  0  0  0  0  0   0     1
115   115 0 0 0 0 0 0 0 0 0 0  0  0  0  0  0  0   0     0
116   116 0 0 0 0 0 0 0 0 0 0  0  0  0  0  0  0   0     0
117   117 0 0 0 0 0 0 0 0 0 0  0  0  0  0  0  0   0     0
118   118 0 0 0 0 0 0 0 0 0 0  0  0  0  0  0  0   0     0
119   119 0 0 0 0 0 0 0 0 0 0  0  0  0  0  0  0   0     0
120   120 0 0 0 0 0 0 0 0 0 0  0  0  0  0  0  0   0     0
121   121 0 0 0 0 0 0 0 0 0 0  0  0  0  0  0  0   0     0
122   122 0 0 0 0 0 0 0 0 0 0  0  0  0  0  0  0   0     0
123   123 0 0 0 0 0 0 0 0 0 0  0  0  0  0  0  0   0     0
124   124 0 0 0 0 0 0 0 0 0 0  0  0  0  0  0  0   0     0
125   125 0 0 0 0 0 0 0 0 0 0  0  0  0  0  0  0   0     0
126   126 0 0 0 0 0 0 0 0 0 0  0  0  0  0  0  0   0     0
127   127 0 0 0 0 0 0 0 0 0 0  0  0  0  0  0  0   0     0
128   128 0 0 0 0 0 0 0 0 0 0  0  0  0  0  0  0   0     0
129   129 0 0 0 0 0 0 0 0 0 0  0  0  0  0  0  0   0     0
130   130 0 0 0 0 0 0 0 0 0 0  0  0  0  0  0  0   0     0
131   131 0 0 0 0 0 0 0 0 0 0  0  0  0  0  0  0   0     0
132   132 0 0 0 0 0 0 0 0 0 0  0  0  0  0  0  0   0     0
133   133 0 0 0 0 0 0 0 0 0 0  0  0  0  0  0  0   0     0
134   134 0 0 0 0 0 0 0 0 0 0  0  0  0  0  0  0   0     0
135   135 0 0 0 0 0 0 0 0 0 0  0  0  0  0  0  0   0     0
136   136 0 0 0 0 0 0 0 0 0 0  0  0  0  0  0  0   0     0
137   137 0 0 0 0 0 0 0 0 0 0  0  0  0  0  0  0   0     0
138   138 0 0 0 0 0 0 0 0 0 0  0  0  0  0  0  0   0     0
139   139 0 0 0 0 0 0 0 0 0 0  0  0  0  0  0  0   0     0
140   140 0 0 0 0 0 0 0 0 0 0  0  0  0  0  0  0   0     0
141   141 0 0 0 0 0 0 0 0 0 0  0  0  0  0  0  0   0     0
142   142 0 0 0 0 0 0 0 0 0 0  0  0  0  0  0  0   0     0
143   143 0 0 0 0 0 0 0 0 0 0  0  0  0  0  0  0   0     0
144   144 0 0 0 0 0 0 0 0 0 0  0  0  0  0  0  0   0     0
145   145 0 0 0 0 0 0 0 0 0 0  0  0  0  0  0  0   0     0
146   146 0 0 0 0 0 0 0 0 0 0  0  0  0  0  0  0   0     0
147   147 0 0 0 0 0 0 0 0 0 0  0  0  0  0  0  0   0     0
148   148 0 0 0 0 0 0 0 0 0 0  0  0  0  0  0  0   0     0
149   149 0 0 0 0 0 0 0 0 0 0  0  0  0  0  0  0   0     0
150   150 0 0 0 0 0 0 0 0 0 0  0  0  0  0  0  0   0     0

$ALK.j
    longd 0 1     2     3     4     5     6     7 8 9 10 11 12 13 14 15   Sum Matad
1       1 0 0 0.000 0.000 0.000 0.000 0.000 0.000 0 0  0  0  0  0  0  0 0.000     0
2       2 0 0 0.000 0.000 0.000 0.000 0.000 0.000 0 0  0  0  0  0  0  0 0.000     0
3       3 0 0 0.000 0.000 0.000 0.000 0.000 0.000 0 0  0  0  0  0  0  0 0.000     0
4       4 0 0 0.000 0.000 0.000 0.000 0.000 0.000 0 0  0  0  0  0  0  0 0.000     0
5       5 0 0 0.000 0.000 0.000 0.000 0.000 0.000 0 0  0  0  0  0  0  0 0.000     0
6       6 0 0 0.000 0.000 0.000 0.000 0.000 0.000 0 0  0  0  0  0  0  0 0.000     0
7       7 0 0 0.000 0.000 0.000 0.000 0.000 0.000 0 0  0  0  0  0  0  0 0.000     0
8       8 0 0 0.000 0.000 0.000 0.000 0.000 0.000 0 0  0  0  0  0  0  0 0.000     0
9       9 0 0 0.000 0.000 0.000 0.000 0.000 0.000 0 0  0  0  0  0  0  0 0.000     0
10     10 0 0 0.000 0.000 0.000 0.000 0.000 0.000 0 0  0  0  0  0  0  0 0.000     0
11     11 0 0 0.000 0.000 0.000 0.000 0.000 0.000 0 0  0  0  0  0  0  0 0.000     0
12     12 0 0 0.000 0.000 0.000 0.000 0.000 0.000 0 0  0  0  0  0  0  0 0.000     0
13     13 0 0 0.000 0.000 0.000 0.000 0.000 0.000 0 0  0  0  0  0  0  0 0.000     0
14     14 0 0 0.000 0.000 0.000 0.000 0.000 0.000 0 0  0  0  0  0  0  0 0.000     0
15     15 0 0 0.000 0.000 0.000 0.000 0.000 0.000 0 0  0  0  0  0  0  0 0.000     0
16     16 0 0 0.000 0.000 0.000 0.000 0.000 0.000 0 0  0  0  0  0  0  0 0.000     0
17     17 0 0 0.000 0.000 0.000 0.000 0.000 0.000 0 0  0  0  0  0  0  0 0.000     0
18     18 0 0 0.000 0.000 0.000 0.000 0.000 0.000 0 0  0  0  0  0  0  0 0.000     0
19     19 0 0 0.000 0.000 0.000 0.000 0.000 0.000 0 0  0  0  0  0  0  0 0.000     0
20     20 0 0 0.000 0.000 0.000 0.000 0.000 0.000 0 0  0  0  0  0  0  0 0.000     0
21     21 0 0 0.000 0.000 0.000 0.000 0.000 0.000 0 0  0  0  0  0  0  0 0.000     0
22     22 0 0 0.000 0.000 0.000 0.000 0.000 0.000 0 0  0  0  0  0  0  0 0.000     0
23     23 0 0 0.000 0.000 0.000 0.000 0.000 0.000 0 0  0  0  0  0  0  0 0.000     0
24     24 0 0 0.000 0.000 0.000 0.000 0.000 0.000 0 0  0  0  0  0  0  0 0.000     0
25     25 0 0 0.000 0.000 0.000 0.000 0.000 0.000 0 0  0  0  0  0  0  0 0.000     0
26     26 0 0 0.000 0.000 0.000 0.000 0.000 0.000 0 0  0  0  0  0  0  0 0.000     0
27     27 0 0 0.001 0.000 0.000 0.000 0.000 0.000 0 0  0  0  0  0  0  0 0.001     0
28     28 0 0 0.002 0.000 0.000 0.000 0.000 0.000 0 0  0  0  0  0  0  0 0.002     0
29     29 0 0 0.003 0.000 0.000 0.000 0.000 0.000 0 0  0  0  0  0  0  0 0.003     0
30     30 0 0 0.005 0.000 0.000 0.000 0.000 0.000 0 0  0  0  0  0  0  0 0.005     0
31     31 0 0 0.008 0.000 0.000 0.000 0.000 0.000 0 0  0  0  0  0  0  0 0.008     0
32     32 0 0 0.013 0.000 0.000 0.000 0.000 0.000 0 0  0  0  0  0  0  0 0.013     0
33     33 0 0 0.020 0.000 0.000 0.000 0.000 0.000 0 0  0  0  0  0  0  0 0.021     0
34     34 0 0 0.031 0.000 0.000 0.000 0.000 0.000 0 0  0  0  0  0  0  0 0.031     0
35     35 0 0 0.046 0.000 0.000 0.000 0.000 0.000 0 0  0  0  0  0  0  0 0.046     0
36     36 0 0 0.066 0.000 0.000 0.001 0.000 0.000 0 0  0  0  0  0  0  0 0.067     1
37     37 0 0 0.091 0.000 0.000 0.001 0.001 0.000 0 0  0  0  0  0  0  0 0.093     0
38     38 0 0 0.123 0.000 0.000 0.002 0.001 0.000 0 0  0  0  0  0  0  0 0.126     1
39     39 0 0 0.162 0.000 0.000 0.003 0.001 0.000 0 0  0  0  0  0  0  0 0.166     2
40     40 0 0 0.205 0.000 0.000 0.004 0.002 0.000 0 0  0  0  0  0  0  0 0.212     4
41     41 0 0 0.253 0.000 0.001 0.007 0.003 0.000 0 0  0  0  0  0  0  0 0.264    11
42     42 0 0 0.304 0.000 0.001 0.011 0.004 0.000 0 0  0  0  0  0  0  0 0.320    12
43     43 0 0 0.353 0.000 0.003 0.017 0.007 0.000 0 0  0  0  0  0  0  0 0.379    15
44     44 0 0 0.398 0.001 0.005 0.025 0.010 0.000 0 0  0  0  0  0  0  0 0.440    13
45     45 0 0 0.437 0.002 0.010 0.038 0.014 0.000 0 0  0  0  0  0  0  0 0.501    13
46     46 0 0 0.464 0.007 0.019 0.056 0.020 0.000 0 0  0  0  0  0  0  0 0.566    17
47     47 0 0 0.479 0.023 0.032 0.080 0.027 0.001 0 0  0  0  0  0  0  0 0.643    21
48     48 0 0 0.480 0.066 0.055 0.114 0.038 0.001 0 0  0  0  0  0  0  0 0.753     9
49     49 0 0 0.467 0.164 0.090 0.158 0.052 0.001 0 0  0  0  0  0  0  0 0.933    13
50     50 0 0 0.441 0.369 0.142 0.217 0.069 0.002 0 0  0  0  0  0  0  0 1.240    17
51     51 0 0 0.404 0.741 0.216 0.291 0.092 0.002 0 0  0  0  0  0  0  0 1.746    28
52     52 0 0 0.360 1.330 0.318 0.384 0.121 0.003 0 0  0  0  0  0  0  0 2.515    24
53     53 0 0 0.311 2.135 0.451 0.498 0.156 0.004 0 0  0  0  0  0  0  0 3.555    35
54     54 0 0 0.260 3.065 0.618 0.635 0.199 0.005 0 0  0  0  0  0  0  0 4.783    40
55     55 0 0 0.212 3.937 0.817 0.794 0.251 0.007 0 0  0  0  0  0  0  0 6.019    50
56     56 0 0 0.167 4.523 1.044 0.976 0.312 0.009 0 0  0  0  0  0  0  0 7.032    41
57     57 0 0 0.128 4.647 1.287 1.179 0.383 0.012 0 0  0  0  0  0  0  0 7.637    66
58     58 0 0 0.096 4.271 1.532 1.399 0.464 0.015 0 0  0  0  0  0  0  0 7.776    64
59     59 0 0 0.069 3.510 1.761 1.631 0.554 0.019 0 0  0  0  0  0  0  0 7.544    63
60     60 0 0 0.048 2.581 1.954 1.867 0.653 0.024 0 0  0  0  0  0  0  0 7.127    72
61     61 0 0 0.033 1.697 2.092 2.100 0.761 0.030 0 0  0  0  0  0  0  0 6.713    50
62     62 0 0 0.022 0.998 2.163 2.320 0.874 0.038 0 0  0  0  0  0  0  0 6.414    69
63     63 0 0 0.014 0.525 2.159 2.518 0.991 0.046 0 0  0  0  0  0  0  0 6.253    79
64     64 0 0 0.009 0.247 2.081 2.685 1.108 0.056 0 0  0  0  0  0  0  0 6.186    66
65     65 0 0 0.005 0.104 1.936 2.813 1.224 0.068 0 0  0  0  0  0  0  0 6.149    87
66     66 0 0 0.003 0.039 1.739 2.895 1.334 0.081 0 0  0  0  0  0  0  0 6.090    90
67     67 0 0 0.002 0.013 1.507 2.926 1.434 0.096 0 0  0  0  0  0  0  0 5.979    67
68     68 0 0 0.001 0.004 1.262 2.906 1.523 0.113 0 0  0  0  0  0  0  0 5.808    70
69     69 0 0 0.001 0.001 1.020 2.835 1.595 0.132 0 0  0  0  0  0  0  0 5.583    53
70     70 0 0 0.000 0.000 0.795 2.717 1.649 0.153 0 0  0  0  0  0  0  0 5.314    59
71     71 0 0 0.000 0.000 0.599 2.558 1.682 0.175 0 0  0  0  0  0  0  0 5.015    67
72     72 0 0 0.000 0.000 0.436 2.366 1.694 0.199 0 0  0  0  0  0  0  0 4.695    55
73     73 0 0 0.000 0.000 0.306 2.149 1.684 0.225 0 0  0  0  0  0  0  0 4.364    62
74     74 0 0 0.000 0.000 0.207 1.918 1.651 0.252 0 0  0  0  0  0  0  0 4.029    64
75     75 0 0 0.000 0.000 0.136 1.682 1.598 0.280 0 0  0  0  0  0  0  0 3.696    48
76     76 0 0 0.000 0.000 0.086 1.449 1.527 0.308 0 0  0  0  0  0  0  0 3.369    43
77     77 0 0 0.000 0.000 0.052 1.226 1.439 0.336 0 0  0  0  0  0  0  0 3.054    69
78     78 0 0 0.000 0.000 0.031 1.019 1.339 0.364 0 0  0  0  0  0  0  0 2.753    32
79     79 0 0 0.000 0.000 0.017 0.832 1.230 0.391 0 0  0  0  0  0  0  0 2.470    36
80     80 0 0 0.000 0.000 0.010 0.667 1.115 0.416 0 0  0  0  0  0  0  0 2.208    34
81     81 0 0 0.000 0.000 0.005 0.526 0.997 0.439 0 0  0  0  0  0  0  0 1.967    31
82     82 0 0 0.000 0.000 0.003 0.407 0.880 0.460 0 0  0  0  0  0  0  0 1.750    35
83     83 0 0 0.000 0.000 0.001 0.310 0.767 0.478 0 0  0  0  0  0  0  0 1.555    31
84     84 0 0 0.000 0.000 0.001 0.231 0.659 0.492 0 0  0  0  0  0  0  0 1.383    26
85     85 0 0 0.000 0.000 0.000 0.170 0.559 0.502 0 0  0  0  0  0  0  0 1.231    16
86     86 0 0 0.000 0.000 0.000 0.122 0.468 0.508 0 0  0  0  0  0  0  0 1.099    15
87     87 0 0 0.000 0.000 0.000 0.087 0.387 0.511 1 0  1  0  0  0  0  0 2.984    11
88     88 0 0 0.000 0.000 0.000 0.060 0.316 0.508 0 0  0  0  0  0  0  0 0.884     8
89     89 0 0 0.000 0.000 0.000 0.041 0.254 0.502 0 0  0  0  0  0  0  0 0.797    12
90     90 0 0 0.000 0.000 0.000 0.028 0.202 0.492 0 0  0  0  0  0  0  0 0.721     1
91     91 0 0 0.000 0.000 0.000 0.018 0.158 0.478 0 0  0  0  0  0  0  0 0.654     5
92     92 0 0 0.000 0.000 0.000 0.012 0.122 0.460 0 0  0  0  0  0  0  0 0.594     3
93     93 0 0 0.000 0.000 0.000 0.008 0.093 0.439 0 0  0  0  0  0  0  0 0.540     1
94     94 0 0 0.000 0.000 0.000 0.005 0.070 0.416 0 0  0  0  0  0  0  0 0.491     1
95     95 0 0 0.000 0.000 0.000 0.003 0.052 0.391 0 0  0  0  0  0  0  0 0.446     2
96     96 0 0 0.000 0.000 0.000 0.002 0.038 0.364 0 0  0  0  0  0  0  0 0.404     4
97     97 0 0 0.000 0.000 0.000 0.001 0.028 0.336 0 0  0  0  0  0  0  0 0.365     2
98     98 0 0 0.000 0.000 0.000 0.001 0.020 0.308 0 0  0  0  0  0  0  0 0.328     1
99     99 0 0 0.000 0.000 0.000 0.000 0.014 0.280 0 0  0  0  0  0  0  0 0.294     4
100   100 0 0 0.000 0.000 0.000 0.000 0.010 0.252 0 0  0  0  0  0  0  0 0.262     5
101   101 0 0 0.000 0.000 0.000 0.000 0.007 0.225 0 0  0  0  0  0  0  0 0.232     1
102   102 0 0 0.000 0.000 0.000 0.000 0.005 0.199 0 0  0  0  0  0  0  0 0.204     0
103   103 0 0 0.000 0.000 0.000 0.000 0.003 0.175 0 0  0  0  0  0  0  0 0.178     0
104   104 0 0 0.000 0.000 0.000 0.000 0.002 0.153 0 0  0  0  0  0  0  0 0.155     2
105   105 0 0 0.000 0.000 0.000 0.000 0.001 0.132 0 0  0  0  0  0  0  0 0.133     1
106   106 0 0 0.000 0.000 0.000 0.000 0.001 0.113 0 0  0  0  0  0  0  0 0.114     1
107   107 0 0 0.000 0.000 0.000 0.000 0.001 0.096 0 0  0  0  0  0  0  0 0.097     0
108   108 0 0 0.000 0.000 0.000 0.000 0.000 0.081 0 0  0  0  0  0  0  0 0.081     0
109   109 0 0 0.000 0.000 0.000 0.000 0.000 0.068 0 0  0  0  0  0  0  0 0.068     1
110   110 0 0 0.000 0.000 0.000 0.000 0.000 0.056 0 0  0  0  0  0  0  0 0.056     0
111   111 0 0 0.000 0.000 0.000 0.000 0.000 0.046 0 0  0  0  0  0  0  0 0.046     0
112   112 0 0 0.000 0.000 0.000 0.000 0.000 0.038 0 0  0  0  0  0  0  0 0.038     1
113   113 0 0 0.000 0.000 0.000 0.000 0.000 0.030 0 0  0  0  0  0  0  0 0.030     1
114   114 0 0 0.000 0.000 0.000 0.000 0.000 0.024 0 0  0  0  0  0  0  0 0.024     1
115   115 0 0 0.000 0.000 0.000 0.000 0.000 0.019 0 0  0  0  0  0  0  0 0.019     0
116   116 0 0 0.000 0.000 0.000 0.000 0.000 0.015 0 0  0  0  0  0  0  0 0.015     0
117   117 0 0 0.000 0.000 0.000 0.000 0.000 0.012 0 0  0  0  0  0  0  0 0.012     0
118   118 0 0 0.000 0.000 0.000 0.000 0.000 0.009 0 0  0  0  0  0  0  0 0.009     0
119   119 0 0 0.000 0.000 0.000 0.000 0.000 0.007 0 0  0  0  0  0  0  0 0.007     0
120   120 0 0 0.000 0.000 0.000 0.000 0.000 0.005 0 0  0  0  0  0  0  0 0.005     0
121   121 0 0 0.000 0.000 0.000 0.000 0.000 0.004 0 0  0  0  0  0  0  0 0.004     0
122   122 0 0 0.000 0.000 0.000 0.000 0.000 0.003 0 0  0  0  0  0  0  0 0.003     0
123   123 0 0 0.000 0.000 0.000 0.000 0.000 0.002 0 0  0  0  0  0  0  0 0.002     0
124   124 0 0 0.000 0.000 0.000 0.000 0.000 0.002 0 0  0  0  0  0  0  0 0.002     0
125   125 0 0 0.000 0.000 0.000 0.000 0.000 0.001 0 0  0  0  0  0  0  0 0.001     0
126   126 0 0 0.000 0.000 0.000 0.000 0.000 0.001 0 0  0  0  0  0  0  0 0.001     0
127   127 0 0 0.000 0.000 0.000 0.000 0.000 0.001 0 0  0  0  0  0  0  0 0.001     0
128   128 0 0 0.000 0.000 0.000 0.000 0.000 0.000 0 0  0  0  0  0  0  0 0.000     0
129   129 0 0 0.000 0.000 0.000 0.000 0.000 0.000 0 0  0  0  0  0  0  0 0.000     0
130   130 0 0 0.000 0.000 0.000 0.000 0.000 0.000 0 0  0  0  0  0  0  0 0.000     0
131   131 0 0 0.000 0.000 0.000 0.000 0.000 0.000 0 0  0  0  0  0  0  0 0.000     0
132   132 0 0 0.000 0.000 0.000 0.000 0.000 0.000 0 0  0  0  0  0  0  0 0.000     0
133   133 0 0 0.000 0.000 0.000 0.000 0.000 0.000 0 0  0  0  0  0  0  0 0.000     0
134   134 0 0 0.000 0.000 0.000 0.000 0.000 0.000 0 0  0  0  0  0  0  0 0.000     0
135   135 0 0 0.000 0.000 0.000 0.000 0.000 0.000 0 0  0  0  0  0  0  0 0.000     0
136   136 0 0 0.000 0.000 0.000 0.000 0.000 0.000 0 0  0  0  0  0  0  0 0.000     0
137   137 0 0 0.000 0.000 0.000 0.000 0.000 0.000 0 0  0  0  0  0  0  0 0.000     0
138   138 0 0 0.000 0.000 0.000 0.000 0.000 0.000 0 0  0  0  0  0  0  0 0.000     0
139   139 0 0 0.000 0.000 0.000 0.000 0.000 0.000 0 0  0  0  0  0  0  0 0.000     0
140   140 0 0 0.000 0.000 0.000 0.000 0.000 0.000 0 0  0  0  0  0  0  0 0.000     0
141   141 0 0 0.000 0.000 0.000 0.000 0.000 0.000 0 0  0  0  0  0  0  0 0.000     0
142   142 0 0 0.000 0.000 0.000 0.000 0.000 0.000 0 0  0  0  0  0  0  0 0.000     0
143   143 0 0 0.000 0.000 0.000 0.000 0.000 0.000 0 0  0  0  0  0  0  0 0.000     0
144   144 0 0 0.000 0.000 0.000 0.000 0.000 0.000 0 0  0  0  0  0  0  0 0.000     0
145   145 0 0 0.000 0.000 0.000 0.000 0.000 0.000 0 0  0  0  0  0  0  0 0.000     0
146   146 0 0 0.000 0.000 0.000 0.000 0.000 0.000 0 0  0  0  0  0  0  0 0.000     0
147   147 0 0 0.000 0.000 0.000 0.000 0.000 0.000 0 0  0  0  0  0  0  0 0.000     0
148   148 0 0 0.000 0.000 0.000 0.000 0.000 0.000 0 0  0  0  0  0  0  0 0.000     0
149   149 0 0 0.000 0.000 0.000 0.000 0.000 0.000 0 0  0  0  0  0  0  0 0.000     0
150   150 0 0 0.000 0.000 0.000 0.000 0.000 0.000 0 0  0  0  0  0  0  0 0.000     0


 .... [TRUNCATED] 
>>>>>>>>>>>>>> 	 ALD-lykil 	 <<<<<<<<<<<<
 .... [TRUNCATED] 
$ALD
              0        1        2        3        4        5        6        7        8        9       10       11       12       13       14       15
1         0.000    0.000    0.000    0.000    0.000    0.000    0.000    0.000    0.000    0.000    0.000    0.000    0.000    0.000    0.000    0.000
2         0.000    0.000    0.000    0.000    0.000    0.000    0.000    0.000    0.000    0.000    0.000    0.000    0.000    0.000    0.000    0.000
3         0.000    0.000    0.000    0.000    0.000    0.000    0.000    0.000    0.000    0.000    0.000    0.000    0.000    0.000    0.000    0.000
4         0.000    0.000    0.000    0.000    0.000    0.000    0.000    0.000    0.000    0.000    0.000    0.000    0.000    0.000    0.000    0.000
5         0.000    0.000    0.000    0.000    0.000    0.000    0.000    0.000    0.000    0.000    0.000    0.000    0.000    0.000    0.000    0.000
6         0.000    0.000    0.000    0.000    0.000    0.000    0.000    0.000    0.000    0.000    0.000    0.000    0.000    0.000    0.000    0.000
7         0.000    0.000    0.000    0.000    0.000    0.000    0.000    0.000    0.000    0.000    0.000    0.000    0.000    0.000    0.000    0.000
8         0.000    0.000    0.000    0.000    0.000    0.000    0.000    0.000    0.000    0.000    0.000    0.000    0.000    0.000    0.000    0.000
9         0.000    0.000    0.000    0.000    0.000    0.000    0.000    0.000    0.000    0.000    0.000    0.000    0.000    0.000    0.000    0.000
10        0.000    0.000    0.000    0.000    0.000    0.000    0.000    0.000    0.000    0.000    0.000    0.000    0.000    0.000    0.000    0.000
11        0.000    0.000    0.000    0.000    0.000    0.000    0.000    0.000    0.000    0.000    0.000    0.000    0.000    0.000    0.000    0.000
12        0.000    0.000    0.000    0.000    0.000    0.000    0.000    0.000    0.000    0.000    0.000    0.000    0.000    0.000    0.000    0.000
13        0.000    0.000    0.000    0.000    0.000    0.000    0.000    0.000    0.000    0.000    0.000    0.000    0.000    0.000    0.000    0.000
14        0.000    0.000    0.000    0.000    0.000    0.000    0.000    0.000    0.000    0.000    0.000    0.000    0.000    0.000    0.000    0.000
15        0.000    0.000    0.000    0.000    0.000    0.000    0.000    0.000    0.000    0.000    0.000    0.000    0.000    0.000    0.000    0.000
16        0.000    0.000    0.000    0.000    0.000    0.000    0.000    0.000    0.000    0.000    0.000    0.000    0.000    0.000    0.000    0.000
17        0.000    0.000    0.000    0.000    0.000    0.000    0.000    0.000    0.000    0.000    0.000    0.000    0.000    0.000    0.000    0.000
18        0.000    0.000    0.000    0.000    0.000    0.000    0.000    0.000    0.000    0.000    0.000    0.000    0.000    0.000    0.000    0.000
19        0.000    0.000    0.000    0.000    0.000    0.000    0.000    0.000    0.000    0.000    0.000    0.000    0.000    0.000    0.000    0.000
20        0.000    0.000    0.000    0.000    0.000    0.000    0.000    0.000    0.000    0.000    0.000    0.000    0.000    0.000    0.000    0.000
21        0.000    0.000    0.000    0.000    0.000    0.000    0.000    0.000    0.000    0.000    0.000    0.000    0.000    0.000    0.000    0.000
22        0.000    0.000    0.000    0.000    0.000    0.000    0.000    0.000    0.000    0.000    0.000    0.000    0.000    0.000    0.000    0.000
23        0.000    0.000    0.000    0.000    0.000    0.000    0.000    0.000    0.000    0.000    0.000    0.000    0.000    0.000    0.000    0.000
24        0.000    0.000    0.000    0.000    0.000    0.000    0.000    0.000    0.000    0.000    0.000    0.000    0.000    0.000    0.000    0.000
25        0.000    0.000    0.000    0.000    0.000    0.000    0.000    0.000    0.000    0.000    0.000    0.000    0.000    0.000    0.000    0.000
26        0.000    0.000    0.000    0.000    0.000    0.000    0.000    0.000    0.000    0.000    0.000    0.000    0.000    0.000    0.000    0.000
27        0.000    0.000    0.000    0.000    0.000    0.000    0.000    0.000    0.000    0.000    0.000    0.000    0.000    0.000    0.000    0.000
28        0.000    0.000    0.000    0.000    0.000    0.000    0.000    0.000    0.000    0.000    0.000    0.000    0.000    0.000    0.000    0.000
29        0.000    0.000    0.000    0.000    0.000    0.000    0.000    0.000    0.000    0.000    0.000    0.000    0.000    0.000    0.000    0.000
30        0.000    0.000    0.000    0.000    0.000    0.000    0.000    0.000    0.000    0.000    0.000    0.000    0.000    0.000    0.000    0.000
31        0.000    0.000    0.000    0.000    0.000    0.000    0.000    0.000    0.000    0.000    0.000    0.000    0.000    0.000    0.000    0.000
32        0.000    0.000    0.000    0.000    0.000    0.000    0.000    0.000    0.000    0.000    0.000    0.000    0.000    0.000    0.000    0.000
33        0.000    0.000    0.000    0.000    0.000    0.000    0.000    0.000    0.000    0.000    0.000    0.000    0.000    0.000    0.000    0.000
34        0.000    0.000    0.000    0.000    0.000    0.000    0.000    0.000    0.000    0.000    0.000    0.000    0.000    0.000    0.000    0.000
35        0.000    0.000    0.000    0.000    0.000    0.000    0.000    0.000    0.000    0.000    0.000    0.000    0.000    0.000    0.000    0.000
36        0.000    0.000    0.000    0.000    0.000    0.000    0.000    0.000    0.000    0.000    0.000    0.000    0.000    0.000    0.000    0.000
37        0.000    0.000    0.000    0.000    0.000    0.000    0.000    0.000    0.000    0.000    0.000    0.000    0.000    0.000    0.000    0.000
38        0.000    0.000    0.000    0.000    0.000    0.000    0.000    0.000    0.000    0.000    0.000    0.000    0.000    0.000    0.000    0.000
39        0.000    0.000    0.000    0.000    0.000    0.000    0.000    0.000    0.000    0.000    0.000    0.000    0.000    0.000    0.000    0.000
40        0.000    0.000    0.000    0.000    0.000    0.000    0.000    0.000    0.000    0.000    0.000    0.000    0.000    0.000    0.000    0.000
41        0.000    0.000   11.000    0.000    0.000    0.000    0.000    0.000    0.000    0.000    0.000    0.000    0.000    0.000    0.000    0.000
42        0.000    0.000    0.000    0.000    0.000    0.000    0.000    0.000    0.000    0.000    0.000    0.000    0.000    0.000    0.000    0.000
43        0.000    0.000   15.000    0.000    0.000    0.000    0.000    0.000    0.000    0.000    0.000    0.000    0.000    0.000    0.000    0.000
44        0.000    0.000    0.000    0.000    0.000    0.000    0.000    0.000    0.000    0.000    0.000    0.000    0.000    0.000    0.000    0.000
45        0.000    0.000   13.000    0.000    0.000    0.000    0.000    0.000    0.000    0.000    0.000    0.000    0.000    0.000    0.000    0.000
46        0.000    0.000   17.000    0.000    0.000    0.000    0.000    0.000    0.000    0.000    0.000    0.000    0.000    0.000    0.000    0.000
47        0.000    0.000    0.000    0.000    0.000    0.000    0.000    0.000    0.000    0.000    0.000    0.000    0.000    0.000    0.000    0.000
48        0.000    0.000    9.000    0.000    0.000    0.000    0.000    0.000    0.000    0.000    0.000    0.000    0.000    0.000    0.000    0.000
49        0.000    0.000    0.000    0.000    0.000    0.000    0.000    0.000    0.000    0.000    0.000    0.000    0.000    0.000    0.000    0.000
50        0.000    0.000    0.000    0.000    0.000    0.000    0.000    0.000    0.000    0.000    0.000    0.000    0.000    0.000    0.000    0.000
51        0.000    0.000    0.000   14.000    0.000   14.000    0.000    0.000    0.000    0.000    0.000    0.000    0.000    0.000    0.000    0.000
52        0.000    0.000    8.000    0.000    8.000    0.000    8.000    0.000    0.000    0.000    0.000    0.000    0.000    0.000    0.000    0.000
53        0.000    0.000    0.000   35.000    0.000    0.000    0.000    0.000    0.000    0.000    0.000    0.000    0.000    0.000    0.000    0.000
54        0.000    0.000    0.000   40.000    0.000    0.000    0.000    0.000    0.000    0.000    0.000    0.000    0.000    0.000    0.000    0.000
55        0.000    0.000    0.000   38.889    5.556    0.000    5.556    0.000    0.000    0.000    0.000    0.000    0.000    0.000    0.000    0.000
56        0.000    0.000    0.000   30.750    0.000   10.250    0.000    0.000    0.000    0.000    0.000    0.000    0.000    0.000    0.000    0.000
57        0.000    0.000    0.000   30.000   24.000   12.000    0.000    0.000    0.000    0.000    0.000    0.000    0.000    0.000    0.000    0.000
58        0.000    0.000    7.111   28.444   14.222   14.222    0.000    0.000    0.000    0.000    0.000    0.000    0.000    0.000    0.000    0.000
59        0.000    0.000    0.000   25.200   12.600   12.600    0.000   12.600    0.000    0.000    0.000    0.000    0.000    0.000    0.000    0.000
60        0.000    0.000    0.000   27.000   18.000   27.000    0.000    0.000    0.000    0.000    0.000    0.000    0.000    0.000    0.000    0.000
61        0.000    0.000    0.000   20.000   10.000   10.000   10.000    0.000    0.000    0.000    0.000    0.000    0.000    0.000    0.000    0.000
62        0.000    0.000    0.000    9.857   29.571   19.714    9.857    0.000    0.000    0.000    0.000    0.000    0.000    0.000    0.000    0.000
63        0.000    0.000    0.000    0.000   52.667   26.333    0.000    0.000    0.000    0.000    0.000    0.000    0.000    0.000    0.000    0.000
64        0.000    0.000    0.000   11.000   33.000   22.000    0.000    0.000    0.000    0.000    0.000    0.000    0.000    0.000    0.000    0.000
65        0.000    0.000    0.000    0.000    0.000   58.000   29.000    0.000    0.000    0.000    0.000    0.000    0.000    0.000    0.000    0.000
66        0.000    0.000    0.000    0.000    0.000   54.000   36.000    0.000    0.000    0.000    0.000    0.000    0.000    0.000    0.000    0.000
67        0.000    0.000    0.000    0.000    7.444   37.222   22.333    0.000    0.000    0.000    0.000    0.000    0.000    0.000    0.000    0.000
68        0.000    0.000    0.000    0.000   11.667   40.833   17.500    0.000    0.000    0.000    0.000    0.000    0.000    0.000    0.000    0.000
69        0.000    0.000    0.000    0.000    0.000   26.500   26.500    0.000    0.000    0.000    0.000    0.000    0.000    0.000    0.000    0.000
70        0.000    0.000    0.000    0.000    8.429    8.429   42.143    0.000    0.000    0.000    0.000    0.000    0.000    0.000    0.000    0.000
71        0.000    0.000    0.000    0.000   16.750   16.750   33.500    0.000    0.000    0.000    0.000    0.000    0.000    0.000    0.000    0.000
72        0.000    0.000    0.000    0.000   18.333   36.667    0.000    0.000    0.000    0.000    0.000    0.000    0.000    0.000    0.000    0.000
73        0.000    0.000    0.000    0.000    0.000   31.000   31.000    0.000    0.000    0.000    0.000    0.000    0.000    0.000    0.000    0.000
74        0.000    0.000    0.000    0.000   21.333   21.333   21.333    0.000    0.000    0.000    0.000    0.000    0.000    0.000    0.000    0.000
75        0.000    0.000    0.000    0.000    0.000   48.000    0.000    0.000    0.000    0.000    0.000    0.000    0.000    0.000    0.000    0.000
76        0.000    0.000    0.000    0.000    0.000    0.000    0.000   43.000    0.000    0.000    0.000    0.000    0.000    0.000    0.000    0.000
77        0.000    0.000    0.000    0.000    0.000   46.000   23.000    0.000    0.000    0.000    0.000    0.000    0.000    0.000    0.000    0.000
78        0.000    0.000    0.000    0.000    0.000   32.000    0.000    0.000    0.000    0.000    0.000    0.000    0.000    0.000    0.000    0.000
79        0.000    0.000    0.000    0.000    0.000    0.000   36.000    0.000    0.000    0.000    0.000    0.000    0.000    0.000    0.000    0.000
80        0.000    0.000    0.000    0.000    0.000    8.500   17.000    8.500    0.000    0.000    0.000    0.000    0.000    0.000    0.000    0.000
81        0.000    0.000    0.000    0.000    0.000    0.000   15.500   15.500    0.000    0.000    0.000    0.000    0.000    0.000    0.000    0.000
82        0.000    0.000    0.000    0.000    0.000    0.000   35.000    0.000    0.000    0.000    0.000    0.000    0.000    0.000    0.000    0.000
83        0.000    0.000    0.000    0.000    0.000   15.500    0.000   15.500    0.000    0.000    0.000    0.000    0.000    0.000    0.000    0.000
84        0.000    0.000    0.000    0.000    0.000    0.000   26.000    0.000    0.000    0.000    0.000    0.000    0.000    0.000    0.000    0.000
85        0.000    0.000    0.000    0.000    0.000    0.000   16.000    0.000    0.000    0.000    0.000    0.000    0.000    0.000    0.000    0.000
86        0.000    0.000    0.000    0.000    0.000    0.000    7.500    7.500    0.000    0.000    0.000    0.000    0.000    0.000    0.000    0.000
87        0.000    0.000    0.000    0.000    0.000    0.000    0.000    0.000    5.500    0.000    5.500    0.000    0.000    0.000    0.000    0.000
88        0.000    0.000    0.000    0.000    0.000    2.667    0.000    5.333    0.000    0.000    0.000    0.000    0.000    0.000    0.000    0.000
89        0.000    0.000    0.000    0.000    0.000    0.000    0.000    0.000    0.000    0.000    0.000    0.000    0.000    0.000    0.000    0.000
90        0.000    0.000    0.000    0.000    0.000    0.000    1.000    0.000    0.000    0.000    0.000    0.000    0.000    0.000    0.000    0.000
91        0.000    0.000    0.000    0.000    0.000    0.000    0.000    0.000    0.000    0.000    0.000    0.000    0.000    0.000    0.000    0.000
92        0.000    0.000    0.000    0.000    0.000    0.000    0.000    3.000    0.000    0.000    0.000    0.000    0.000    0.000    0.000    0.000
93        0.000    0.000    0.000    0.000    0.000    0.000    0.000    0.000    0.000    0.000    0.000    0.000    0.000    0.000    0.000    0.000
94        0.000    0.000    0.000    0.000    0.000    0.000    0.000    0.000    0.000    0.000    0.000    0.000    0.000    0.000    0.000    0.000
95        0.000    0.000    0.000    0.000    0.000    0.000    0.000    2.000    0.000    0.000    0.000    0.000    0.000    0.000    0.000    0.000
96        0.000    0.000    0.000    0.000    0.000    0.000    0.000    4.000    0.000    0.000    0.000    0.000    0.000    0.000    0.000    0.000
97        0.000    0.000    0.000    0.000    0.000    0.000    0.000    0.000    0.000    0.000    0.000    0.000    0.000    0.000    0.000    0.000
98        0.000    0.000    0.000    0.000    0.000    0.000    0.000    0.000    0.000    0.000    0.000    0.000    0.000    0.000    0.000    0.000
99        0.000    0.000    0.000    0.000    0.000    0.000    0.000    4.000    0.000    0.000    0.000    0.000    0.000    0.000    0.000    0.000
100       0.000    0.000    0.000    0.000    0.000    0.000    0.000    5.000    0.000    0.000    0.000    0.000    0.000    0.000    0.000    0.000
101       0.000    0.000    0.000    0.000    0.000    0.000    0.000    0.000    0.000    0.000    0.000    0.000    0.000    0.000    0.000    0.000
102       0.000    0.000    0.000    0.000    0.000    0.000    0.000    0.000    0.000    0.000    0.000    0.000    0.000    0.000    0.000    0.000
103       0.000    0.000    0.000    0.000    0.000    0.000    0.000    0.000    0.000    0.000    0.000    0.000    0.000    0.000    0.000    0.000
104       0.000    0.000    0.000    0.000    0.000    0.000    0.000    0.000    0.000    0.000    0.000    0.000    0.000    0.000    0.000    0.000
105       0.000    0.000    0.000    0.000    0.000    0.000    0.000    0.000    0.000    0.000    0.000    0.000    0.000    0.000    0.000    0.000
106       0.000    0.000    0.000    0.000    0.000    0.000    0.000    0.000    0.000    0.000    0.000    0.000    0.000    0.000    0.000    0.000
107       0.000    0.000    0.000    0.000    0.000    0.000    0.000    0.000    0.000    0.000    0.000    0.000    0.000    0.000    0.000    0.000
108       0.000    0.000    0.000    0.000    0.000    0.000    0.000    0.000    0.000    0.000    0.000    0.000    0.000    0.000    0.000    0.000
109       0.000    0.000    0.000    0.000    0.000    0.000    0.000    0.000    0.000    0.000    0.000    0.000    0.000    0.000    0.000    0.000
110       0.000    0.000    0.000    0.000    0.000    0.000    0.000    0.000    0.000    0.000    0.000    0.000    0.000    0.000    0.000    0.000
111       0.000    0.000    0.000    0.000    0.000    0.000    0.000    0.000    0.000    0.000    0.000    0.000    0.000    0.000    0.000    0.000
112       0.000    0.000    0.000    0.000    0.000    0.000    0.000    0.000    0.000    0.000    0.000    0.000    0.000    0.000    0.000    0.000
113       0.000    0.000    0.000    0.000    0.000    0.000    0.000    0.000    0.000    0.000    0.000    0.000    0.000    0.000    0.000    0.000
114       0.000    0.000    0.000    0.000    0.000    0.000    0.000    0.000    0.000    0.000    0.000    0.000    0.000    0.000    0.000    0.000
115       0.000    0.000    0.000    0.000    0.000    0.000    0.000    0.000    0.000    0.000    0.000    0.000    0.000    0.000    0.000    0.000
116       0.000    0.000    0.000    0.000    0.000    0.000    0.000    0.000    0.000    0.000    0.000    0.000    0.000    0.000    0.000    0.000
117       0.000    0.000    0.000    0.000    0.000    0.000    0.000    0.000    0.000    0.000    0.000    0.000    0.000    0.000    0.000    0.000
118       0.000    0.000    0.000    0.000    0.000    0.000    0.000    0.000    0.000    0.000    0.000    0.000    0.000    0.000    0.000    0.000
119       0.000    0.000    0.000    0.000    0.000    0.000    0.000    0.000    0.000    0.000    0.000    0.000    0.000    0.000    0.000    0.000
120       0.000    0.000    0.000    0.000    0.000    0.000    0.000    0.000    0.000    0.000    0.000    0.000    0.000    0.000    0.000    0.000
121       0.000    0.000    0.000    0.000    0.000    0.000    0.000    0.000    0.000    0.000    0.000    0.000    0.000    0.000    0.000    0.000
122       0.000    0.000    0.000    0.000    0.000    0.000    0.000    0.000    0.000    0.000    0.000    0.000    0.000    0.000    0.000    0.000
123       0.000    0.000    0.000    0.000    0.000    0.000    0.000    0.000    0.000    0.000    0.000    0.000    0.000    0.000    0.000    0.000
124       0.000    0.000    0.000    0.000    0.000    0.000    0.000    0.000    0.000    0.000    0.000    0.000    0.000    0.000    0.000    0.000
125       0.000    0.000    0.000    0.000    0.000    0.000    0.000    0.000    0.000    0.000    0.000    0.000    0.000    0.000    0.000    0.000
126       0.000    0.000    0.000    0.000    0.000    0.000    0.000    0.000    0.000    0.000    0.000    0.000    0.000    0.000    0.000    0.000
127       0.000    0.000    0.000    0.000    0.000    0.000    0.000    0.000    0.000    0.000    0.000    0.000    0.000    0.000    0.000    0.000
128       0.000    0.000    0.000    0.000    0.000    0.000    0.000    0.000    0.000    0.000    0.000    0.000    0.000    0.000    0.000    0.000
129       0.000    0.000    0.000    0.000    0.000    0.000    0.000    0.000    0.000    0.000    0.000    0.000    0.000    0.000    0.000    0.000
130       0.000    0.000    0.000    0.000    0.000    0.000    0.000    0.000    0.000    0.000    0.000    0.000    0.000    0.000    0.000    0.000
131       0.000    0.000    0.000    0.000    0.000    0.000    0.000    0.000    0.000    0.000    0.000    0.000    0.000    0.000    0.000    0.000
132       0.000    0.000    0.000    0.000    0.000    0.000    0.000    0.000    0.000    0.000    0.000    0.000    0.000    0.000    0.000    0.000
133       0.000    0.000    0.000    0.000    0.000    0.000    0.000    0.000    0.000    0.000    0.000    0.000    0.000    0.000    0.000    0.000
134       0.000    0.000    0.000    0.000    0.000    0.000    0.000    0.000    0.000    0.000    0.000    0.000    0.000    0.000    0.000    0.000
135       0.000    0.000    0.000    0.000    0.000    0.000    0.000    0.000    0.000    0.000    0.000    0.000    0.000    0.000    0.000    0.000
136       0.000    0.000    0.000    0.000    0.000    0.000    0.000    0.000    0.000    0.000    0.000    0.000    0.000    0.000    0.000    0.000
137       0.000    0.000    0.000    0.000    0.000    0.000    0.000    0.000    0.000    0.000    0.000    0.000    0.000    0.000    0.000    0.000
138       0.000    0.000    0.000    0.000    0.000    0.000    0.000    0.000    0.000    0.000    0.000    0.000    0.000    0.000    0.000    0.000
139       0.000    0.000    0.000    0.000    0.000    0.000    0.000    0.000    0.000    0.000    0.000    0.000    0.000    0.000    0.000    0.000
140       0.000    0.000    0.000    0.000    0.000    0.000    0.000    0.000    0.000    0.000    0.000    0.000    0.000    0.000    0.000    0.000
141       0.000    0.000    0.000    0.000    0.000    0.000    0.000    0.000    0.000    0.000    0.000    0.000    0.000    0.000    0.000    0.000
142       0.000    0.000    0.000    0.000    0.000    0.000    0.000    0.000    0.000    0.000    0.000    0.000    0.000    0.000    0.000    0.000
143       0.000    0.000    0.000    0.000    0.000    0.000    0.000    0.000    0.000    0.000    0.000    0.000    0.000    0.000    0.000    0.000
144       0.000    0.000    0.000    0.000    0.000    0.000    0.000    0.000    0.000    0.000    0.000    0.000    0.000    0.000    0.000    0.000
145       0.000    0.000    0.000    0.000    0.000    0.000    0.000    0.000    0.000    0.000    0.000    0.000    0.000    0.000    0.000    0.000
146       0.000    0.000    0.000    0.000    0.000    0.000    0.000    0.000    0.000    0.000    0.000    0.000    0.000    0.000    0.000    0.000
147       0.000    0.000    0.000    0.000    0.000    0.000    0.000    0.000    0.000    0.000    0.000    0.000    0.000    0.000    0.000    0.000
148       0.000    0.000    0.000    0.000    0.000    0.000    0.000    0.000    0.000    0.000    0.000    0.000    0.000    0.000    0.000    0.000
149       0.000    0.000    0.000    0.000    0.000    0.000    0.000    0.000    0.000    0.000    0.000    0.000    0.000    0.000    0.000    0.000
150       0.000    0.000    0.000    0.000    0.000    0.000    0.000    0.000    0.000    0.000    0.000    0.000    0.000    0.000    0.000    0.000
Sum       0.000    0.000   80.111  310.140  291.572  651.521  469.722  125.933    5.500    0.000    5.500    0.000    0.000    0.000    0.000    0.000
mW        0.000    0.000    0.993    1.738    2.470    3.063    3.694    4.916    5.988    0.000    5.988    0.000    0.000    0.000    0.000    0.000
mL        0.000    0.000   46.462   56.710   63.699   68.421   72.989   80.195   87.000    0.000   87.000    0.000    0.000    0.000    0.000    0.000
pA        0.000    0.000    0.041    0.160    0.150    0.336    0.242    0.065    0.003    0.000    0.003    0.000    0.000    0.000    0.000    0.000
tot.mW 2966.324 2966.324 2966.324 2966.324 2966.324 2966.324 2966.324 2966.324 2966.324 2966.324 2966.324 2966.324 2966.324 2966.324 2966.324 2966.324
tot.mL   66.911   66.911   66.911   66.911   66.911   66.911   66.911   66.911   66.911   66.911   66.911   66.911   66.911   66.911   66.911   66.911
          Matad      Sum
1         0.000    0.000
2         0.000    0.000
3         0.000    0.000
4         0.000    0.000
5         0.000    0.000
6         0.000    0.000
7         0.000    0.000
8         0.000    0.000
9         0.000    0.000
10        0.000    0.000
11        0.000    0.000
12        0.000    0.000
13        0.000    0.000
14        0.000    0.000
15        0.000    0.000
16        0.000    0.000
17        0.000    0.000
18        0.000    0.000
19        0.000    0.000
20        0.000    0.000
21        0.000    0.000
22        0.000    0.000
23        0.000    0.000
24        0.000    0.000
25        0.000    0.000
26        0.000    0.000
27        0.000    0.000
28        0.000    0.000
29        0.000    0.000
30        0.000    0.000
31        0.000    0.000
32        0.000    0.000
33        0.000    0.000
34        0.000    0.000
35        0.000    0.000
36        1.000    0.000
37        0.000    0.000
38        1.000    0.000
39        2.000    0.000
40        4.000    0.000
41       11.000   11.000
42       12.000    0.000
43       15.000   15.000
44       13.000    0.000
45       13.000   13.000
46       17.000   17.000
47       21.000    0.000
48        9.000    9.000
49       13.000    0.000
50       17.000    0.000
51       28.000   28.000
52       24.000   24.000
53       35.000   35.000
54       40.000   40.000
55       50.000   50.000
56       41.000   41.000
57       66.000   66.000
58       64.000   64.000
59       63.000   63.000
60       72.000   72.000
61       50.000   50.000
62       69.000   69.000
63       79.000   79.000
64       66.000   66.000
65       87.000   87.000
66       90.000   90.000
67       67.000   67.000
68       70.000   70.000
69       53.000   53.000
70       59.000   59.000
71       67.000   67.000
72       55.000   55.000
73       62.000   62.000
74       64.000   64.000
75       48.000   48.000
76       43.000   43.000
77       69.000   69.000
78       32.000   32.000
79       36.000   36.000
80       34.000   34.000
81       31.000   31.000
82       35.000   35.000
83       31.000   31.000
84       26.000   26.000
85       16.000   16.000
86       15.000   15.000
87       11.000   11.000
88        8.000    8.000
89       12.000    0.000
90        1.000    1.000
91        5.000    0.000
92        3.000    3.000
93        1.000    0.000
94        1.000    0.000
95        2.000    2.000
96        4.000    4.000
97        2.000    0.000
98        1.000    0.000
99        4.000    4.000
100       5.000    5.000
101       1.000    0.000
102       0.000    0.000
103       0.000    0.000
104       2.000    0.000
105       1.000    0.000
106       1.000    0.000
107       0.000    0.000
108       0.000    0.000
109       1.000    0.000
110       0.000    0.000
111       0.000    0.000
112       1.000    0.000
113       1.000    0.000
114       1.000    0.000
115       0.000    0.000
116       0.000    0.000
117       0.000    0.000
118       0.000    0.000
119       0.000    0.000
120       0.000    0.000
121       0.000    0.000
122       0.000    0.000
123       0.000    0.000
124       0.000    0.000
125       0.000    0.000
126       0.000    0.000
127       0.000    0.000
128       0.000    0.000
129       0.000    0.000
130       0.000    0.000
131       0.000    0.000
132       0.000    0.000
133       0.000    0.000
134       0.000    0.000
135       0.000    0.000
136       0.000    0.000
137       0.000    0.000
138       0.000    0.000
139       0.000    0.000
140       0.000    0.000
141       0.000    0.000
142       0.000    0.000
143       0.000    0.000
144       0.000    0.000
145       0.000    0.000
146       0.000    0.000
147       0.000    0.000
148       0.000    0.000
149       0.000    0.000
150       0.000    0.000
Sum    2055.000 1940.000
mW        0.000    0.000
mL        0.000    0.000
pA        0.000    0.000
tot.mW 2966.324 2966.324
tot.mL   66.911   66.911

$ALD.j
              0        1        2        3        4        5        6        7        8        9       10       11       12       13       14       15
1         0.000    0.000    0.000    0.000    0.000    0.000    0.000    0.000    0.000    0.000    0.000    0.000    0.000    0.000    0.000    0.000
2         0.000    0.000    0.000    0.000    0.000    0.000    0.000    0.000    0.000    0.000    0.000    0.000    0.000    0.000    0.000    0.000
3         0.000    0.000    0.000    0.000    0.000    0.000    0.000    0.000    0.000    0.000    0.000    0.000    0.000    0.000    0.000    0.000
4         0.000    0.000    0.000    0.000    0.000    0.000    0.000    0.000    0.000    0.000    0.000    0.000    0.000    0.000    0.000    0.000
5         0.000    0.000    0.000    0.000    0.000    0.000    0.000    0.000    0.000    0.000    0.000    0.000    0.000    0.000    0.000    0.000
6         0.000    0.000    0.000    0.000    0.000    0.000    0.000    0.000    0.000    0.000    0.000    0.000    0.000    0.000    0.000    0.000
7         0.000    0.000    0.000    0.000    0.000    0.000    0.000    0.000    0.000    0.000    0.000    0.000    0.000    0.000    0.000    0.000
8         0.000    0.000    0.000    0.000    0.000    0.000    0.000    0.000    0.000    0.000    0.000    0.000    0.000    0.000    0.000    0.000
9         0.000    0.000    0.000    0.000    0.000    0.000    0.000    0.000    0.000    0.000    0.000    0.000    0.000    0.000    0.000    0.000
10        0.000    0.000    0.000    0.000    0.000    0.000    0.000    0.000    0.000    0.000    0.000    0.000    0.000    0.000    0.000    0.000
11        0.000    0.000    0.000    0.000    0.000    0.000    0.000    0.000    0.000    0.000    0.000    0.000    0.000    0.000    0.000    0.000
12        0.000    0.000    0.000    0.000    0.000    0.000    0.000    0.000    0.000    0.000    0.000    0.000    0.000    0.000    0.000    0.000
13        0.000    0.000    0.000    0.000    0.000    0.000    0.000    0.000    0.000    0.000    0.000    0.000    0.000    0.000    0.000    0.000
14        0.000    0.000    0.000    0.000    0.000    0.000    0.000    0.000    0.000    0.000    0.000    0.000    0.000    0.000    0.000    0.000
15        0.000    0.000    0.000    0.000    0.000    0.000    0.000    0.000    0.000    0.000    0.000    0.000    0.000    0.000    0.000    0.000
16        0.000    0.000    0.000    0.000    0.000    0.000    0.000    0.000    0.000    0.000    0.000    0.000    0.000    0.000    0.000    0.000
17        0.000    0.000    0.000    0.000    0.000    0.000    0.000    0.000    0.000    0.000    0.000    0.000    0.000    0.000    0.000    0.000
18        0.000    0.000    0.000    0.000    0.000    0.000    0.000    0.000    0.000    0.000    0.000    0.000    0.000    0.000    0.000    0.000
19        0.000    0.000    0.000    0.000    0.000    0.000    0.000    0.000    0.000    0.000    0.000    0.000    0.000    0.000    0.000    0.000
20        0.000    0.000    0.000    0.000    0.000    0.000    0.000    0.000    0.000    0.000    0.000    0.000    0.000    0.000    0.000    0.000
21        0.000    0.000    0.000    0.000    0.000    0.000    0.000    0.000    0.000    0.000    0.000    0.000    0.000    0.000    0.000    0.000
22        0.000    0.000    0.000    0.000    0.000    0.000    0.000    0.000    0.000    0.000    0.000    0.000    0.000    0.000    0.000    0.000
23        0.000    0.000    0.000    0.000    0.000    0.000    0.000    0.000    0.000    0.000    0.000    0.000    0.000    0.000    0.000    0.000
24        0.000    0.000    0.000    0.000    0.000    0.000    0.000    0.000    0.000    0.000    0.000    0.000    0.000    0.000    0.000    0.000
25        0.000    0.000    0.000    0.000    0.000    0.000    0.000    0.000    0.000    0.000    0.000    0.000    0.000    0.000    0.000    0.000
26        0.000    0.000    0.000    0.000    0.000    0.000    0.000    0.000    0.000    0.000    0.000    0.000    0.000    0.000    0.000    0.000
27        0.000    0.000    0.000    0.000    0.000    0.000    0.000    0.000    0.000    0.000    0.000    0.000    0.000    0.000    0.000    0.000
28        0.000    0.000    0.000    0.000    0.000    0.000    0.000    0.000    0.000    0.000    0.000    0.000    0.000    0.000    0.000    0.000
29        0.000    0.000    0.000    0.000    0.000    0.000    0.000    0.000    0.000    0.000    0.000    0.000    0.000    0.000    0.000    0.000
30        0.000    0.000    0.000    0.000    0.000    0.000    0.000    0.000    0.000    0.000    0.000    0.000    0.000    0.000    0.000    0.000
31        0.000    0.000    0.000    0.000    0.000    0.000    0.000    0.000    0.000    0.000    0.000    0.000    0.000    0.000    0.000    0.000
32        0.000    0.000    0.000    0.000    0.000    0.000    0.000    0.000    0.000    0.000    0.000    0.000    0.000    0.000    0.000    0.000
33        0.000    0.000    0.000    0.000    0.000    0.000    0.000    0.000    0.000    0.000    0.000    0.000    0.000    0.000    0.000    0.000
34        0.000    0.000    0.000    0.000    0.000    0.000    0.000    0.000    0.000    0.000    0.000    0.000    0.000    0.000    0.000    0.000
35        0.000    0.000    0.000    0.000    0.000    0.000    0.000    0.000    0.000    0.000    0.000    0.000    0.000    0.000    0.000    0.000
36        0.000    0.000    0.987    0.000    0.000    0.008    0.005    0.000    0.000    0.000    0.000    0.000    0.000    0.000    0.000    0.000
37        0.000    0.000    0.000    0.000    0.000    0.000    0.000    0.000    0.000    0.000    0.000    0.000    0.000    0.000    0.000    0.000
38        0.000    0.000    0.980    0.000    0.000    0.012    0.007    0.000    0.000    0.000    0.000    0.000    0.000    0.000    0.000    0.000
39        0.000    0.000    1.951    0.000    0.002    0.031    0.016    0.000    0.000    0.000    0.000    0.000    0.000    0.000    0.000    0.000
40        0.000    0.000    3.876    0.000    0.006    0.080    0.037    0.001    0.000    0.000    0.000    0.000    0.000    0.000    0.000    0.000
41        0.000    0.000   10.561    0.000    0.027    0.284    0.125    0.003    0.000    0.000    0.000    0.000    0.000    0.000    0.000    0.000
42        0.000    0.000   11.374    0.001    0.052    0.402    0.167    0.004    0.000    0.000    0.000    0.000    0.000    0.000    0.000    0.000
43        0.000    0.000   13.960    0.005    0.110    0.658    0.261    0.006    0.000    0.000    0.000    0.000    0.000    0.000    0.000    0.000
44        0.000    0.000   11.784    0.016    0.160    0.749    0.284    0.007    0.000    0.000    0.000    0.000    0.000    0.000    0.000    0.000
45        0.000    0.000   11.331    0.055    0.265    0.982    0.358    0.008    0.000    0.000    0.000    0.000    0.000    0.000    0.000    0.000
46        0.000    0.000   13.948    0.224    0.557    1.670    0.588    0.014    0.000    0.000    0.000    0.000    0.000    0.000    0.000    0.000
47        0.000    0.000   15.644    0.763    1.061    2.618    0.894    0.021    0.000    0.000    0.000    0.000    0.000    0.000    0.000    0.000
48        0.000    0.000    5.739    0.783    0.657    1.358    0.452    0.011    0.000    0.000    0.000    0.000    0.000    0.000    0.000    0.000
49        0.000    0.000    6.512    2.292    1.253    2.206    0.719    0.017    0.000    0.000    0.000    0.000    0.000    0.000    0.000    0.000
50        0.000    0.000    6.050    5.061    1.945    2.970    0.951    0.023    0.000    0.000    0.000    0.000    0.000    0.000    0.000    0.000
51        0.000    0.000    6.483   11.875    3.463    4.665    1.477    0.036    0.000    0.000    0.000    0.000    0.000    0.000    0.000    0.000
52        0.000    0.000    3.433   12.688    3.031    3.666    1.152    0.029    0.000    0.000    0.000    0.000    0.000    0.000    0.000    0.000
53        0.000    0.000    3.059   21.019    4.440    4.905    1.537    0.040    0.000    0.000    0.000    0.000    0.000    0.000    0.000    0.000
54        0.000    0.000    2.178   25.636    5.167    5.307    1.666    0.045    0.000    0.000    0.000    0.000    0.000    0.000    0.000    0.000
55        0.000    0.000    1.761   32.707    6.791    6.597    2.085    0.059    0.000    0.000    0.000    0.000    0.000    0.000    0.000    0.000
56        0.000    0.000    0.976   26.371    6.087    5.693    1.819    0.054    0.000    0.000    0.000    0.000    0.000    0.000    0.000    0.000
57        0.000    0.000    1.110   40.163   11.125   10.191    3.309    0.103    0.000    0.000    0.000    0.000    0.000    0.000    0.000    0.000
58        0.000    0.000    0.786   35.148   12.611   11.514    3.815    0.125    0.000    0.000    0.000    0.000    0.000    0.000    0.000    0.000
59        0.000    0.000    0.577   29.314   14.705   13.617    4.627    0.161    0.000    0.000    0.000    0.000    0.000    0.000    0.000    0.000
60        0.000    0.000    0.489   26.070   19.735   18.860    6.601    0.245    0.000    0.000    0.000    0.000    0.000    0.000    0.000    0.000
61        0.000    0.000    0.245   12.639   15.584   15.641    5.665    0.226    0.000    0.000    0.000    0.000    0.000    0.000    0.000    0.000
62        0.000    0.000    0.234   10.735   23.271   24.959    9.398    0.403    0.000    0.000    0.000    0.000    0.000    0.000    0.000    0.000
63        0.000    0.000    0.176    6.631   27.280   31.817   12.514    0.581    0.000    0.000    0.000    0.000    0.000    0.000    0.000    0.000
64        0.000    0.000    0.093    2.635   22.200   28.651   11.824    0.598    0.000    0.000    0.000    0.000    0.000    0.000    0.000    0.000
65        0.000    0.000    0.074    1.470   27.387   39.798   17.314    0.956    0.000    0.000    0.000    0.000    0.000    0.000    0.000    0.000
66        0.000    0.000    0.046    0.578   25.693   42.779   19.709    1.196    0.000    0.000    0.000    0.000    0.000    0.000    0.000    0.000
67        0.000    0.000    0.020    0.148   16.892   32.792   16.073    1.076    0.000    0.000    0.000    0.000    0.000    0.000    0.000    0.000
68        0.000    0.000    0.012    0.048   15.207   35.023   18.349    1.362    0.000    0.000    0.000    0.000    0.000    0.000    0.000    0.000
69        0.000    0.000    0.005    0.010    9.679   26.913   15.141    1.252    0.000    0.000    0.000    0.000    0.000    0.000    0.000    0.000
70        0.000    0.000    0.003    0.003    8.831   30.163   18.306    1.695    0.000    0.000    0.000    0.000    0.000    0.000    0.000    0.000
71        0.000    0.000    0.002    0.001    8.004   34.175   22.478    2.341    0.000    0.000    0.000    0.000    0.000    0.000    0.000    0.000
72        0.000    0.000    0.001    0.000    5.102   27.714   19.846    2.336    0.000    0.000    0.000    0.000    0.000    0.000    0.000    0.000
73        0.000    0.000    0.000    0.000    4.344   30.537   23.920    3.198    0.000    0.000    0.000    0.000    0.000    0.000    0.000    0.000
74        0.000    0.000    0.000    0.000    3.291   30.474   26.231    4.003    0.000    0.000    0.000    0.000    0.000    0.000    0.000    0.000
75        0.000    0.000    0.000    0.000    1.760   21.846   20.760    3.633    0.000    0.000    0.000    0.000    0.000    0.000    0.000    0.000
76        0.000    0.000    0.000    0.000    1.092   18.490   19.487    3.930    0.000    0.000    0.000    0.000    0.000    0.000    0.000    0.000
77        0.000    0.000    0.000    0.000    1.179   27.699   32.526    7.596    0.000    0.000    0.000    0.000    0.000    0.000    0.000    0.000
78        0.000    0.000    0.000    0.000    0.357   11.844   15.568    4.231    0.000    0.000    0.000    0.000    0.000    0.000    0.000    0.000
79        0.000    0.000    0.000    0.000    0.254   12.126   17.925    5.695    0.000    0.000    0.000    0.000    0.000    0.000    0.000    0.000
80        0.000    0.000    0.000    0.000    0.147   10.279   17.166    6.407    0.000    0.000    0.000    0.000    0.000    0.000    0.000    0.000
81        0.000    0.000    0.000    0.000    0.080    8.288   15.710    6.922    0.000    0.000    0.000    0.000    0.000    0.000    0.000    0.000
82        0.000    0.000    0.000    0.000    0.052    8.145   17.603    9.200    0.000    0.000    0.000    0.000    0.000    0.000    0.000    0.000
83        0.000    0.000    0.000    0.000    0.026    6.173   15.282    9.520    0.000    0.000    0.000    0.000    0.000    0.000    0.000    0.000
84        0.000    0.000    0.000    0.000    0.011    4.350   12.393    9.246    0.000    0.000    0.000    0.000    0.000    0.000    0.000    0.000
85        0.000    0.000    0.000    0.000    0.004    2.206    7.266    6.524    0.000    0.000    0.000    0.000    0.000    0.000    0.000    0.000
86        0.000    0.000    0.000    0.000    0.002    1.670    6.390    6.938    0.000    0.000    0.000    0.000    0.000    0.000    0.000    0.000
87        0.000    0.000    0.000    0.000    0.000    0.320    1.426    1.882    3.686    0.000    3.686    0.000    0.000    0.000    0.000    0.000
88        0.000    0.000    0.000    0.000    0.000    0.546    2.855    4.599    0.000    0.000    0.000    0.000    0.000    0.000    0.000    0.000
89        0.000    0.000    0.000    0.000    0.000    0.620    3.824    7.556    0.000    0.000    0.000    0.000    0.000    0.000    0.000    0.000
90        0.000    0.000    0.000    0.000    0.000    0.038    0.280    0.682    0.000    0.000    0.000    0.000    0.000    0.000    0.000    0.000
91        0.000    0.000    0.000    0.000    0.000    0.140    1.210    3.651    0.000    0.000    0.000    0.000    0.000    0.000    0.000    0.000
92        0.000    0.000    0.000    0.000    0.000    0.060    0.618    2.322    0.000    0.000    0.000    0.000    0.000    0.000    0.000    0.000
93        0.000    0.000    0.000    0.000    0.000    0.014    0.173    0.813    0.000    0.000    0.000    0.000    0.000    0.000    0.000    0.000
94        0.000    0.000    0.000    0.000    0.000    0.010    0.143    0.847    0.000    0.000    0.000    0.000    0.000    0.000    0.000    0.000
95        0.000    0.000    0.000    0.000    0.000    0.013    0.235    1.752    0.000    0.000    0.000    0.000    0.000    0.000    0.000    0.000
96        0.000    0.000    0.000    0.000    0.000    0.017    0.381    3.602    0.000    0.000    0.000    0.000    0.000    0.000    0.000    0.000
97        0.000    0.000    0.000    0.000    0.000    0.006    0.153    1.842    0.000    0.000    0.000    0.000    0.000    0.000    0.000    0.000
98        0.000    0.000    0.000    0.000    0.000    0.002    0.061    0.938    0.000    0.000    0.000    0.000    0.000    0.000    0.000    0.000
99        0.000    0.000    0.000    0.000    0.000    0.005    0.191    3.804    0.000    0.000    0.000    0.000    0.000    0.000    0.000    0.000
100       0.000    0.000    0.000    0.000    0.000    0.004    0.187    4.809    0.000    0.000    0.000    0.000    0.000    0.000    0.000    0.000
101       0.000    0.000    0.000    0.000    0.000    0.000    0.029    0.971    0.000    0.000    0.000    0.000    0.000    0.000    0.000    0.000
102       0.000    0.000    0.000    0.000    0.000    0.000    0.000    0.000    0.000    0.000    0.000    0.000    0.000    0.000    0.000    0.000
103       0.000    0.000    0.000    0.000    0.000    0.000    0.000    0.000    0.000    0.000    0.000    0.000    0.000    0.000    0.000    0.000
104       0.000    0.000    0.000    0.000    0.000    0.000    0.026    1.974    0.000    0.000    0.000    0.000    0.000    0.000    0.000    0.000
105       0.000    0.000    0.000    0.000    0.000    0.000    0.010    0.990    0.000    0.000    0.000    0.000    0.000    0.000    0.000    0.000
106       0.000    0.000    0.000    0.000    0.000    0.000    0.007    0.993    0.000    0.000    0.000    0.000    0.000    0.000    0.000    0.000
107       0.000    0.000    0.000    0.000    0.000    0.000    0.000    0.000    0.000    0.000    0.000    0.000    0.000    0.000    0.000    0.000
108       0.000    0.000    0.000    0.000    0.000    0.000    0.000    0.000    0.000    0.000    0.000    0.000    0.000    0.000    0.000    0.000
109       0.000    0.000    0.000    0.000    0.000    0.000    0.003    0.997    0.000    0.000    0.000    0.000    0.000    0.000    0.000    0.000
110       0.000    0.000    0.000    0.000    0.000    0.000    0.000    0.000    0.000    0.000    0.000    0.000    0.000    0.000    0.000    0.000
111       0.000    0.000    0.000    0.000    0.000    0.000    0.000    0.000    0.000    0.000    0.000    0.000    0.000    0.000    0.000    0.000
112       0.000    0.000    0.000    0.000    0.000    0.000    0.001    0.999    0.000    0.000    0.000    0.000    0.000    0.000    0.000    0.000
113       0.000    0.000    0.000    0.000    0.000    0.000    0.001    0.999    0.000    0.000    0.000    0.000    0.000    0.000    0.000    0.000
114       0.000    0.000    0.000    0.000    0.000    0.000    0.001    0.999    0.000    0.000    0.000    0.000    0.000    0.000    0.000    0.000
115       0.000    0.000    0.000    0.000    0.000    0.000    0.000    0.000    0.000    0.000    0.000    0.000    0.000    0.000    0.000    0.000
116       0.000    0.000    0.000    0.000    0.000    0.000    0.000    0.000    0.000    0.000    0.000    0.000    0.000    0.000    0.000    0.000
117       0.000    0.000    0.000    0.000    0.000    0.000    0.000    0.000    0.000    0.000    0.000    0.000    0.000    0.000    0.000    0.000
118       0.000    0.000    0.000    0.000    0.000    0.000    0.000    0.000    0.000    0.000    0.000    0.000    0.000    0.000    0.000    0.000
119       0.000    0.000    0.000    0.000    0.000    0.000    0.000    0.000    0.000    0.000    0.000    0.000    0.000    0.000    0.000    0.000
120       0.000    0.000    0.000    0.000    0.000    0.000    0.000    0.000    0.000    0.000    0.000    0.000    0.000    0.000    0.000    0.000
121       0.000    0.000    0.000    0.000    0.000    0.000    0.000    0.000    0.000    0.000    0.000    0.000    0.000    0.000    0.000    0.000
122       0.000    0.000    0.000    0.000    0.000    0.000    0.000    0.000    0.000    0.000    0.000    0.000    0.000    0.000    0.000    0.000
123       0.000    0.000    0.000    0.000    0.000    0.000    0.000    0.000    0.000    0.000    0.000    0.000    0.000    0.000    0.000    0.000
124       0.000    0.000    0.000    0.000    0.000    0.000    0.000    0.000    0.000    0.000    0.000    0.000    0.000    0.000    0.000    0.000
125       0.000    0.000    0.000    0.000    0.000    0.000    0.000    0.000    0.000    0.000    0.000    0.000    0.000    0.000    0.000    0.000
126       0.000    0.000    0.000    0.000    0.000    0.000    0.000    0.000    0.000    0.000    0.000    0.000    0.000    0.000    0.000    0.000
127       0.000    0.000    0.000    0.000    0.000    0.000    0.000    0.000    0.000    0.000    0.000    0.000    0.000    0.000    0.000    0.000
128       0.000    0.000    0.000    0.000    0.000    0.000    0.000    0.000    0.000    0.000    0.000    0.000    0.000    0.000    0.000    0.000
129       0.000    0.000    0.000    0.000    0.000    0.000    0.000    0.000    0.000    0.000    0.000    0.000    0.000    0.000    0.000    0.000
130       0.000    0.000    0.000    0.000    0.000    0.000    0.000    0.000    0.000    0.000    0.000    0.000    0.000    0.000    0.000    0.000
131       0.000    0.000    0.000    0.000    0.000    0.000    0.000    0.000    0.000    0.000    0.000    0.000    0.000    0.000    0.000    0.000
132       0.000    0.000    0.000    0.000    0.000    0.000    0.000    0.000    0.000    0.000    0.000    0.000    0.000    0.000    0.000    0.000
133       0.000    0.000    0.000    0.000    0.000    0.000    0.000    0.000    0.000    0.000    0.000    0.000    0.000    0.000    0.000    0.000
134       0.000    0.000    0.000    0.000    0.000    0.000    0.000    0.000    0.000    0.000    0.000    0.000    0.000    0.000    0.000    0.000
135       0.000    0.000    0.000    0.000    0.000    0.000    0.000    0.000    0.000    0.000    0.000    0.000    0.000    0.000    0.000    0.000
136       0.000    0.000    0.000    0.000    0.000    0.000    0.000    0.000    0.000    0.000    0.000    0.000    0.000    0.000    0.000    0.000
137       0.000    0.000    0.000    0.000    0.000    0.000    0.000    0.000    0.000    0.000    0.000    0.000    0.000    0.000    0.000    0.000
138       0.000    0.000    0.000    0.000    0.000    0.000    0.000    0.000    0.000    0.000    0.000    0.000    0.000    0.000    0.000    0.000
139       0.000    0.000    0.000    0.000    0.000    0.000    0.000    0.000    0.000    0.000    0.000    0.000    0.000    0.000    0.000    0.000
140       0.000    0.000    0.000    0.000    0.000    0.000    0.000    0.000    0.000    0.000    0.000    0.000    0.000    0.000    0.000    0.000
141       0.000    0.000    0.000    0.000    0.000    0.000    0.000    0.000    0.000    0.000    0.000    0.000    0.000    0.000    0.000    0.000
142       0.000    0.000    0.000    0.000    0.000    0.000    0.000    0.000    0.000    0.000    0.000    0.000    0.000    0.000    0.000    0.000
143       0.000    0.000    0.000    0.000    0.000    0.000    0.000    0.000    0.000    0.000    0.000    0.000    0.000    0.000    0.000    0.000
144       0.000    0.000    0.000    0.000    0.000    0.000    0.000    0.000    0.000    0.000    0.000    0.000    0.000    0.000    0.000    0.000
145       0.000    0.000    0.000    0.000    0.000    0.000    0.000    0.000    0.000    0.000    0.000    0.000    0.000    0.000    0.000    0.000
146       0.000    0.000    0.000    0.000    0.000    0.000    0.000    0.000    0.000    0.000    0.000    0.000    0.000    0.000    0.000    0.000
147       0.000    0.000    0.000    0.000    0.000    0.000    0.000    0.000    0.000    0.000    0.000    0.000    0.000    0.000    0.000    0.000
148       0.000    0.000    0.000    0.000    0.000    0.000    0.000    0.000    0.000    0.000    0.000    0.000    0.000    0.000    0.000    0.000
149       0.000    0.000    0.000    0.000    0.000    0.000    0.000    0.000    0.000    0.000    0.000    0.000    0.000    0.000    0.000    0.000
150       0.000    0.000    0.000    0.000    0.000    0.000    0.000    0.000    0.000    0.000    0.000    0.000    0.000    0.000    0.000    0.000
Sum       0.000    0.000  136.464  305.086  310.984  665.388  479.608  150.098    3.686    0.000    3.686    0.000    0.000    0.000    0.000    0.000
mW        0.000    0.000    0.966    1.734    2.396    3.035    3.682    5.664    5.988    0.000    5.988    0.000    0.000    0.000    0.000    0.000
mL        0.000    0.000   45.843   56.664   63.142   68.270   73.004   82.966   87.000    0.000   87.000    0.000    0.000    0.000    0.000    0.000
pA        0.000    0.000    0.066    0.148    0.151    0.324    0.233    0.073    0.002    0.000    0.002    0.000    0.000    0.000    0.000    0.000
tot.mW 2961.308 2961.308 2961.308 2961.308 2961.308 2961.308 2961.308 2961.308 2961.308 2961.308 2961.308 2961.308 2961.308 2961.308 2961.308 2961.308
tot.mL   66.491   66.491   66.491   66.491   66.491   66.491   66.491   66.491   66.491   66.491   66.491   66.491   66.491   66.491   66.491   66.491
          Matad      Sum
1         0.000    0.000
2         0.000    0.000
3         0.000    0.000
4         0.000    0.000
5         0.000    0.000
6         0.000    0.000
7         0.000    0.000
8         0.000    0.000
9         0.000    0.000
10        0.000    0.000
11        0.000    0.000
12        0.000    0.000
13        0.000    0.000
14        0.000    0.000
15        0.000    0.000
16        0.000    0.000
17        0.000    0.000
18        0.000    0.000
19        0.000    0.000
20        0.000    0.000
21        0.000    0.000
22        0.000    0.000
23        0.000    0.000
24        0.000    0.000
25        0.000    0.000
26        0.000    0.000
27        0.000    0.000
28        0.000    0.000
29        0.000    0.000
30        0.000    0.000
31        0.000    0.000
32        0.000    0.000
33        0.000    0.000
34        0.000    0.000
35        0.000    0.000
36        1.000    1.000
37        0.000    0.000
38        1.000    1.000
39        2.000    2.000
40        4.000    4.000
41       11.000   11.000
42       12.000   12.000
43       15.000   15.000
44       13.000   13.000
45       13.000   13.000
46       17.000   17.000
47       21.000   21.000
48        9.000    9.000
49       13.000   13.000
50       17.000   17.000
51       28.000   28.000
52       24.000   24.000
53       35.000   35.000
54       40.000   40.000
55       50.000   50.000
56       41.000   41.000
57       66.000   66.000
58       64.000   64.000
59       63.000   63.000
60       72.000   72.000
61       50.000   50.000
62       69.000   69.000
63       79.000   79.000
64       66.000   66.000
65       87.000   87.000
66       90.000   90.000
67       67.000   67.000
68       70.000   70.000
69       53.000   53.000
70       59.000   59.000
71       67.000   67.000
72       55.000   55.000
73       62.000   62.000
74       64.000   64.000
75       48.000   48.000
76       43.000   43.000
77       69.000   69.000
78       32.000   32.000
79       36.000   36.000
80       34.000   34.000
81       31.000   31.000
82       35.000   35.000
83       31.000   31.000
84       26.000   26.000
85       16.000   16.000
86       15.000   15.000
87       11.000   11.000
88        8.000    8.000
89       12.000   12.000
90        1.000    1.000
91        5.000    5.000
92        3.000    3.000
93        1.000    1.000
94        1.000    1.000
95        2.000    2.000
96        4.000    4.000
97        2.000    2.000
98        1.000    1.000
99        4.000    4.000
100       5.000    5.000
101       1.000    1.000
102       0.000    0.000
103       0.000    0.000
104       2.000    2.000
105       1.000    1.000
106       1.000    1.000
107       0.000    0.000
108       0.000    0.000
109       1.000    1.000
110       0.000    0.000
111       0.000    0.000
112       1.000    1.000
113       1.000    1.000
114       1.000    1.000
115       0.000    0.000
116       0.000    0.000
117       0.000    0.000
118       0.000    0.000
119       0.000    0.000
120       0.000    0.000
121       0.000    0.000
122       0.000    0.000
123       0.000    0.000
124       0.000    0.000
125       0.000    0.000
126       0.000    0.000
127       0.000    0.000
128       0.000    0.000
129       0.000    0.000
130       0.000    0.000
131       0.000    0.000
132       0.000    0.000
133       0.000    0.000
134       0.000    0.000
135       0.000    0.000
136       0.000    0.000
137       0.000    0.000
138       0.000    0.000
139       0.000    0.000
140       0.000    0.000
141       0.000    0.000
142       0.000    0.000
143       0.000    0.000
144       0.000    0.000
145       0.000    0.000
146       0.000    0.000
147       0.000    0.000
148       0.000    0.000
149       0.000    0.000
150       0.000    0.000
Sum    2055.000 2055.000
mW        0.000    0.000
mL        0.000    0.000
pA        0.000    0.000
tot.mW 2961.308 2961.308
tot.mL   66.491   66.491


 .... [TRUNCATED] 
>>>>>>>>>>>>>>>>>>>>>>>>>>>>>>>>>>>>>>>>>>>>>>>>>>>>>>>>>>>>>> 
 > Dato                :  Tue Dec  9 11:12:31 2014 
 > Slag                :  TO 
 > ?r                  :  2014 
 > Ti?arskei?          :  JAN-DEC 
 > Skipab?lk/-ar       :  11 
 > Skipab?lk/-ar (l?n) :  0 
 > ICES-?ki            :  VB1 
 <<<<<<<<<<<<<<<<<<<<<<<<<<<<<<<<<<<<<<<<<<<<<<<<<<<<<<<<<<<<<< 

$URSLITID
   aldur tal_matad tal_fiskad midal_longd midal_vekt roknad_veida
0      0         0          0        0.00      0.000            0
1      1         0          0        0.00      0.000            0
2      2        80       1083       46.46      0.993         1075
3      3       310       4192       56.71      1.738         7286
4      4       292       3941       63.70      2.470         9733
5      5       652       8806       68.42      3.063        26975
6      6       470       6349       72.99      3.694        23451
7      7       126       1702       80.20      4.916         8367
8      8         6         74       87.00      5.988          445
9      9         0          0        0.00      0.000            0
10    10         6         74       87.00      5.988          445
11    11         0          0        0.00      0.000            0
12    12         0          0        0.00      0.000            0
13    13         0          0        0.00      0.000            0
14    14         0          0        0.00      0.000            0
15    15         0          0        0.00      0.000            0
17   Sum      1942      26221       66.91      2.966        77777

$URSLITID.j
   aldur tal_matad tal_fiskad midal_longd midal_vekt roknad_veida
0      0         0          0        0.00      0.000            0
1      1         0          0        0.00      0.000            0
2      2       136       1744       45.84      0.966         1685
3      3       305       3899       56.66      1.734         6761
4      4       311       3975       63.14      2.396         9523
5      5       665       8504       68.27      3.035        25808
6      6       480       6130       73.00      3.682        22571
7      7       150       1918       82.97      5.664        10865
8      8         4         47       87.00      5.988          282
9      9         0          0        0.00      0.000            0
10    10         4         47       87.00      5.988          282
11    11         0          0        0.00      0.000            0
12    12         0          0        0.00      0.000            0
13    13         0          0        0.00      0.000            0
14    14         0          0        0.00      0.000            0
15    15         0          0        0.00      0.000            0
17   Sum      2055      26264       66.49      2.961        77777


 .... [TRUNCATED] 
