
 .... [TRUNCATED] 
<<<<<<<<<<<<<<<<<<<<<<<<<<<<<<<<<<<<<<<<<<<<<<<<<<<<<<<<<<<<<<<<<<<<<<<< 
 > Dato                                      :  Mon Dec  1 14:37:36 2014 
 > Slag                                      :  UP 
 > Ár                                        :  2013 
 > Skipabólk/-ar                             :  20 
 > Byrjanar og enda mánaŵ fyri ALK/ALD       :  JUN-DEC 
 > Skipabólk/-ar, sum longdir eru lántar frá :  0 
 > Skipabólk/-ar, sum vektir eru lántar frá  :  0 
 > Skipabólk/-ar, sum aldrar eru lántar frá  :  0 
 > ICES-øki                                  :  VB1 
 <<<<<<<<<<<<<<<<<<<<<<<<<<<<<<<<<<<<<<<<<<<<<<<<<<<<<<<<<<<<<<<<<<<<<<<<
 .... [TRUNCATED] 
>>>>>>>>>>>>>>>>>>>>>>>>>>>>>>>>>>>>> 
> Alpha	 = 0.01272051
> Beta	 = 2.897078
> R^2	 = 0.9341452
> N	 = 1688
> Veida (kg.)	  = 80071
> Rundveida (kg.) = 88878.81
<<<<<<<<<<<<<<<<<<<<<<<<<<<<<<<<<<<<<
 .... [TRUNCATED] 
>>>>>>>>>>>>>> 	 ALK-lykil 	 <<<<<<<<<<<<
 .... [TRUNCATED] 
$ALK
    longd 0 1 2 3 4 5 6 7 8 9 10 11 12 13 14 15 Sum Matad
1       1 0 0 0 0 0 0 0 0 0 0  0  0  0  0  0  0   0     0
2       2 0 0 0 0 0 0 0 0 0 0  0  0  0  0  0  0   0     0
3       3 0 0 0 0 0 0 0 0 0 0  0  0  0  0  0  0   0     0
4       4 0 0 0 0 0 0 0 0 0 0  0  0  0  0  0  0   0     0
5       5 0 0 0 0 0 0 0 0 0 0  0  0  0  0  0  0   0     0
6       6 0 0 0 0 0 0 0 0 0 0  0  0  0  0  0  0   0     0
7       7 0 0 0 0 0 0 0 0 0 0  0  0  0  0  0  0   0     0
8       8 0 0 0 0 0 0 0 0 0 0  0  0  0  0  0  0   0     0
9       9 0 0 0 0 0 0 0 0 0 0  0  0  0  0  0  0   0     0
10     10 0 0 0 0 0 0 0 0 0 0  0  0  0  0  0  0   0     0
11     11 0 0 0 0 0 0 0 0 0 0  0  0  0  0  0  0   0     0
12     12 0 0 0 0 0 0 0 0 0 0  0  0  0  0  0  0   0     0
13     13 0 0 0 0 0 0 0 0 0 0  0  0  0  0  0  0   0     0
14     14 0 0 0 0 0 0 0 0 0 0  0  0  0  0  0  0   0     0
15     15 0 0 0 0 0 0 0 0 0 0  0  0  0  0  0  0   0     0
16     16 0 0 0 0 0 0 0 0 0 0  0  0  0  0  0  0   0     0
17     17 0 0 0 0 0 0 0 0 0 0  0  0  0  0  0  0   0     0
18     18 0 0 0 0 0 0 0 0 0 0  0  0  0  0  0  0   0     0
19     19 0 0 0 0 0 0 0 0 0 0  0  0  0  0  0  0   0     0
20     20 0 0 0 0 0 0 0 0 0 0  0  0  0  0  0  0   0     0
21     21 0 0 0 0 0 0 0 0 0 0  0  0  0  0  0  0   0     0
22     22 0 0 0 0 0 0 0 0 0 0  0  0  0  0  0  0   0     0
23     23 0 0 0 0 0 0 0 0 0 0  0  0  0  0  0  0   0     0
24     24 0 0 0 0 0 0 0 0 0 0  0  0  0  0  0  0   0     0
25     25 0 0 0 0 0 0 0 0 0 0  0  0  0  0  0  0   0     0
26     26 0 0 0 0 0 0 0 0 0 0  0  0  0  0  0  0   0     0
27     27 0 0 0 0 0 0 0 0 0 0  0  0  0  0  0  0   0     0
28     28 0 0 0 0 0 0 0 0 0 0  0  0  0  0  0  0   0     0
29     29 0 0 0 0 0 0 0 0 0 0  0  0  0  0  0  0   0     0
30     30 0 0 0 0 0 0 0 0 0 0  0  0  0  0  0  0   0     0
31     31 0 0 0 0 0 0 0 0 0 0  0  0  0  0  0  0   0     0
32     32 0 0 0 0 0 0 0 0 0 0  0  0  0  0  0  0   0     0
33     33 0 0 0 0 0 0 0 0 0 0  0  0  0  0  0  0   0     0
34     34 0 0 0 0 0 0 0 0 0 0  0  0  0  0  0  0   0     0
35     35 0 0 0 0 0 0 0 0 0 0  0  0  0  0  0  0   0     0
36     36 0 0 0 0 0 0 0 0 0 0  0  0  0  0  0  0   0     0
37     37 0 0 0 0 0 0 0 0 0 0  0  0  0  0  0  0   0     0
38     38 0 0 0 0 0 0 0 0 0 0  0  0  0  0  0  0   0     0
39     39 0 0 0 0 0 0 0 0 0 0  0  0  0  0  0  0   0     0
40     40 0 0 0 0 0 0 0 0 0 0  0  0  0  0  0  0   0     0
41     41 0 0 0 0 0 0 0 0 0 0  0  0  0  0  0  0   0     0
42     42 0 0 0 0 0 0 0 0 0 0  0  0  0  0  0  0   0     0
43     43 0 0 0 0 0 0 0 0 0 0  0  0  0  0  0  0   0     1
44     44 0 0 0 1 0 0 0 0 0 0  0  0  0  0  0  0   1     3
45     45 0 0 0 0 0 0 0 0 0 0  0  0  0  0  0  0   0     9
46     46 0 0 0 0 0 0 0 0 0 0  0  0  0  0  0  0   0    13
47     47 0 0 0 0 1 0 0 0 0 0  0  0  0  0  0  0   1    34
48     48 0 0 0 0 1 0 0 0 0 0  0  0  0  0  0  0   1    26
49     49 0 0 0 0 1 0 0 0 0 0  0  0  0  0  0  0   1    43
50     50 0 0 0 1 1 1 0 0 0 0  0  0  0  0  0  0   3    68
51     51 0 0 0 2 1 1 0 0 0 0  0  0  0  0  0  0   4    91
52     52 0 0 0 0 8 0 0 0 0 0  0  0  0  0  0  0   8   105
53     53 0 0 0 1 6 3 1 0 0 0  0  0  0  0  0  0  11   117
54     54 0 0 0 1 7 1 0 0 0 0  0  0  0  0  0  0   9   154
55     55 0 0 0 0 8 0 2 0 0 0  0  0  0  0  0  0  10   124
56     56 0 0 0 0 6 0 2 0 0 0  0  0  0  0  0  0   8   143
57     57 0 0 0 0 7 2 2 0 0 0  0  0  0  0  0  0  11   139
58     58 0 0 0 0 4 0 2 0 0 0  0  0  0  0  0  0   6   129
59     59 0 0 0 0 1 7 2 0 0 0  0  0  0  0  0  0  10   106
60     60 0 0 0 0 3 6 0 0 0 0  0  0  0  0  0  0   9    92
61     61 0 0 0 0 2 1 2 0 0 0  0  0  0  0  0  0   5    79
62     62 0 0 0 0 1 3 2 0 0 0  0  0  0  0  0  0   6    65
63     63 0 0 0 0 2 4 2 0 0 0  0  0  0  0  0  0   8    44
64     64 0 0 0 0 0 0 0 0 0 0  0  0  0  0  0  0   0    23
65     65 0 0 0 0 0 0 1 0 0 0  0  0  0  0  0  0   1    18
66     66 0 0 0 0 0 0 0 0 0 0  0  0  0  0  0  0   0    15
67     67 0 0 0 0 0 2 1 0 0 0  0  0  0  0  0  0   3     8
68     68 0 0 0 0 0 1 0 0 0 0  0  0  0  0  0  0   1     9
69     69 0 0 0 0 0 1 0 0 0 0  0  0  0  0  0  0   1     5
70     70 0 0 0 0 0 0 0 0 0 0  0  0  0  0  0  0   0     3
71     71 0 0 0 0 0 1 0 0 0 0  0  0  0  0  0  0   1     6
72     72 0 0 0 0 0 0 0 1 0 0  0  0  0  0  0  0   1     1
73     73 0 0 0 0 0 0 0 0 0 0  0  0  0  0  0  0   0     1
74     74 0 0 0 0 0 0 0 0 0 0  0  0  0  0  0  0   0     1
75     75 0 0 0 0 0 0 0 0 0 0  0  0  0  0  0  0   0     0
76     76 0 0 0 0 0 0 0 0 0 0  0  0  0  0  0  0   0     2
77     77 0 0 0 0 0 0 0 0 0 0  0  0  0  0  0  0   0     1
78     78 0 0 0 0 0 0 0 0 0 0  0  0  0  0  0  0   0     2
79     79 0 0 0 0 0 0 0 0 0 0  0  0  0  0  0  0   0     2
80     80 0 0 0 0 0 0 0 0 0 0  0  0  0  0  0  0   0     0
81     81 0 0 0 0 0 0 0 0 0 0  0  0  0  0  0  0   0     2
82     82 0 0 0 0 0 0 0 0 0 0  0  0  0  0  0  0   0     2
83     83 0 0 0 0 0 0 0 0 0 0  0  0  0  0  0  0   0     0
84     84 0 0 0 0 0 0 0 0 0 0  0  0  0  0  0  0   0     0
85     85 0 0 0 0 0 0 0 0 0 0  0  0  0  0  0  0   0     0
86     86 0 0 0 0 0 0 0 0 0 0  0  0  0  0  0  0   0     0
87     87 0 0 0 0 0 0 0 0 0 0  0  0  0  0  0  0   0     1
88     88 0 0 0 0 0 0 0 0 0 0  0  0  0  0  0  0   0     1
89     89 0 0 0 0 0 0 0 0 0 0  0  0  0  0  0  0   0     0
90     90 0 0 0 0 0 0 0 0 0 0  0  0  0  0  0  0   0     0
91     91 0 0 0 0 0 0 0 0 0 0  0  0  0  0  0  0   0     0
92     92 0 0 0 0 0 0 0 0 0 0  0  0  0  0  0  0   0     0
93     93 0 0 0 0 0 0 0 0 0 0  0  0  0  0  0  0   0     0
94     94 0 0 0 0 0 0 0 0 0 0  0  0  0  0  0  0   0     0
95     95 0 0 0 0 0 0 0 0 0 0  0  0  0  0  0  0   0     0
96     96 0 0 0 0 0 0 0 0 0 0  0  0  0  0  0  0   0     0
97     97 0 0 0 0 0 0 0 0 0 0  0  0  0  0  0  0   0     0
98     98 0 0 0 0 0 0 0 0 0 0  0  0  0  0  0  0   0     0
99     99 0 0 0 0 0 0 0 0 0 0  0  0  0  0  0  0   0     0
100   100 0 0 0 0 0 0 0 0 0 0  0  0  0  0  0  0   0     0
101   101 0 0 0 0 0 0 0 0 0 0  0  0  0  0  0  0   0     0
102   102 0 0 0 0 0 0 0 0 0 0  0  0  0  0  0  0   0     0
103   103 0 0 0 0 0 0 0 0 0 0  0  0  0  0  0  0   0     0
104   104 0 0 0 0 0 0 0 0 0 0  0  0  0  0  0  0   0     0
105   105 0 0 0 0 0 0 0 0 0 0  0  0  0  0  0  0   0     0
106   106 0 0 0 0 0 0 0 0 0 0  0  0  0  0  0  0   0     0
107   107 0 0 0 0 0 0 0 0 0 0  0  0  0  0  0  0   0     0
108   108 0 0 0 0 0 0 0 0 0 0  0  0  0  0  0  0   0     0
109   109 0 0 0 0 0 0 0 0 0 0  0  0  0  0  0  0   0     0
110   110 0 0 0 0 0 0 0 0 0 0  0  0  0  0  0  0   0     0
111   111 0 0 0 0 0 0 0 0 0 0  0  0  0  0  0  0   0     0
112   112 0 0 0 0 0 0 0 0 0 0  0  0  0  0  0  0   0     0
113   113 0 0 0 0 0 0 0 0 0 0  0  0  0  0  0  0   0     0
114   114 0 0 0 0 0 0 0 0 0 0  0  0  0  0  0  0   0     0
115   115 0 0 0 0 0 0 0 0 0 0  0  0  0  0  0  0   0     0
116   116 0 0 0 0 0 0 0 0 0 0  0  0  0  0  0  0   0     0
117   117 0 0 0 0 0 0 0 0 0 0  0  0  0  0  0  0   0     0
118   118 0 0 0 0 0 0 0 0 0 0  0  0  0  0  0  0   0     0
119   119 0 0 0 0 0 0 0 0 0 0  0  0  0  0  0  0   0     0
120   120 0 0 0 0 0 0 0 0 0 0  0  0  0  0  0  0   0     0
121   121 0 0 0 0 0 0 0 0 0 0  0  0  0  0  0  0   0     0
122   122 0 0 0 0 0 0 0 0 0 0  0  0  0  0  0  0   0     0
123   123 0 0 0 0 0 0 0 0 0 0  0  0  0  0  0  0   0     0
124   124 0 0 0 0 0 0 0 0 0 0  0  0  0  0  0  0   0     0
125   125 0 0 0 0 0 0 0 0 0 0  0  0  0  0  0  0   0     0
126   126 0 0 0 0 0 0 0 0 0 0  0  0  0  0  0  0   0     0
127   127 0 0 0 0 0 0 0 0 0 0  0  0  0  0  0  0   0     0
128   128 0 0 0 0 0 0 0 0 0 0  0  0  0  0  0  0   0     0
129   129 0 0 0 0 0 0 0 0 0 0  0  0  0  0  0  0   0     0
130   130 0 0 0 0 0 0 0 0 0 0  0  0  0  0  0  0   0     0
131   131 0 0 0 0 0 0 0 0 0 0  0  0  0  0  0  0   0     0
132   132 0 0 0 0 0 0 0 0 0 0  0  0  0  0  0  0   0     0
133   133 0 0 0 0 0 0 0 0 0 0  0  0  0  0  0  0   0     0
134   134 0 0 0 0 0 0 0 0 0 0  0  0  0  0  0  0   0     0
135   135 0 0 0 0 0 0 0 0 0 0  0  0  0  0  0  0   0     0
136   136 0 0 0 0 0 0 0 0 0 0  0  0  0  0  0  0   0     0
137   137 0 0 0 0 0 0 0 0 0 0  0  0  0  0  0  0   0     0
138   138 0 0 0 0 0 0 0 0 0 0  0  0  0  0  0  0   0     0
139   139 0 0 0 0 0 0 0 0 0 0  0  0  0  0  0  0   0     0
140   140 0 0 0 0 0 0 0 0 0 0  0  0  0  0  0  0   0     0
141   141 0 0 0 0 0 0 0 0 0 0  0  0  0  0  0  0   0     0
142   142 0 0 0 0 0 0 0 0 0 0  0  0  0  0  0  0   0     0
143   143 0 0 0 0 0 0 0 0 0 0  0  0  0  0  0  0   0     0
144   144 0 0 0 0 0 0 0 0 0 0  0  0  0  0  0  0   0     0
145   145 0 0 0 0 0 0 0 0 0 0  0  0  0  0  0  0   0     0
146   146 0 0 0 0 0 0 0 0 0 0  0  0  0  0  0  0   0     0
147   147 0 0 0 0 0 0 0 0 0 0  0  0  0  0  0  0   0     0
148   148 0 0 0 0 0 0 0 0 0 0  0  0  0  0  0  0   0     0
149   149 0 0 0 0 0 0 0 0 0 0  0  0  0  0  0  0   0     0
150   150 0 0 0 0 0 0 0 0 0 0  0  0  0  0  0  0   0     0

$ALK.j
    longd 0 1 2     3     4     5     6 7 8 9 10 11 12 13 14 15    Sum Matad
1       1 0 0 0 0.000 0.000 0.000 0.000 0 0 0  0  0  0  0  0  0  0.000     0
2       2 0 0 0 0.000 0.000 0.000 0.000 0 0 0  0  0  0  0  0  0  0.000     0
3       3 0 0 0 0.000 0.000 0.000 0.000 0 0 0  0  0  0  0  0  0  0.000     0
4       4 0 0 0 0.000 0.000 0.000 0.000 0 0 0  0  0  0  0  0  0  0.000     0
5       5 0 0 0 0.000 0.000 0.000 0.000 0 0 0  0  0  0  0  0  0  0.000     0
6       6 0 0 0 0.000 0.000 0.000 0.000 0 0 0  0  0  0  0  0  0  0.000     0
7       7 0 0 0 0.000 0.000 0.000 0.000 0 0 0  0  0  0  0  0  0  0.000     0
8       8 0 0 0 0.000 0.000 0.000 0.000 0 0 0  0  0  0  0  0  0  0.000     0
9       9 0 0 0 0.000 0.000 0.000 0.000 0 0 0  0  0  0  0  0  0  0.000     0
10     10 0 0 0 0.000 0.000 0.000 0.000 0 0 0  0  0  0  0  0  0  0.000     0
11     11 0 0 0 0.000 0.000 0.000 0.000 0 0 0  0  0  0  0  0  0  0.000     0
12     12 0 0 0 0.000 0.000 0.000 0.000 0 0 0  0  0  0  0  0  0  0.000     0
13     13 0 0 0 0.000 0.000 0.000 0.000 0 0 0  0  0  0  0  0  0  0.000     0
14     14 0 0 0 0.000 0.000 0.000 0.000 0 0 0  0  0  0  0  0  0  0.000     0
15     15 0 0 0 0.000 0.000 0.000 0.000 0 0 0  0  0  0  0  0  0  0.000     0
16     16 0 0 0 0.000 0.000 0.000 0.000 0 0 0  0  0  0  0  0  0  0.000     0
17     17 0 0 0 0.000 0.000 0.000 0.000 0 0 0  0  0  0  0  0  0  0.000     0
18     18 0 0 0 0.000 0.000 0.000 0.000 0 0 0  0  0  0  0  0  0  0.000     0
19     19 0 0 0 0.000 0.000 0.000 0.000 0 0 0  0  0  0  0  0  0  0.000     0
20     20 0 0 0 0.000 0.000 0.000 0.000 0 0 0  0  0  0  0  0  0  0.000     0
21     21 0 0 0 0.000 0.000 0.000 0.000 0 0 0  0  0  0  0  0  0  0.000     0
22     22 0 0 0 0.000 0.000 0.000 0.000 0 0 0  0  0  0  0  0  0  0.000     0
23     23 0 0 0 0.000 0.000 0.000 0.000 0 0 0  0  0  0  0  0  0  0.000     0
24     24 0 0 0 0.000 0.000 0.000 0.000 0 0 0  0  0  0  0  0  0  0.000     0
25     25 0 0 0 0.000 0.000 0.000 0.000 0 0 0  0  0  0  0  0  0  0.000     0
26     26 0 0 0 0.000 0.000 0.000 0.000 0 0 0  0  0  0  0  0  0  0.000     0
27     27 0 0 0 0.000 0.000 0.000 0.000 0 0 0  0  0  0  0  0  0  0.000     0
28     28 0 0 0 0.000 0.000 0.000 0.000 0 0 0  0  0  0  0  0  0  0.000     0
29     29 0 0 0 0.000 0.000 0.000 0.000 0 0 0  0  0  0  0  0  0  0.000     0
30     30 0 0 0 0.000 0.000 0.000 0.000 0 0 0  0  0  0  0  0  0  0.000     0
31     31 0 0 0 0.000 0.000 0.000 0.000 0 0 0  0  0  0  0  0  0  0.000     0
32     32 0 0 0 0.000 0.000 0.000 0.000 0 0 0  0  0  0  0  0  0  0.000     0
33     33 0 0 0 0.000 0.000 0.000 0.000 0 0 0  0  0  0  0  0  0  0.000     0
34     34 0 0 0 0.000 0.000 0.000 0.000 0 0 0  0  0  0  0  0  0  0.000     0
35     35 0 0 0 0.000 0.000 0.000 0.000 0 0 0  0  0  0  0  0  0  0.000     0
36     36 0 0 0 0.000 0.000 0.000 0.000 0 0 0  0  0  0  0  0  0  0.000     0
37     37 0 0 0 0.000 0.000 0.000 0.000 0 0 0  0  0  0  0  0  0  0.000     0
38     38 0 0 0 0.001 0.000 0.000 0.000 0 0 0  0  0  0  0  0  0  0.001     0
39     39 0 0 0 0.003 0.000 0.000 0.000 0 0 0  0  0  0  0  0  0  0.004     0
40     40 0 0 0 0.008 0.000 0.001 0.000 0 0 0  0  0  0  0  0  0  0.009     0
41     41 0 0 0 0.017 0.001 0.002 0.000 0 0 0  0  0  0  0  0  0  0.020     0
42     42 0 0 0 0.036 0.004 0.003 0.000 0 0 0  0  0  0  0  0  0  0.044     0
43     43 0 0 0 0.069 0.013 0.007 0.000 0 0 0  0  0  0  0  0  0  0.089     1
44     44 0 0 0 0.123 0.035 0.014 0.000 0 0 0  0  0  0  0  0  0  0.171     3
45     45 0 0 0 0.200 0.086 0.026 0.001 0 0 0  0  0  0  0  0  0  0.312     9
46     46 0 0 0 0.300 0.194 0.047 0.004 0 0 0  0  0  0  0  0  0  0.544    13
47     47 0 0 0 0.415 0.404 0.082 0.009 0 0 0  0  0  0  0  0  0  0.910    34
48     48 0 0 0 0.529 0.774 0.138 0.021 0 0 0  0  0  0  0  0  0  1.463    26
49     49 0 0 0 0.623 1.364 0.222 0.045 0 0 0  0  0  0  0  0  0  2.254    43
50     50 0 0 0 0.676 2.208 0.343 0.091 0 0 0  0  0  0  0  0  0  3.318    68
51     51 0 0 0 0.676 3.285 0.508 0.172 0 0 0  0  0  0  0  0  0  4.641    91
52     52 0 0 0 0.623 4.493 0.723 0.300 0 0 0  0  0  0  0  0  0  6.139   105
53     53 0 0 0 0.529 5.649 0.987 0.488 0 0 0  0  0  0  0  0  0  7.653   117
54     54 0 0 0 0.415 6.528 1.293 0.739 0 0 0  0  0  0  0  0  0  8.974   154
55     55 0 0 0 0.300 6.935 1.625 1.042 0 0 0  0  0  0  0  0  0  9.901   124
56     56 0 0 0 0.200 6.771 1.961 1.368 0 0 0  0  0  0  0  0  0 10.299   143
57     57 0 0 0 0.123 6.077 2.270 1.672 0 0 0  0  0  0  0  0  0 10.142   139
58     58 0 0 0 0.069 5.013 2.522 1.904 0 0 0  0  0  0  0  0  0  9.509   129
59     59 0 0 0 0.036 3.802 2.689 2.018 0 0 0  0  0  0  0  0  0  8.545   106
60     60 0 0 0 0.017 2.650 2.751 1.992 0 0 0  0  0  0  0  0  0  7.411    92
61     61 0 0 0 0.008 1.698 2.702 1.830 0 0 0  0  0  0  0  0  0  6.238    79
62     62 0 0 0 0.003 1.000 2.546 1.566 0 0 0  0  0  0  0  0  0  5.115    65
63     63 0 0 0 0.001 0.541 2.303 1.248 0 0 0  0  0  0  0  0  0  4.093    44
64     64 0 0 0 0.000 0.269 1.999 0.925 0 0 0  0  0  0  0  0  0  3.194    23
65     65 0 0 0 0.000 0.123 1.665 0.639 0 0 0  0  0  0  0  0  0  2.427    18
66     66 0 0 0 0.000 0.052 1.331 0.411 0 0 0  0  0  0  0  0  0  1.794    15
67     67 0 0 0 0.000 0.020 1.021 0.246 0 0 0  0  0  0  0  0  0  1.287     8
68     68 0 0 0 0.000 0.007 0.752 0.137 0 0 0  0  0  0  0  0  0  0.896     9
69     69 0 0 0 0.000 0.002 0.531 0.071 0 0 0  0  0  0  0  0  0  0.605     5
70     70 0 0 0 0.000 0.001 0.360 0.034 0 0 0  0  0  0  0  0  0  0.395     3
71     71 0 0 0 0.000 0.000 0.234 0.015 0 0 0  0  0  0  0  0  0  0.250     6
72     72 0 0 0 0.000 0.000 0.146 0.006 1 0 0  0  0  0  0  0  0  1.153     1
73     73 0 0 0 0.000 0.000 0.088 0.003 0 0 0  0  0  0  0  0  0  0.090     1
74     74 0 0 0 0.000 0.000 0.050 0.001 0 0 0  0  0  0  0  0  0  0.051     1
75     75 0 0 0 0.000 0.000 0.028 0.000 0 0 0  0  0  0  0  0  0  0.028     0
76     76 0 0 0 0.000 0.000 0.015 0.000 0 0 0  0  0  0  0  0  0  0.015     2
77     77 0 0 0 0.000 0.000 0.007 0.000 0 0 0  0  0  0  0  0  0  0.008     1
78     78 0 0 0 0.000 0.000 0.004 0.000 0 0 0  0  0  0  0  0  0  0.004     2
79     79 0 0 0 0.000 0.000 0.002 0.000 0 0 0  0  0  0  0  0  0  0.002     2
80     80 0 0 0 0.000 0.000 0.001 0.000 0 0 0  0  0  0  0  0  0  0.001     0
81     81 0 0 0 0.000 0.000 0.000 0.000 0 0 0  0  0  0  0  0  0  0.000     2
82     82 0 0 0 0.000 0.000 0.000 0.000 0 0 0  0  0  0  0  0  0  0.000     2
83     83 0 0 0 0.000 0.000 0.000 0.000 0 0 0  0  0  0  0  0  0  0.000     0
84     84 0 0 0 0.000 0.000 0.000 0.000 0 0 0  0  0  0  0  0  0  0.000     0
85     85 0 0 0 0.000 0.000 0.000 0.000 0 0 0  0  0  0  0  0  0  0.000     0
86     86 0 0 0 0.000 0.000 0.000 0.000 0 0 0  0  0  0  0  0  0  0.000     0
87     87 0 0 0 0.000 0.000 0.000 0.000 0 0 0  0  0  0  0  0  0  0.000     1
88     88 0 0 0 0.000 0.000 0.000 0.000 0 0 0  0  0  0  0  0  0  0.000     1
89     89 0 0 0 0.000 0.000 0.000 0.000 0 0 0  0  0  0  0  0  0  0.000     0
90     90 0 0 0 0.000 0.000 0.000 0.000 0 0 0  0  0  0  0  0  0  0.000     0
91     91 0 0 0 0.000 0.000 0.000 0.000 0 0 0  0  0  0  0  0  0  0.000     0
92     92 0 0 0 0.000 0.000 0.000 0.000 0 0 0  0  0  0  0  0  0  0.000     0
93     93 0 0 0 0.000 0.000 0.000 0.000 0 0 0  0  0  0  0  0  0  0.000     0
94     94 0 0 0 0.000 0.000 0.000 0.000 0 0 0  0  0  0  0  0  0  0.000     0
95     95 0 0 0 0.000 0.000 0.000 0.000 0 0 0  0  0  0  0  0  0  0.000     0
96     96 0 0 0 0.000 0.000 0.000 0.000 0 0 0  0  0  0  0  0  0  0.000     0
97     97 0 0 0 0.000 0.000 0.000 0.000 0 0 0  0  0  0  0  0  0  0.000     0
98     98 0 0 0 0.000 0.000 0.000 0.000 0 0 0  0  0  0  0  0  0  0.000     0
99     99 0 0 0 0.000 0.000 0.000 0.000 0 0 0  0  0  0  0  0  0  0.000     0
100   100 0 0 0 0.000 0.000 0.000 0.000 0 0 0  0  0  0  0  0  0  0.000     0
101   101 0 0 0 0.000 0.000 0.000 0.000 0 0 0  0  0  0  0  0  0  0.000     0
102   102 0 0 0 0.000 0.000 0.000 0.000 0 0 0  0  0  0  0  0  0  0.000     0
103   103 0 0 0 0.000 0.000 0.000 0.000 0 0 0  0  0  0  0  0  0  0.000     0
104   104 0 0 0 0.000 0.000 0.000 0.000 0 0 0  0  0  0  0  0  0  0.000     0
105   105 0 0 0 0.000 0.000 0.000 0.000 0 0 0  0  0  0  0  0  0  0.000     0
106   106 0 0 0 0.000 0.000 0.000 0.000 0 0 0  0  0  0  0  0  0  0.000     0
107   107 0 0 0 0.000 0.000 0.000 0.000 0 0 0  0  0  0  0  0  0  0.000     0
108   108 0 0 0 0.000 0.000 0.000 0.000 0 0 0  0  0  0  0  0  0  0.000     0
109   109 0 0 0 0.000 0.000 0.000 0.000 0 0 0  0  0  0  0  0  0  0.000     0
110   110 0 0 0 0.000 0.000 0.000 0.000 0 0 0  0  0  0  0  0  0  0.000     0
111   111 0 0 0 0.000 0.000 0.000 0.000 0 0 0  0  0  0  0  0  0  0.000     0
112   112 0 0 0 0.000 0.000 0.000 0.000 0 0 0  0  0  0  0  0  0  0.000     0
113   113 0 0 0 0.000 0.000 0.000 0.000 0 0 0  0  0  0  0  0  0  0.000     0
114   114 0 0 0 0.000 0.000 0.000 0.000 0 0 0  0  0  0  0  0  0  0.000     0
115   115 0 0 0 0.000 0.000 0.000 0.000 0 0 0  0  0  0  0  0  0  0.000     0
116   116 0 0 0 0.000 0.000 0.000 0.000 0 0 0  0  0  0  0  0  0  0.000     0
117   117 0 0 0 0.000 0.000 0.000 0.000 0 0 0  0  0  0  0  0  0  0.000     0
118   118 0 0 0 0.000 0.000 0.000 0.000 0 0 0  0  0  0  0  0  0  0.000     0
119   119 0 0 0 0.000 0.000 0.000 0.000 0 0 0  0  0  0  0  0  0  0.000     0
120   120 0 0 0 0.000 0.000 0.000 0.000 0 0 0  0  0  0  0  0  0  0.000     0
121   121 0 0 0 0.000 0.000 0.000 0.000 0 0 0  0  0  0  0  0  0  0.000     0
122   122 0 0 0 0.000 0.000 0.000 0.000 0 0 0  0  0  0  0  0  0  0.000     0
123   123 0 0 0 0.000 0.000 0.000 0.000 0 0 0  0  0  0  0  0  0  0.000     0
124   124 0 0 0 0.000 0.000 0.000 0.000 0 0 0  0  0  0  0  0  0  0.000     0
125   125 0 0 0 0.000 0.000 0.000 0.000 0 0 0  0  0  0  0  0  0  0.000     0
126   126 0 0 0 0.000 0.000 0.000 0.000 0 0 0  0  0  0  0  0  0  0.000     0
127   127 0 0 0 0.000 0.000 0.000 0.000 0 0 0  0  0  0  0  0  0  0.000     0
128   128 0 0 0 0.000 0.000 0.000 0.000 0 0 0  0  0  0  0  0  0  0.000     0
129   129 0 0 0 0.000 0.000 0.000 0.000 0 0 0  0  0  0  0  0  0  0.000     0
130   130 0 0 0 0.000 0.000 0.000 0.000 0 0 0  0  0  0  0  0  0  0.000     0
131   131 0 0 0 0.000 0.000 0.000 0.000 0 0 0  0  0  0  0  0  0  0.000     0
132   132 0 0 0 0.000 0.000 0.000 0.000 0 0 0  0  0  0  0  0  0  0.000     0
133   133 0 0 0 0.000 0.000 0.000 0.000 0 0 0  0  0  0  0  0  0  0.000     0
134   134 0 0 0 0.000 0.000 0.000 0.000 0 0 0  0  0  0  0  0  0  0.000     0
135   135 0 0 0 0.000 0.000 0.000 0.000 0 0 0  0  0  0  0  0  0  0.000     0
136   136 0 0 0 0.000 0.000 0.000 0.000 0 0 0  0  0  0  0  0  0  0.000     0
137   137 0 0 0 0.000 0.000 0.000 0.000 0 0 0  0  0  0  0  0  0  0.000     0
138   138 0 0 0 0.000 0.000 0.000 0.000 0 0 0  0  0  0  0  0  0  0.000     0
139   139 0 0 0 0.000 0.000 0.000 0.000 0 0 0  0  0  0  0  0  0  0.000     0
140   140 0 0 0 0.000 0.000 0.000 0.000 0 0 0  0  0  0  0  0  0  0.000     0
141   141 0 0 0 0.000 0.000 0.000 0.000 0 0 0  0  0  0  0  0  0  0.000     0
142   142 0 0 0 0.000 0.000 0.000 0.000 0 0 0  0  0  0  0  0  0  0.000     0
143   143 0 0 0 0.000 0.000 0.000 0.000 0 0 0  0  0  0  0  0  0  0.000     0
144   144 0 0 0 0.000 0.000 0.000 0.000 0 0 0  0  0  0  0  0  0  0.000     0
145   145 0 0 0 0.000 0.000 0.000 0.000 0 0 0  0  0  0  0  0  0  0.000     0
146   146 0 0 0 0.000 0.000 0.000 0.000 0 0 0  0  0  0  0  0  0  0.000     0
147   147 0 0 0 0.000 0.000 0.000 0.000 0 0 0  0  0  0  0  0  0  0.000     0
148   148 0 0 0 0.000 0.000 0.000 0.000 0 0 0  0  0  0  0  0  0  0.000     0
149   149 0 0 0 0.000 0.000 0.000 0.000 0 0 0  0  0  0  0  0  0  0.000     0
150   150 0 0 0 0.000 0.000 0.000 0.000 0 0 0  0  0  0  0  0  0  0.000     0


 .... [TRUNCATED] 
>>>>>>>>>>>>>> 	 ALD-lykil 	 <<<<<<<<<<<<
 .... [TRUNCATED] 
$ALD
              0        1        2        3        4        5        6        7        8        9       10       11       12       13
1         0.000    0.000    0.000    0.000    0.000    0.000    0.000    0.000    0.000    0.000    0.000    0.000    0.000    0.000
2         0.000    0.000    0.000    0.000    0.000    0.000    0.000    0.000    0.000    0.000    0.000    0.000    0.000    0.000
3         0.000    0.000    0.000    0.000    0.000    0.000    0.000    0.000    0.000    0.000    0.000    0.000    0.000    0.000
4         0.000    0.000    0.000    0.000    0.000    0.000    0.000    0.000    0.000    0.000    0.000    0.000    0.000    0.000
5         0.000    0.000    0.000    0.000    0.000    0.000    0.000    0.000    0.000    0.000    0.000    0.000    0.000    0.000
6         0.000    0.000    0.000    0.000    0.000    0.000    0.000    0.000    0.000    0.000    0.000    0.000    0.000    0.000
7         0.000    0.000    0.000    0.000    0.000    0.000    0.000    0.000    0.000    0.000    0.000    0.000    0.000    0.000
8         0.000    0.000    0.000    0.000    0.000    0.000    0.000    0.000    0.000    0.000    0.000    0.000    0.000    0.000
9         0.000    0.000    0.000    0.000    0.000    0.000    0.000    0.000    0.000    0.000    0.000    0.000    0.000    0.000
10        0.000    0.000    0.000    0.000    0.000    0.000    0.000    0.000    0.000    0.000    0.000    0.000    0.000    0.000
11        0.000    0.000    0.000    0.000    0.000    0.000    0.000    0.000    0.000    0.000    0.000    0.000    0.000    0.000
12        0.000    0.000    0.000    0.000    0.000    0.000    0.000    0.000    0.000    0.000    0.000    0.000    0.000    0.000
13        0.000    0.000    0.000    0.000    0.000    0.000    0.000    0.000    0.000    0.000    0.000    0.000    0.000    0.000
14        0.000    0.000    0.000    0.000    0.000    0.000    0.000    0.000    0.000    0.000    0.000    0.000    0.000    0.000
15        0.000    0.000    0.000    0.000    0.000    0.000    0.000    0.000    0.000    0.000    0.000    0.000    0.000    0.000
16        0.000    0.000    0.000    0.000    0.000    0.000    0.000    0.000    0.000    0.000    0.000    0.000    0.000    0.000
17        0.000    0.000    0.000    0.000    0.000    0.000    0.000    0.000    0.000    0.000    0.000    0.000    0.000    0.000
18        0.000    0.000    0.000    0.000    0.000    0.000    0.000    0.000    0.000    0.000    0.000    0.000    0.000    0.000
19        0.000    0.000    0.000    0.000    0.000    0.000    0.000    0.000    0.000    0.000    0.000    0.000    0.000    0.000
20        0.000    0.000    0.000    0.000    0.000    0.000    0.000    0.000    0.000    0.000    0.000    0.000    0.000    0.000
21        0.000    0.000    0.000    0.000    0.000    0.000    0.000    0.000    0.000    0.000    0.000    0.000    0.000    0.000
22        0.000    0.000    0.000    0.000    0.000    0.000    0.000    0.000    0.000    0.000    0.000    0.000    0.000    0.000
23        0.000    0.000    0.000    0.000    0.000    0.000    0.000    0.000    0.000    0.000    0.000    0.000    0.000    0.000
24        0.000    0.000    0.000    0.000    0.000    0.000    0.000    0.000    0.000    0.000    0.000    0.000    0.000    0.000
25        0.000    0.000    0.000    0.000    0.000    0.000    0.000    0.000    0.000    0.000    0.000    0.000    0.000    0.000
26        0.000    0.000    0.000    0.000    0.000    0.000    0.000    0.000    0.000    0.000    0.000    0.000    0.000    0.000
27        0.000    0.000    0.000    0.000    0.000    0.000    0.000    0.000    0.000    0.000    0.000    0.000    0.000    0.000
28        0.000    0.000    0.000    0.000    0.000    0.000    0.000    0.000    0.000    0.000    0.000    0.000    0.000    0.000
29        0.000    0.000    0.000    0.000    0.000    0.000    0.000    0.000    0.000    0.000    0.000    0.000    0.000    0.000
30        0.000    0.000    0.000    0.000    0.000    0.000    0.000    0.000    0.000    0.000    0.000    0.000    0.000    0.000
31        0.000    0.000    0.000    0.000    0.000    0.000    0.000    0.000    0.000    0.000    0.000    0.000    0.000    0.000
32        0.000    0.000    0.000    0.000    0.000    0.000    0.000    0.000    0.000    0.000    0.000    0.000    0.000    0.000
33        0.000    0.000    0.000    0.000    0.000    0.000    0.000    0.000    0.000    0.000    0.000    0.000    0.000    0.000
34        0.000    0.000    0.000    0.000    0.000    0.000    0.000    0.000    0.000    0.000    0.000    0.000    0.000    0.000
35        0.000    0.000    0.000    0.000    0.000    0.000    0.000    0.000    0.000    0.000    0.000    0.000    0.000    0.000
36        0.000    0.000    0.000    0.000    0.000    0.000    0.000    0.000    0.000    0.000    0.000    0.000    0.000    0.000
37        0.000    0.000    0.000    0.000    0.000    0.000    0.000    0.000    0.000    0.000    0.000    0.000    0.000    0.000
38        0.000    0.000    0.000    0.000    0.000    0.000    0.000    0.000    0.000    0.000    0.000    0.000    0.000    0.000
39        0.000    0.000    0.000    0.000    0.000    0.000    0.000    0.000    0.000    0.000    0.000    0.000    0.000    0.000
40        0.000    0.000    0.000    0.000    0.000    0.000    0.000    0.000    0.000    0.000    0.000    0.000    0.000    0.000
41        0.000    0.000    0.000    0.000    0.000    0.000    0.000    0.000    0.000    0.000    0.000    0.000    0.000    0.000
42        0.000    0.000    0.000    0.000    0.000    0.000    0.000    0.000    0.000    0.000    0.000    0.000    0.000    0.000
43        0.000    0.000    0.000    0.000    0.000    0.000    0.000    0.000    0.000    0.000    0.000    0.000    0.000    0.000
44        0.000    0.000    0.000    3.000    0.000    0.000    0.000    0.000    0.000    0.000    0.000    0.000    0.000    0.000
45        0.000    0.000    0.000    0.000    0.000    0.000    0.000    0.000    0.000    0.000    0.000    0.000    0.000    0.000
46        0.000    0.000    0.000    0.000    0.000    0.000    0.000    0.000    0.000    0.000    0.000    0.000    0.000    0.000
47        0.000    0.000    0.000    0.000   34.000    0.000    0.000    0.000    0.000    0.000    0.000    0.000    0.000    0.000
48        0.000    0.000    0.000    0.000   26.000    0.000    0.000    0.000    0.000    0.000    0.000    0.000    0.000    0.000
49        0.000    0.000    0.000    0.000   43.000    0.000    0.000    0.000    0.000    0.000    0.000    0.000    0.000    0.000
50        0.000    0.000    0.000   22.667   22.667   22.667    0.000    0.000    0.000    0.000    0.000    0.000    0.000    0.000
51        0.000    0.000    0.000   45.500   22.750   22.750    0.000    0.000    0.000    0.000    0.000    0.000    0.000    0.000
52        0.000    0.000    0.000    0.000  105.000    0.000    0.000    0.000    0.000    0.000    0.000    0.000    0.000    0.000
53        0.000    0.000    0.000   10.636   63.818   31.909   10.636    0.000    0.000    0.000    0.000    0.000    0.000    0.000
54        0.000    0.000    0.000   17.111  119.778   17.111    0.000    0.000    0.000    0.000    0.000    0.000    0.000    0.000
55        0.000    0.000    0.000    0.000   99.200    0.000   24.800    0.000    0.000    0.000    0.000    0.000    0.000    0.000
56        0.000    0.000    0.000    0.000  107.250    0.000   35.750    0.000    0.000    0.000    0.000    0.000    0.000    0.000
57        0.000    0.000    0.000    0.000   88.455   25.273   25.273    0.000    0.000    0.000    0.000    0.000    0.000    0.000
58        0.000    0.000    0.000    0.000   86.000    0.000   43.000    0.000    0.000    0.000    0.000    0.000    0.000    0.000
59        0.000    0.000    0.000    0.000   10.600   74.200   21.200    0.000    0.000    0.000    0.000    0.000    0.000    0.000
60        0.000    0.000    0.000    0.000   30.667   61.333    0.000    0.000    0.000    0.000    0.000    0.000    0.000    0.000
61        0.000    0.000    0.000    0.000   31.600   15.800   31.600    0.000    0.000    0.000    0.000    0.000    0.000    0.000
62        0.000    0.000    0.000    0.000   10.833   32.500   21.667    0.000    0.000    0.000    0.000    0.000    0.000    0.000
63        0.000    0.000    0.000    0.000   11.000   22.000   11.000    0.000    0.000    0.000    0.000    0.000    0.000    0.000
64        0.000    0.000    0.000    0.000    0.000    0.000    0.000    0.000    0.000    0.000    0.000    0.000    0.000    0.000
65        0.000    0.000    0.000    0.000    0.000    0.000   18.000    0.000    0.000    0.000    0.000    0.000    0.000    0.000
66        0.000    0.000    0.000    0.000    0.000    0.000    0.000    0.000    0.000    0.000    0.000    0.000    0.000    0.000
67        0.000    0.000    0.000    0.000    0.000    5.333    2.667    0.000    0.000    0.000    0.000    0.000    0.000    0.000
68        0.000    0.000    0.000    0.000    0.000    9.000    0.000    0.000    0.000    0.000    0.000    0.000    0.000    0.000
69        0.000    0.000    0.000    0.000    0.000    5.000    0.000    0.000    0.000    0.000    0.000    0.000    0.000    0.000
70        0.000    0.000    0.000    0.000    0.000    0.000    0.000    0.000    0.000    0.000    0.000    0.000    0.000    0.000
71        0.000    0.000    0.000    0.000    0.000    6.000    0.000    0.000    0.000    0.000    0.000    0.000    0.000    0.000
72        0.000    0.000    0.000    0.000    0.000    0.000    0.000    1.000    0.000    0.000    0.000    0.000    0.000    0.000
73        0.000    0.000    0.000    0.000    0.000    0.000    0.000    0.000    0.000    0.000    0.000    0.000    0.000    0.000
74        0.000    0.000    0.000    0.000    0.000    0.000    0.000    0.000    0.000    0.000    0.000    0.000    0.000    0.000
75        0.000    0.000    0.000    0.000    0.000    0.000    0.000    0.000    0.000    0.000    0.000    0.000    0.000    0.000
76        0.000    0.000    0.000    0.000    0.000    0.000    0.000    0.000    0.000    0.000    0.000    0.000    0.000    0.000
77        0.000    0.000    0.000    0.000    0.000    0.000    0.000    0.000    0.000    0.000    0.000    0.000    0.000    0.000
78        0.000    0.000    0.000    0.000    0.000    0.000    0.000    0.000    0.000    0.000    0.000    0.000    0.000    0.000
79        0.000    0.000    0.000    0.000    0.000    0.000    0.000    0.000    0.000    0.000    0.000    0.000    0.000    0.000
80        0.000    0.000    0.000    0.000    0.000    0.000    0.000    0.000    0.000    0.000    0.000    0.000    0.000    0.000
81        0.000    0.000    0.000    0.000    0.000    0.000    0.000    0.000    0.000    0.000    0.000    0.000    0.000    0.000
82        0.000    0.000    0.000    0.000    0.000    0.000    0.000    0.000    0.000    0.000    0.000    0.000    0.000    0.000
83        0.000    0.000    0.000    0.000    0.000    0.000    0.000    0.000    0.000    0.000    0.000    0.000    0.000    0.000
84        0.000    0.000    0.000    0.000    0.000    0.000    0.000    0.000    0.000    0.000    0.000    0.000    0.000    0.000
85        0.000    0.000    0.000    0.000    0.000    0.000    0.000    0.000    0.000    0.000    0.000    0.000    0.000    0.000
86        0.000    0.000    0.000    0.000    0.000    0.000    0.000    0.000    0.000    0.000    0.000    0.000    0.000    0.000
87        0.000    0.000    0.000    0.000    0.000    0.000    0.000    0.000    0.000    0.000    0.000    0.000    0.000    0.000
88        0.000    0.000    0.000    0.000    0.000    0.000    0.000    0.000    0.000    0.000    0.000    0.000    0.000    0.000
89        0.000    0.000    0.000    0.000    0.000    0.000    0.000    0.000    0.000    0.000    0.000    0.000    0.000    0.000
90        0.000    0.000    0.000    0.000    0.000    0.000    0.000    0.000    0.000    0.000    0.000    0.000    0.000    0.000
91        0.000    0.000    0.000    0.000    0.000    0.000    0.000    0.000    0.000    0.000    0.000    0.000    0.000    0.000
92        0.000    0.000    0.000    0.000    0.000    0.000    0.000    0.000    0.000    0.000    0.000    0.000    0.000    0.000
93        0.000    0.000    0.000    0.000    0.000    0.000    0.000    0.000    0.000    0.000    0.000    0.000    0.000    0.000
94        0.000    0.000    0.000    0.000    0.000    0.000    0.000    0.000    0.000    0.000    0.000    0.000    0.000    0.000
95        0.000    0.000    0.000    0.000    0.000    0.000    0.000    0.000    0.000    0.000    0.000    0.000    0.000    0.000
96        0.000    0.000    0.000    0.000    0.000    0.000    0.000    0.000    0.000    0.000    0.000    0.000    0.000    0.000
97        0.000    0.000    0.000    0.000    0.000    0.000    0.000    0.000    0.000    0.000    0.000    0.000    0.000    0.000
98        0.000    0.000    0.000    0.000    0.000    0.000    0.000    0.000    0.000    0.000    0.000    0.000    0.000    0.000
99        0.000    0.000    0.000    0.000    0.000    0.000    0.000    0.000    0.000    0.000    0.000    0.000    0.000    0.000
100       0.000    0.000    0.000    0.000    0.000    0.000    0.000    0.000    0.000    0.000    0.000    0.000    0.000    0.000
101       0.000    0.000    0.000    0.000    0.000    0.000    0.000    0.000    0.000    0.000    0.000    0.000    0.000    0.000
102       0.000    0.000    0.000    0.000    0.000    0.000    0.000    0.000    0.000    0.000    0.000    0.000    0.000    0.000
103       0.000    0.000    0.000    0.000    0.000    0.000    0.000    0.000    0.000    0.000    0.000    0.000    0.000    0.000
104       0.000    0.000    0.000    0.000    0.000    0.000    0.000    0.000    0.000    0.000    0.000    0.000    0.000    0.000
105       0.000    0.000    0.000    0.000    0.000    0.000    0.000    0.000    0.000    0.000    0.000    0.000    0.000    0.000
106       0.000    0.000    0.000    0.000    0.000    0.000    0.000    0.000    0.000    0.000    0.000    0.000    0.000    0.000
107       0.000    0.000    0.000    0.000    0.000    0.000    0.000    0.000    0.000    0.000    0.000    0.000    0.000    0.000
108       0.000    0.000    0.000    0.000    0.000    0.000    0.000    0.000    0.000    0.000    0.000    0.000    0.000    0.000
109       0.000    0.000    0.000    0.000    0.000    0.000    0.000    0.000    0.000    0.000    0.000    0.000    0.000    0.000
110       0.000    0.000    0.000    0.000    0.000    0.000    0.000    0.000    0.000    0.000    0.000    0.000    0.000    0.000
111       0.000    0.000    0.000    0.000    0.000    0.000    0.000    0.000    0.000    0.000    0.000    0.000    0.000    0.000
112       0.000    0.000    0.000    0.000    0.000    0.000    0.000    0.000    0.000    0.000    0.000    0.000    0.000    0.000
113       0.000    0.000    0.000    0.000    0.000    0.000    0.000    0.000    0.000    0.000    0.000    0.000    0.000    0.000
114       0.000    0.000    0.000    0.000    0.000    0.000    0.000    0.000    0.000    0.000    0.000    0.000    0.000    0.000
115       0.000    0.000    0.000    0.000    0.000    0.000    0.000    0.000    0.000    0.000    0.000    0.000    0.000    0.000
116       0.000    0.000    0.000    0.000    0.000    0.000    0.000    0.000    0.000    0.000    0.000    0.000    0.000    0.000
117       0.000    0.000    0.000    0.000    0.000    0.000    0.000    0.000    0.000    0.000    0.000    0.000    0.000    0.000
118       0.000    0.000    0.000    0.000    0.000    0.000    0.000    0.000    0.000    0.000    0.000    0.000    0.000    0.000
119       0.000    0.000    0.000    0.000    0.000    0.000    0.000    0.000    0.000    0.000    0.000    0.000    0.000    0.000
120       0.000    0.000    0.000    0.000    0.000    0.000    0.000    0.000    0.000    0.000    0.000    0.000    0.000    0.000
121       0.000    0.000    0.000    0.000    0.000    0.000    0.000    0.000    0.000    0.000    0.000    0.000    0.000    0.000
122       0.000    0.000    0.000    0.000    0.000    0.000    0.000    0.000    0.000    0.000    0.000    0.000    0.000    0.000
123       0.000    0.000    0.000    0.000    0.000    0.000    0.000    0.000    0.000    0.000    0.000    0.000    0.000    0.000
124       0.000    0.000    0.000    0.000    0.000    0.000    0.000    0.000    0.000    0.000    0.000    0.000    0.000    0.000
125       0.000    0.000    0.000    0.000    0.000    0.000    0.000    0.000    0.000    0.000    0.000    0.000    0.000    0.000
126       0.000    0.000    0.000    0.000    0.000    0.000    0.000    0.000    0.000    0.000    0.000    0.000    0.000    0.000
127       0.000    0.000    0.000    0.000    0.000    0.000    0.000    0.000    0.000    0.000    0.000    0.000    0.000    0.000
128       0.000    0.000    0.000    0.000    0.000    0.000    0.000    0.000    0.000    0.000    0.000    0.000    0.000    0.000
129       0.000    0.000    0.000    0.000    0.000    0.000    0.000    0.000    0.000    0.000    0.000    0.000    0.000    0.000
130       0.000    0.000    0.000    0.000    0.000    0.000    0.000    0.000    0.000    0.000    0.000    0.000    0.000    0.000
131       0.000    0.000    0.000    0.000    0.000    0.000    0.000    0.000    0.000    0.000    0.000    0.000    0.000    0.000
132       0.000    0.000    0.000    0.000    0.000    0.000    0.000    0.000    0.000    0.000    0.000    0.000    0.000    0.000
133       0.000    0.000    0.000    0.000    0.000    0.000    0.000    0.000    0.000    0.000    0.000    0.000    0.000    0.000
134       0.000    0.000    0.000    0.000    0.000    0.000    0.000    0.000    0.000    0.000    0.000    0.000    0.000    0.000
135       0.000    0.000    0.000    0.000    0.000    0.000    0.000    0.000    0.000    0.000    0.000    0.000    0.000    0.000
136       0.000    0.000    0.000    0.000    0.000    0.000    0.000    0.000    0.000    0.000    0.000    0.000    0.000    0.000
137       0.000    0.000    0.000    0.000    0.000    0.000    0.000    0.000    0.000    0.000    0.000    0.000    0.000    0.000
138       0.000    0.000    0.000    0.000    0.000    0.000    0.000    0.000    0.000    0.000    0.000    0.000    0.000    0.000
139       0.000    0.000    0.000    0.000    0.000    0.000    0.000    0.000    0.000    0.000    0.000    0.000    0.000    0.000
140       0.000    0.000    0.000    0.000    0.000    0.000    0.000    0.000    0.000    0.000    0.000    0.000    0.000    0.000
141       0.000    0.000    0.000    0.000    0.000    0.000    0.000    0.000    0.000    0.000    0.000    0.000    0.000    0.000
142       0.000    0.000    0.000    0.000    0.000    0.000    0.000    0.000    0.000    0.000    0.000    0.000    0.000    0.000
143       0.000    0.000    0.000    0.000    0.000    0.000    0.000    0.000    0.000    0.000    0.000    0.000    0.000    0.000
144       0.000    0.000    0.000    0.000    0.000    0.000    0.000    0.000    0.000    0.000    0.000    0.000    0.000    0.000
145       0.000    0.000    0.000    0.000    0.000    0.000    0.000    0.000    0.000    0.000    0.000    0.000    0.000    0.000
146       0.000    0.000    0.000    0.000    0.000    0.000    0.000    0.000    0.000    0.000    0.000    0.000    0.000    0.000
147       0.000    0.000    0.000    0.000    0.000    0.000    0.000    0.000    0.000    0.000    0.000    0.000    0.000    0.000
148       0.000    0.000    0.000    0.000    0.000    0.000    0.000    0.000    0.000    0.000    0.000    0.000    0.000    0.000
149       0.000    0.000    0.000    0.000    0.000    0.000    0.000    0.000    0.000    0.000    0.000    0.000    0.000    0.000
150       0.000    0.000    0.000    0.000    0.000    0.000    0.000    0.000    0.000    0.000    0.000    0.000    0.000    0.000
Sum       0.000    0.000    0.000   98.914  912.617  350.876  245.592    1.000    0.000    0.000    0.000    0.000    0.000    0.000
mW        0.000    0.000    0.000    1.149    1.386    1.703    1.710    3.057    0.000    0.000    0.000    0.000    0.000    0.000
mL        0.000    0.000    0.000   51.289   54.564   58.488   58.747   72.000    0.000    0.000    0.000    0.000    0.000    0.000
pA        0.000    0.000    0.000    0.061    0.567    0.218    0.153    0.001    0.000    0.000    0.000    0.000    0.000    0.000
tot.mW 1491.067 1491.067 1491.067 1491.067 1491.067 1491.067 1491.067 1491.067 1491.067 1491.067 1491.067 1491.067 1491.067 1491.067
tot.mL   55.868   55.868   55.868   55.868   55.868   55.868   55.868   55.868   55.868   55.868   55.868   55.868   55.868   55.868
             14       15    Matad      Sum
1         0.000    0.000    0.000    0.000
2         0.000    0.000    0.000    0.000
3         0.000    0.000    0.000    0.000
4         0.000    0.000    0.000    0.000
5         0.000    0.000    0.000    0.000
6         0.000    0.000    0.000    0.000
7         0.000    0.000    0.000    0.000
8         0.000    0.000    0.000    0.000
9         0.000    0.000    0.000    0.000
10        0.000    0.000    0.000    0.000
11        0.000    0.000    0.000    0.000
12        0.000    0.000    0.000    0.000
13        0.000    0.000    0.000    0.000
14        0.000    0.000    0.000    0.000
15        0.000    0.000    0.000    0.000
16        0.000    0.000    0.000    0.000
17        0.000    0.000    0.000    0.000
18        0.000    0.000    0.000    0.000
19        0.000    0.000    0.000    0.000
20        0.000    0.000    0.000    0.000
21        0.000    0.000    0.000    0.000
22        0.000    0.000    0.000    0.000
23        0.000    0.000    0.000    0.000
24        0.000    0.000    0.000    0.000
25        0.000    0.000    0.000    0.000
26        0.000    0.000    0.000    0.000
27        0.000    0.000    0.000    0.000
28        0.000    0.000    0.000    0.000
29        0.000    0.000    0.000    0.000
30        0.000    0.000    0.000    0.000
31        0.000    0.000    0.000    0.000
32        0.000    0.000    0.000    0.000
33        0.000    0.000    0.000    0.000
34        0.000    0.000    0.000    0.000
35        0.000    0.000    0.000    0.000
36        0.000    0.000    0.000    0.000
37        0.000    0.000    0.000    0.000
38        0.000    0.000    0.000    0.000
39        0.000    0.000    0.000    0.000
40        0.000    0.000    0.000    0.000
41        0.000    0.000    0.000    0.000
42        0.000    0.000    0.000    0.000
43        0.000    0.000    1.000    0.000
44        0.000    0.000    3.000    3.000
45        0.000    0.000    9.000    0.000
46        0.000    0.000   13.000    0.000
47        0.000    0.000   34.000   34.000
48        0.000    0.000   26.000   26.000
49        0.000    0.000   43.000   43.000
50        0.000    0.000   68.000   68.000
51        0.000    0.000   91.000   91.000
52        0.000    0.000  105.000  105.000
53        0.000    0.000  117.000  117.000
54        0.000    0.000  154.000  154.000
55        0.000    0.000  124.000  124.000
56        0.000    0.000  143.000  143.000
57        0.000    0.000  139.000  139.000
58        0.000    0.000  129.000  129.000
59        0.000    0.000  106.000  106.000
60        0.000    0.000   92.000   92.000
61        0.000    0.000   79.000   79.000
62        0.000    0.000   65.000   65.000
63        0.000    0.000   44.000   44.000
64        0.000    0.000   23.000    0.000
65        0.000    0.000   18.000   18.000
66        0.000    0.000   15.000    0.000
67        0.000    0.000    8.000    8.000
68        0.000    0.000    9.000    9.000
69        0.000    0.000    5.000    5.000
70        0.000    0.000    3.000    0.000
71        0.000    0.000    6.000    6.000
72        0.000    0.000    1.000    1.000
73        0.000    0.000    1.000    0.000
74        0.000    0.000    1.000    0.000
75        0.000    0.000    0.000    0.000
76        0.000    0.000    2.000    0.000
77        0.000    0.000    1.000    0.000
78        0.000    0.000    2.000    0.000
79        0.000    0.000    2.000    0.000
80        0.000    0.000    0.000    0.000
81        0.000    0.000    2.000    0.000
82        0.000    0.000    2.000    0.000
83        0.000    0.000    0.000    0.000
84        0.000    0.000    0.000    0.000
85        0.000    0.000    0.000    0.000
86        0.000    0.000    0.000    0.000
87        0.000    0.000    1.000    0.000
88        0.000    0.000    1.000    0.000
89        0.000    0.000    0.000    0.000
90        0.000    0.000    0.000    0.000
91        0.000    0.000    0.000    0.000
92        0.000    0.000    0.000    0.000
93        0.000    0.000    0.000    0.000
94        0.000    0.000    0.000    0.000
95        0.000    0.000    0.000    0.000
96        0.000    0.000    0.000    0.000
97        0.000    0.000    0.000    0.000
98        0.000    0.000    0.000    0.000
99        0.000    0.000    0.000    0.000
100       0.000    0.000    0.000    0.000
101       0.000    0.000    0.000    0.000
102       0.000    0.000    0.000    0.000
103       0.000    0.000    0.000    0.000
104       0.000    0.000    0.000    0.000
105       0.000    0.000    0.000    0.000
106       0.000    0.000    0.000    0.000
107       0.000    0.000    0.000    0.000
108       0.000    0.000    0.000    0.000
109       0.000    0.000    0.000    0.000
110       0.000    0.000    0.000    0.000
111       0.000    0.000    0.000    0.000
112       0.000    0.000    0.000    0.000
113       0.000    0.000    0.000    0.000
114       0.000    0.000    0.000    0.000
115       0.000    0.000    0.000    0.000
116       0.000    0.000    0.000    0.000
117       0.000    0.000    0.000    0.000
118       0.000    0.000    0.000    0.000
119       0.000    0.000    0.000    0.000
120       0.000    0.000    0.000    0.000
121       0.000    0.000    0.000    0.000
122       0.000    0.000    0.000    0.000
123       0.000    0.000    0.000    0.000
124       0.000    0.000    0.000    0.000
125       0.000    0.000    0.000    0.000
126       0.000    0.000    0.000    0.000
127       0.000    0.000    0.000    0.000
128       0.000    0.000    0.000    0.000
129       0.000    0.000    0.000    0.000
130       0.000    0.000    0.000    0.000
131       0.000    0.000    0.000    0.000
132       0.000    0.000    0.000    0.000
133       0.000    0.000    0.000    0.000
134       0.000    0.000    0.000    0.000
135       0.000    0.000    0.000    0.000
136       0.000    0.000    0.000    0.000
137       0.000    0.000    0.000    0.000
138       0.000    0.000    0.000    0.000
139       0.000    0.000    0.000    0.000
140       0.000    0.000    0.000    0.000
141       0.000    0.000    0.000    0.000
142       0.000    0.000    0.000    0.000
143       0.000    0.000    0.000    0.000
144       0.000    0.000    0.000    0.000
145       0.000    0.000    0.000    0.000
146       0.000    0.000    0.000    0.000
147       0.000    0.000    0.000    0.000
148       0.000    0.000    0.000    0.000
149       0.000    0.000    0.000    0.000
150       0.000    0.000    0.000    0.000
Sum       0.000    0.000 1688.000 1609.000
mW        0.000    0.000    0.000    0.000
mL        0.000    0.000    0.000    0.000
pA        0.000    0.000    0.000    0.000
tot.mW 1491.067 1491.067 1491.067 1491.067
tot.mL   55.868   55.868   55.868   55.868

$ALD.j
              0        1        2        3        4        5        6        7        8        9       10       11       12       13
1         0.000    0.000    0.000    0.000    0.000    0.000    0.000    0.000    0.000    0.000    0.000    0.000    0.000    0.000
2         0.000    0.000    0.000    0.000    0.000    0.000    0.000    0.000    0.000    0.000    0.000    0.000    0.000    0.000
3         0.000    0.000    0.000    0.000    0.000    0.000    0.000    0.000    0.000    0.000    0.000    0.000    0.000    0.000
4         0.000    0.000    0.000    0.000    0.000    0.000    0.000    0.000    0.000    0.000    0.000    0.000    0.000    0.000
5         0.000    0.000    0.000    0.000    0.000    0.000    0.000    0.000    0.000    0.000    0.000    0.000    0.000    0.000
6         0.000    0.000    0.000    0.000    0.000    0.000    0.000    0.000    0.000    0.000    0.000    0.000    0.000    0.000
7         0.000    0.000    0.000    0.000    0.000    0.000    0.000    0.000    0.000    0.000    0.000    0.000    0.000    0.000
8         0.000    0.000    0.000    0.000    0.000    0.000    0.000    0.000    0.000    0.000    0.000    0.000    0.000    0.000
9         0.000    0.000    0.000    0.000    0.000    0.000    0.000    0.000    0.000    0.000    0.000    0.000    0.000    0.000
10        0.000    0.000    0.000    0.000    0.000    0.000    0.000    0.000    0.000    0.000    0.000    0.000    0.000    0.000
11        0.000    0.000    0.000    0.000    0.000    0.000    0.000    0.000    0.000    0.000    0.000    0.000    0.000    0.000
12        0.000    0.000    0.000    0.000    0.000    0.000    0.000    0.000    0.000    0.000    0.000    0.000    0.000    0.000
13        0.000    0.000    0.000    0.000    0.000    0.000    0.000    0.000    0.000    0.000    0.000    0.000    0.000    0.000
14        0.000    0.000    0.000    0.000    0.000    0.000    0.000    0.000    0.000    0.000    0.000    0.000    0.000    0.000
15        0.000    0.000    0.000    0.000    0.000    0.000    0.000    0.000    0.000    0.000    0.000    0.000    0.000    0.000
16        0.000    0.000    0.000    0.000    0.000    0.000    0.000    0.000    0.000    0.000    0.000    0.000    0.000    0.000
17        0.000    0.000    0.000    0.000    0.000    0.000    0.000    0.000    0.000    0.000    0.000    0.000    0.000    0.000
18        0.000    0.000    0.000    0.000    0.000    0.000    0.000    0.000    0.000    0.000    0.000    0.000    0.000    0.000
19        0.000    0.000    0.000    0.000    0.000    0.000    0.000    0.000    0.000    0.000    0.000    0.000    0.000    0.000
20        0.000    0.000    0.000    0.000    0.000    0.000    0.000    0.000    0.000    0.000    0.000    0.000    0.000    0.000
21        0.000    0.000    0.000    0.000    0.000    0.000    0.000    0.000    0.000    0.000    0.000    0.000    0.000    0.000
22        0.000    0.000    0.000    0.000    0.000    0.000    0.000    0.000    0.000    0.000    0.000    0.000    0.000    0.000
23        0.000    0.000    0.000    0.000    0.000    0.000    0.000    0.000    0.000    0.000    0.000    0.000    0.000    0.000
24        0.000    0.000    0.000    0.000    0.000    0.000    0.000    0.000    0.000    0.000    0.000    0.000    0.000    0.000
25        0.000    0.000    0.000    0.000    0.000    0.000    0.000    0.000    0.000    0.000    0.000    0.000    0.000    0.000
26        0.000    0.000    0.000    0.000    0.000    0.000    0.000    0.000    0.000    0.000    0.000    0.000    0.000    0.000
27        0.000    0.000    0.000    0.000    0.000    0.000    0.000    0.000    0.000    0.000    0.000    0.000    0.000    0.000
28        0.000    0.000    0.000    0.000    0.000    0.000    0.000    0.000    0.000    0.000    0.000    0.000    0.000    0.000
29        0.000    0.000    0.000    0.000    0.000    0.000    0.000    0.000    0.000    0.000    0.000    0.000    0.000    0.000
30        0.000    0.000    0.000    0.000    0.000    0.000    0.000    0.000    0.000    0.000    0.000    0.000    0.000    0.000
31        0.000    0.000    0.000    0.000    0.000    0.000    0.000    0.000    0.000    0.000    0.000    0.000    0.000    0.000
32        0.000    0.000    0.000    0.000    0.000    0.000    0.000    0.000    0.000    0.000    0.000    0.000    0.000    0.000
33        0.000    0.000    0.000    0.000    0.000    0.000    0.000    0.000    0.000    0.000    0.000    0.000    0.000    0.000
34        0.000    0.000    0.000    0.000    0.000    0.000    0.000    0.000    0.000    0.000    0.000    0.000    0.000    0.000
35        0.000    0.000    0.000    0.000    0.000    0.000    0.000    0.000    0.000    0.000    0.000    0.000    0.000    0.000
36        0.000    0.000    0.000    0.000    0.000    0.000    0.000    0.000    0.000    0.000    0.000    0.000    0.000    0.000
37        0.000    0.000    0.000    0.000    0.000    0.000    0.000    0.000    0.000    0.000    0.000    0.000    0.000    0.000
38        0.000    0.000    0.000    0.000    0.000    0.000    0.000    0.000    0.000    0.000    0.000    0.000    0.000    0.000
39        0.000    0.000    0.000    0.000    0.000    0.000    0.000    0.000    0.000    0.000    0.000    0.000    0.000    0.000
40        0.000    0.000    0.000    0.000    0.000    0.000    0.000    0.000    0.000    0.000    0.000    0.000    0.000    0.000
41        0.000    0.000    0.000    0.000    0.000    0.000    0.000    0.000    0.000    0.000    0.000    0.000    0.000    0.000
42        0.000    0.000    0.000    0.000    0.000    0.000    0.000    0.000    0.000    0.000    0.000    0.000    0.000    0.000
43        0.000    0.000    0.000    0.776    0.145    0.077    0.002    0.000    0.000    0.000    0.000    0.000    0.000    0.000
44        0.000    0.000    0.000    2.146    0.607    0.239    0.008    0.000    0.000    0.000    0.000    0.000    0.000    0.000
45        0.000    0.000    0.000    5.751    2.464    0.746    0.039    0.000    0.000    0.000    0.000    0.000    0.000    0.000
46        0.000    0.000    0.000    7.157    4.631    1.126    0.086    0.000    0.000    0.000    0.000    0.000    0.000    0.000
47        0.000    0.000    0.000   15.493   15.095    3.076    0.337    0.000    0.000    0.000    0.000    0.000    0.000    0.000
48        0.000    0.000    0.000    9.410   13.764    2.454    0.372    0.000    0.000    0.000    0.000    0.000    0.000    0.000
49        0.000    0.000    0.000   11.882   26.015    4.238    0.865    0.000    0.000    0.000    0.000    0.000    0.000    0.000
50        0.000    0.000    0.000   13.847   45.248    7.032    1.874    0.000    0.000    0.000    0.000    0.000    0.000    0.000
51        0.000    0.000    0.000   13.248   64.418    9.971    3.364    0.000    0.000    0.000    0.000    0.000    0.000    0.000
52        0.000    0.000    0.000   10.653   76.852   12.369    5.126    0.000    0.000    0.000    0.000    0.000    0.000    0.000
53        0.000    0.000    0.000    8.093   86.363   15.089    7.454    0.000    0.000    0.000    0.000    0.000    0.000    0.000
54        0.000    0.000    0.000    7.118  112.023   22.185   12.674    0.000    0.000    0.000    0.000    0.000    0.000    0.000
55        0.000    0.000    0.000    3.753   86.848   20.353   13.046    0.000    0.000    0.000    0.000    0.000    0.000    0.000
56        0.000    0.000    0.000    2.771   94.015   27.222   18.993    0.000    0.000    0.000    0.000    0.000    0.000    0.000
57        0.000    0.000    0.000    1.679   83.290   31.109   22.923    0.000    0.000    0.000    0.000    0.000    0.000    0.000
58        0.000    0.000    0.000    0.941   68.015   34.213   25.831    0.000    0.000    0.000    0.000    0.000    0.000    0.000
59        0.000    0.000    0.000    0.449   47.160   33.356   25.036    0.000    0.000    0.000    0.000    0.000    0.000    0.000
60        0.000    0.000    0.000    0.216   32.898   34.158   24.728    0.000    0.000    0.000    0.000    0.000    0.000    0.000
61        0.000    0.000    0.000    0.098   21.502   34.219   23.181    0.000    0.000    0.000    0.000    0.000    0.000    0.000
62        0.000    0.000    0.000    0.040   12.705   32.356   19.899    0.000    0.000    0.000    0.000    0.000    0.000    0.000
63        0.000    0.000    0.000    0.013    5.819   24.757   13.412    0.000    0.000    0.000    0.000    0.000    0.000    0.000
64        0.000    0.000    0.000    0.003    1.939   14.394    6.664    0.000    0.000    0.000    0.000    0.000    0.000    0.000
65        0.000    0.000    0.000    0.001    0.913   12.346    4.739    0.000    0.000    0.000    0.000    0.000    0.000    0.000
66        0.000    0.000    0.000    0.000    0.433   11.130    3.437    0.000    0.000    0.000    0.000    0.000    0.000    0.000
67        0.000    0.000    0.000    0.000    0.124    6.346    1.529    0.000    0.000    0.000    0.000    0.000    0.000    0.000
68        0.000    0.000    0.000    0.000    0.071    7.551    1.378    0.000    0.000    0.000    0.000    0.000    0.000    0.000
69        0.000    0.000    0.000    0.000    0.019    4.392    0.589    0.000    0.000    0.000    0.000    0.000    0.000    0.000
70        0.000    0.000    0.000    0.000    0.005    2.734    0.261    0.000    0.000    0.000    0.000    0.000    0.000    0.000
71        0.000    0.000    0.000    0.000    0.005    5.624    0.372    0.000    0.000    0.000    0.000    0.000    0.000    0.000
72        0.000    0.000    0.000    0.000    0.000    0.127    0.006    0.867    0.000    0.000    0.000    0.000    0.000    0.000
73        0.000    0.000    0.000    0.000    0.000    0.972    0.028    0.000    0.000    0.000    0.000    0.000    0.000    0.000
74        0.000    0.000    0.000    0.000    0.000    0.982    0.018    0.000    0.000    0.000    0.000    0.000    0.000    0.000
75        0.000    0.000    0.000    0.000    0.000    0.000    0.000    0.000    0.000    0.000    0.000    0.000    0.000    0.000
76        0.000    0.000    0.000    0.000    0.000    1.987    0.013    0.000    0.000    0.000    0.000    0.000    0.000    0.000
77        0.000    0.000    0.000    0.000    0.000    0.996    0.004    0.000    0.000    0.000    0.000    0.000    0.000    0.000
78        0.000    0.000    0.000    0.000    0.000    1.996    0.004    0.000    0.000    0.000    0.000    0.000    0.000    0.000
79        0.000    0.000    0.000    0.000    0.000    1.998    0.002    0.000    0.000    0.000    0.000    0.000    0.000    0.000
80        0.000    0.000    0.000    0.000    0.000    0.000    0.000    0.000    0.000    0.000    0.000    0.000    0.000    0.000
81        0.000    0.000    0.000    0.000    0.000    1.999    0.001    0.000    0.000    0.000    0.000    0.000    0.000    0.000
82        0.000    0.000    0.000    0.000    0.000    2.000    0.000    0.000    0.000    0.000    0.000    0.000    0.000    0.000
83        0.000    0.000    0.000    0.000    0.000    0.000    0.000    0.000    0.000    0.000    0.000    0.000    0.000    0.000
84        0.000    0.000    0.000    0.000    0.000    0.000    0.000    0.000    0.000    0.000    0.000    0.000    0.000    0.000
85        0.000    0.000    0.000    0.000    0.000    0.000    0.000    0.000    0.000    0.000    0.000    0.000    0.000    0.000
86        0.000    0.000    0.000    0.000    0.000    0.000    0.000    0.000    0.000    0.000    0.000    0.000    0.000    0.000
87        0.000    0.000    0.000    0.000    0.000    1.000    0.000    0.000    0.000    0.000    0.000    0.000    0.000    0.000
88        0.000    0.000    0.000    0.000    0.000    1.000    0.000    0.000    0.000    0.000    0.000    0.000    0.000    0.000
89        0.000    0.000    0.000    0.000    0.000    0.000    0.000    0.000    0.000    0.000    0.000    0.000    0.000    0.000
90        0.000    0.000    0.000    0.000    0.000    0.000    0.000    0.000    0.000    0.000    0.000    0.000    0.000    0.000
91        0.000    0.000    0.000    0.000    0.000    0.000    0.000    0.000    0.000    0.000    0.000    0.000    0.000    0.000
92        0.000    0.000    0.000    0.000    0.000    0.000    0.000    0.000    0.000    0.000    0.000    0.000    0.000    0.000
93        0.000    0.000    0.000    0.000    0.000    0.000    0.000    0.000    0.000    0.000    0.000    0.000    0.000    0.000
94        0.000    0.000    0.000    0.000    0.000    0.000    0.000    0.000    0.000    0.000    0.000    0.000    0.000    0.000
95        0.000    0.000    0.000    0.000    0.000    0.000    0.000    0.000    0.000    0.000    0.000    0.000    0.000    0.000
96        0.000    0.000    0.000    0.000    0.000    0.000    0.000    0.000    0.000    0.000    0.000    0.000    0.000    0.000
97        0.000    0.000    0.000    0.000    0.000    0.000    0.000    0.000    0.000    0.000    0.000    0.000    0.000    0.000
98        0.000    0.000    0.000    0.000    0.000    0.000    0.000    0.000    0.000    0.000    0.000    0.000    0.000    0.000
99        0.000    0.000    0.000    0.000    0.000    0.000    0.000    0.000    0.000    0.000    0.000    0.000    0.000    0.000
100       0.000    0.000    0.000    0.000    0.000    0.000    0.000    0.000    0.000    0.000    0.000    0.000    0.000    0.000
101       0.000    0.000    0.000    0.000    0.000    0.000    0.000    0.000    0.000    0.000    0.000    0.000    0.000    0.000
102       0.000    0.000    0.000    0.000    0.000    0.000    0.000    0.000    0.000    0.000    0.000    0.000    0.000    0.000
103       0.000    0.000    0.000    0.000    0.000    0.000    0.000    0.000    0.000    0.000    0.000    0.000    0.000    0.000
104       0.000    0.000    0.000    0.000    0.000    0.000    0.000    0.000    0.000    0.000    0.000    0.000    0.000    0.000
105       0.000    0.000    0.000    0.000    0.000    0.000    0.000    0.000    0.000    0.000    0.000    0.000    0.000    0.000
106       0.000    0.000    0.000    0.000    0.000    0.000    0.000    0.000    0.000    0.000    0.000    0.000    0.000    0.000
107       0.000    0.000    0.000    0.000    0.000    0.000    0.000    0.000    0.000    0.000    0.000    0.000    0.000    0.000
108       0.000    0.000    0.000    0.000    0.000    0.000    0.000    0.000    0.000    0.000    0.000    0.000    0.000    0.000
109       0.000    0.000    0.000    0.000    0.000    0.000    0.000    0.000    0.000    0.000    0.000    0.000    0.000    0.000
110       0.000    0.000    0.000    0.000    0.000    0.000    0.000    0.000    0.000    0.000    0.000    0.000    0.000    0.000
111       0.000    0.000    0.000    0.000    0.000    0.000    0.000    0.000    0.000    0.000    0.000    0.000    0.000    0.000
112       0.000    0.000    0.000    0.000    0.000    0.000    0.000    0.000    0.000    0.000    0.000    0.000    0.000    0.000
113       0.000    0.000    0.000    0.000    0.000    0.000    0.000    0.000    0.000    0.000    0.000    0.000    0.000    0.000
114       0.000    0.000    0.000    0.000    0.000    0.000    0.000    0.000    0.000    0.000    0.000    0.000    0.000    0.000
115       0.000    0.000    0.000    0.000    0.000    0.000    0.000    0.000    0.000    0.000    0.000    0.000    0.000    0.000
116       0.000    0.000    0.000    0.000    0.000    0.000    0.000    0.000    0.000    0.000    0.000    0.000    0.000    0.000
117       0.000    0.000    0.000    0.000    0.000    0.000    0.000    0.000    0.000    0.000    0.000    0.000    0.000    0.000
118       0.000    0.000    0.000    0.000    0.000    0.000    0.000    0.000    0.000    0.000    0.000    0.000    0.000    0.000
119       0.000    0.000    0.000    0.000    0.000    0.000    0.000    0.000    0.000    0.000    0.000    0.000    0.000    0.000
120       0.000    0.000    0.000    0.000    0.000    0.000    0.000    0.000    0.000    0.000    0.000    0.000    0.000    0.000
121       0.000    0.000    0.000    0.000    0.000    0.000    0.000    0.000    0.000    0.000    0.000    0.000    0.000    0.000
122       0.000    0.000    0.000    0.000    0.000    0.000    0.000    0.000    0.000    0.000    0.000    0.000    0.000    0.000
123       0.000    0.000    0.000    0.000    0.000    0.000    0.000    0.000    0.000    0.000    0.000    0.000    0.000    0.000
124       0.000    0.000    0.000    0.000    0.000    0.000    0.000    0.000    0.000    0.000    0.000    0.000    0.000    0.000
125       0.000    0.000    0.000    0.000    0.000    0.000    0.000    0.000    0.000    0.000    0.000    0.000    0.000    0.000
126       0.000    0.000    0.000    0.000    0.000    0.000    0.000    0.000    0.000    0.000    0.000    0.000    0.000    0.000
127       0.000    0.000    0.000    0.000    0.000    0.000    0.000    0.000    0.000    0.000    0.000    0.000    0.000    0.000
128       0.000    0.000    0.000    0.000    0.000    0.000    0.000    0.000    0.000    0.000    0.000    0.000    0.000    0.000
129       0.000    0.000    0.000    0.000    0.000    0.000    0.000    0.000    0.000    0.000    0.000    0.000    0.000    0.000
130       0.000    0.000    0.000    0.000    0.000    0.000    0.000    0.000    0.000    0.000    0.000    0.000    0.000    0.000
131       0.000    0.000    0.000    0.000    0.000    0.000    0.000    0.000    0.000    0.000    0.000    0.000    0.000    0.000
132       0.000    0.000    0.000    0.000    0.000    0.000    0.000    0.000    0.000    0.000    0.000    0.000    0.000    0.000
133       0.000    0.000    0.000    0.000    0.000    0.000    0.000    0.000    0.000    0.000    0.000    0.000    0.000    0.000
134       0.000    0.000    0.000    0.000    0.000    0.000    0.000    0.000    0.000    0.000    0.000    0.000    0.000    0.000
135       0.000    0.000    0.000    0.000    0.000    0.000    0.000    0.000    0.000    0.000    0.000    0.000    0.000    0.000
136       0.000    0.000    0.000    0.000    0.000    0.000    0.000    0.000    0.000    0.000    0.000    0.000    0.000    0.000
137       0.000    0.000    0.000    0.000    0.000    0.000    0.000    0.000    0.000    0.000    0.000    0.000    0.000    0.000
138       0.000    0.000    0.000    0.000    0.000    0.000    0.000    0.000    0.000    0.000    0.000    0.000    0.000    0.000
139       0.000    0.000    0.000    0.000    0.000    0.000    0.000    0.000    0.000    0.000    0.000    0.000    0.000    0.000
140       0.000    0.000    0.000    0.000    0.000    0.000    0.000    0.000    0.000    0.000    0.000    0.000    0.000    0.000
141       0.000    0.000    0.000    0.000    0.000    0.000    0.000    0.000    0.000    0.000    0.000    0.000    0.000    0.000
142       0.000    0.000    0.000    0.000    0.000    0.000    0.000    0.000    0.000    0.000    0.000    0.000    0.000    0.000
143       0.000    0.000    0.000    0.000    0.000    0.000    0.000    0.000    0.000    0.000    0.000    0.000    0.000    0.000
144       0.000    0.000    0.000    0.000    0.000    0.000    0.000    0.000    0.000    0.000    0.000    0.000    0.000    0.000
145       0.000    0.000    0.000    0.000    0.000    0.000    0.000    0.000    0.000    0.000    0.000    0.000    0.000    0.000
146       0.000    0.000    0.000    0.000    0.000    0.000    0.000    0.000    0.000    0.000    0.000    0.000    0.000    0.000
147       0.000    0.000    0.000    0.000    0.000    0.000    0.000    0.000    0.000    0.000    0.000    0.000    0.000    0.000
148       0.000    0.000    0.000    0.000    0.000    0.000    0.000    0.000    0.000    0.000    0.000    0.000    0.000    0.000
149       0.000    0.000    0.000    0.000    0.000    0.000    0.000    0.000    0.000    0.000    0.000    0.000    0.000    0.000
150       0.000    0.000    0.000    0.000    0.000    0.000    0.000    0.000    0.000    0.000    0.000    0.000    0.000    0.000
Sum       0.000    0.000    0.000  115.538  903.385  429.917  238.293    0.867    0.000    0.000    0.000    0.000    0.000    0.000
mW        0.000    0.000    0.000    1.074    1.390    1.823    1.708    3.057    0.000    0.000    0.000    0.000    0.000    0.000
mL        0.000    0.000    0.000   49.811   54.613   59.146   58.671      NaN    0.000    0.000    0.000    0.000    0.000    0.000
pA        0.000    0.000    0.000    0.068    0.535    0.255    0.141    0.001    0.000    0.000    0.000    0.000    0.000    0.000
tot.mW 1524.373 1524.373 1524.373 1524.373 1524.373 1524.373 1524.373 1524.373 1524.373 1524.373 1524.373 1524.373 1524.373 1524.373
tot.mL   56.162   56.162   56.162   56.162   56.162   56.162   56.162   56.162   56.162   56.162   56.162   56.162   56.162   56.162
             14       15    Matad      Sum
1         0.000    0.000    0.000    0.000
2         0.000    0.000    0.000    0.000
3         0.000    0.000    0.000    0.000
4         0.000    0.000    0.000    0.000
5         0.000    0.000    0.000    0.000
6         0.000    0.000    0.000    0.000
7         0.000    0.000    0.000    0.000
8         0.000    0.000    0.000    0.000
9         0.000    0.000    0.000    0.000
10        0.000    0.000    0.000    0.000
11        0.000    0.000    0.000    0.000
12        0.000    0.000    0.000    0.000
13        0.000    0.000    0.000    0.000
14        0.000    0.000    0.000    0.000
15        0.000    0.000    0.000    0.000
16        0.000    0.000    0.000    0.000
17        0.000    0.000    0.000    0.000
18        0.000    0.000    0.000    0.000
19        0.000    0.000    0.000    0.000
20        0.000    0.000    0.000    0.000
21        0.000    0.000    0.000    0.000
22        0.000    0.000    0.000    0.000
23        0.000    0.000    0.000    0.000
24        0.000    0.000    0.000    0.000
25        0.000    0.000    0.000    0.000
26        0.000    0.000    0.000    0.000
27        0.000    0.000    0.000    0.000
28        0.000    0.000    0.000    0.000
29        0.000    0.000    0.000    0.000
30        0.000    0.000    0.000    0.000
31        0.000    0.000    0.000    0.000
32        0.000    0.000    0.000    0.000
33        0.000    0.000    0.000    0.000
34        0.000    0.000    0.000    0.000
35        0.000    0.000    0.000    0.000
36        0.000    0.000    0.000    0.000
37        0.000    0.000    0.000    0.000
38        0.000    0.000    0.000    0.000
39        0.000    0.000    0.000    0.000
40        0.000    0.000    0.000    0.000
41        0.000    0.000    0.000    0.000
42        0.000    0.000    0.000    0.000
43        0.000    0.000    1.000    1.000
44        0.000    0.000    3.000    3.000
45        0.000    0.000    9.000    9.000
46        0.000    0.000   13.000   13.000
47        0.000    0.000   34.000   34.000
48        0.000    0.000   26.000   26.000
49        0.000    0.000   43.000   43.000
50        0.000    0.000   68.000   68.000
51        0.000    0.000   91.000   91.000
52        0.000    0.000  105.000  105.000
53        0.000    0.000  117.000  117.000
54        0.000    0.000  154.000  154.000
55        0.000    0.000  124.000  124.000
56        0.000    0.000  143.000  143.000
57        0.000    0.000  139.000  139.000
58        0.000    0.000  129.000  129.000
59        0.000    0.000  106.000  106.000
60        0.000    0.000   92.000   92.000
61        0.000    0.000   79.000   79.000
62        0.000    0.000   65.000   65.000
63        0.000    0.000   44.000   44.000
64        0.000    0.000   23.000   23.000
65        0.000    0.000   18.000   18.000
66        0.000    0.000   15.000   15.000
67        0.000    0.000    8.000    8.000
68        0.000    0.000    9.000    9.000
69        0.000    0.000    5.000    5.000
70        0.000    0.000    3.000    3.000
71        0.000    0.000    6.000    6.000
72        0.000    0.000    1.000    1.000
73        0.000    0.000    1.000    1.000
74        0.000    0.000    1.000    1.000
75        0.000    0.000    0.000    0.000
76        0.000    0.000    2.000    2.000
77        0.000    0.000    1.000    1.000
78        0.000    0.000    2.000    2.000
79        0.000    0.000    2.000    2.000
80        0.000    0.000    0.000    0.000
81        0.000    0.000    2.000    2.000
82        0.000    0.000    2.000    2.000
83        0.000    0.000    0.000    0.000
84        0.000    0.000    0.000    0.000
85        0.000    0.000    0.000    0.000
86        0.000    0.000    0.000    0.000
87        0.000    0.000    1.000    1.000
88        0.000    0.000    1.000    1.000
89        0.000    0.000    0.000    0.000
90        0.000    0.000    0.000    0.000
91        0.000    0.000    0.000    0.000
92        0.000    0.000    0.000    0.000
93        0.000    0.000    0.000    0.000
94        0.000    0.000    0.000    0.000
95        0.000    0.000    0.000    0.000
96        0.000    0.000    0.000    0.000
97        0.000    0.000    0.000    0.000
98        0.000    0.000    0.000    0.000
99        0.000    0.000    0.000    0.000
100       0.000    0.000    0.000    0.000
101       0.000    0.000    0.000    0.000
102       0.000    0.000    0.000    0.000
103       0.000    0.000    0.000    0.000
104       0.000    0.000    0.000    0.000
105       0.000    0.000    0.000    0.000
106       0.000    0.000    0.000    0.000
107       0.000    0.000    0.000    0.000
108       0.000    0.000    0.000    0.000
109       0.000    0.000    0.000    0.000
110       0.000    0.000    0.000    0.000
111       0.000    0.000    0.000    0.000
112       0.000    0.000    0.000    0.000
113       0.000    0.000    0.000    0.000
114       0.000    0.000    0.000    0.000
115       0.000    0.000    0.000    0.000
116       0.000    0.000    0.000    0.000
117       0.000    0.000    0.000    0.000
118       0.000    0.000    0.000    0.000
119       0.000    0.000    0.000    0.000
120       0.000    0.000    0.000    0.000
121       0.000    0.000    0.000    0.000
122       0.000    0.000    0.000    0.000
123       0.000    0.000    0.000    0.000
124       0.000    0.000    0.000    0.000
125       0.000    0.000    0.000    0.000
126       0.000    0.000    0.000    0.000
127       0.000    0.000    0.000    0.000
128       0.000    0.000    0.000    0.000
129       0.000    0.000    0.000    0.000
130       0.000    0.000    0.000    0.000
131       0.000    0.000    0.000    0.000
132       0.000    0.000    0.000    0.000
133       0.000    0.000    0.000    0.000
134       0.000    0.000    0.000    0.000
135       0.000    0.000    0.000    0.000
136       0.000    0.000    0.000    0.000
137       0.000    0.000    0.000    0.000
138       0.000    0.000    0.000    0.000
139       0.000    0.000    0.000    0.000
140       0.000    0.000    0.000    0.000
141       0.000    0.000    0.000    0.000
142       0.000    0.000    0.000    0.000
143       0.000    0.000    0.000    0.000
144       0.000    0.000    0.000    0.000
145       0.000    0.000    0.000    0.000
146       0.000    0.000    0.000    0.000
147       0.000    0.000    0.000    0.000
148       0.000    0.000    0.000    0.000
149       0.000    0.000    0.000    0.000
150       0.000    0.000    0.000    0.000
Sum       0.000    0.000 1688.000 1688.000
mW        0.000    0.000    0.000    0.000
mL        0.000    0.000    0.000    0.000
pA        0.000    0.000    0.000    0.000
tot.mW 1524.373 1524.373 1524.373 1524.373
tot.mL   56.162   56.162   56.162   56.162


 .... [TRUNCATED] 
>>>>>>>>>>>>>>>>>>>>>>>>>>>>>>>>>>>>>>>>>>>>>>>>>>>>>>>>>>>>>> 
 > Dato                :  Mon Dec  1 14:37:36 2014 
 > Slag                :  UP 
 > ?r                  :  2013 
 > Ti?arskei?          :  JUN-DEC 
 > Skipab?lk/-ar       :  20 
 > Skipab?lk/-ar (l?n) :  0 
 > ICES-?ki            :  VB1 
 <<<<<<<<<<<<<<<<<<<<<<<<<<<<<<<<<<<<<<<<<<<<<<<<<<<<<<<<<<<<<< 

$URSLITID
   aldur tal_matad tal_fiskad midal_longd midal_vekt roknad_veida
0      0         0          0        0.00      0.000            0
1      1         0          0        0.00      0.000            0
2      2         0          0        0.00      0.000            0
3      3        99       3301       51.29      1.149         3793
4      4       913      30459       54.56      1.386        42218
5      5       351      11711       58.49      1.703        19943
6      6       246       8197       58.75      1.710        14016
7      7         1         33       72.00      3.057          102
8      8         0          0        0.00      0.000            0
9      9         0          0        0.00      0.000            0
10    10         0          0        0.00      0.000            0
11    11         0          0        0.00      0.000            0
12    12         0          0        0.00      0.000            0
13    13         0          0        0.00      0.000            0
14    14         0          0        0.00      0.000            0
15    15         0          0        0.00      0.000            0
17   Sum      1610      53701       55.87      1.491        80072

$URSLITID.j
   aldur tal_matad tal_fiskad midal_longd midal_vekt roknad_veida
0      0         0          0        0.00      0.000            0
1      1         0          0        0.00      0.000            0
2      2         0          0        0.00      0.000            0
3      3       116       3595       49.81      1.074         3861
4      4       903      28112       54.61      1.390        39074
5      5       430      13378       59.15      1.823        24387
6      6       238       7415       58.67      1.708        12667
7      7         1         27        0.00      3.057           83
8      8         0          0        0.00      0.000            0
9      9         0          0        0.00      0.000            0
10    10         0          0        0.00      0.000            0
11    11         0          0        0.00      0.000            0
12    12         0          0        0.00      0.000            0
13    13         0          0        0.00      0.000            0
14    14         0          0        0.00      0.000            0
15    15         0          0        0.00      0.000            0
17   Sum      1688      52527       56.16      1.524        80072


 .... [TRUNCATED] 
