
 .... [TRUNCATED] 
<<<<<<<<<<<<<<<<<<<<<<<<<<<<<<<<<<<<<<<<<<<<<<<<<<<<<<<<<<<<<<<<<<<<<<<< 
 > Dato                                      :  Tue Dec  9 11:30:53 2014 
 > Slag                                      :  HY 
 > Ár                                        :  2014 
 > Skipabólk/-ar                             :  20 21 
 > Byrjanar og enda mánaŵ fyri ALK/ALD       :  APR-DEC 
 > Skipabólk/-ar, sum longdir eru lántar frá :  0 
 > Skipabólk/-ar, sum vektir eru lántar frá  :  0 
 > Skipabólk/-ar, sum aldrar eru lántar frá  :  0 
 > ICES-øki                                  :  VB1 
 <<<<<<<<<<<<<<<<<<<<<<<<<<<<<<<<<<<<<<<<<<<<<<<<<<<<<<<<<<<<<<<<<<<<<<<<
 .... [TRUNCATED] 
>>>>>>>>>>>>>>>>>>>>>>>>>>>>>>>>>>>>> 
> Alpha	 = 0.009401336
> Beta	 = 2.969152
> R^2	 = 0.9428403
> N	 = 952
> Veida (kg.)	  = 22222
> Rundveida (kg.) = 24666.42
<<<<<<<<<<<<<<<<<<<<<<<<<<<<<<<<<<<<<
 .... [TRUNCATED] 
>>>>>>>>>>>>>> 	 ALK-lykil 	 <<<<<<<<<<<<
 .... [TRUNCATED] 
$ALK
    longd 0 1 2 3 4 5 6 7 8 9 10 11 12 13 14 15 Sum Matad
1       1 0 0 0 0 0 0 0 0 0 0  0  0  0  0  0  0   0     0
2       2 0 0 0 0 0 0 0 0 0 0  0  0  0  0  0  0   0     0
3       3 0 0 0 0 0 0 0 0 0 0  0  0  0  0  0  0   0     0
4       4 0 0 0 0 0 0 0 0 0 0  0  0  0  0  0  0   0     0
5       5 0 0 0 0 0 0 0 0 0 0  0  0  0  0  0  0   0     0
6       6 0 0 0 0 0 0 0 0 0 0  0  0  0  0  0  0   0     0
7       7 0 0 0 0 0 0 0 0 0 0  0  0  0  0  0  0   0     0
8       8 0 0 0 0 0 0 0 0 0 0  0  0  0  0  0  0   0     0
9       9 0 0 0 0 0 0 0 0 0 0  0  0  0  0  0  0   0     0
10     10 0 0 0 0 0 0 0 0 0 0  0  0  0  0  0  0   0     0
11     11 0 0 0 0 0 0 0 0 0 0  0  0  0  0  0  0   0     0
12     12 0 0 0 0 0 0 0 0 0 0  0  0  0  0  0  0   0     0
13     13 0 0 0 0 0 0 0 0 0 0  0  0  0  0  0  0   0     0
14     14 0 0 0 0 0 0 0 0 0 0  0  0  0  0  0  0   0     0
15     15 0 0 0 0 0 0 0 0 0 0  0  0  0  0  0  0   0     0
16     16 0 0 0 0 0 0 0 0 0 0  0  0  0  0  0  0   0     0
17     17 0 0 0 0 0 0 0 0 0 0  0  0  0  0  0  0   0     0
18     18 0 0 0 0 0 0 0 0 0 0  0  0  0  0  0  0   0     0
19     19 0 0 0 0 0 0 0 0 0 0  0  0  0  0  0  0   0     0
20     20 0 0 0 0 0 0 0 0 0 0  0  0  0  0  0  0   0     0
21     21 0 0 0 0 0 0 0 0 0 0  0  0  0  0  0  0   0     0
22     22 0 0 0 0 0 0 0 0 0 0  0  0  0  0  0  0   0     0
23     23 0 0 0 0 0 0 0 0 0 0  0  0  0  0  0  0   0     0
24     24 0 0 0 0 0 0 0 0 0 0  0  0  0  0  0  0   0     0
25     25 0 0 0 0 0 0 0 0 0 0  0  0  0  0  0  0   0     0
26     26 0 0 0 0 0 0 0 0 0 0  0  0  0  0  0  0   0     0
27     27 0 0 0 0 0 0 0 0 0 0  0  0  0  0  0  0   0     0
28     28 0 0 0 0 0 0 0 0 0 0  0  0  0  0  0  0   0     0
29     29 0 0 0 0 0 0 0 0 0 0  0  0  0  0  0  0   0     0
30     30 0 0 0 0 0 0 0 0 0 0  0  0  0  0  0  0   0     0
31     31 0 0 0 0 0 0 0 0 0 0  0  0  0  0  0  0   0     0
32     32 0 0 0 0 0 0 0 0 0 0  0  0  0  0  0  0   0     0
33     33 0 0 0 0 0 0 0 0 0 0  0  0  0  0  0  0   0     1
34     34 0 0 0 0 0 0 0 0 0 0  0  0  0  0  0  0   0     0
35     35 0 0 0 0 0 0 0 0 0 0  0  0  0  0  0  0   0     1
36     36 0 0 0 0 0 0 0 0 0 0  0  0  0  0  0  0   0     2
37     37 0 0 0 0 0 0 0 0 0 0  0  0  0  0  0  0   0     2
38     38 0 0 0 0 0 0 0 0 0 0  0  0  0  0  0  0   0     3
39     39 0 0 0 1 0 0 0 0 0 0  0  0  0  0  0  0   1     4
40     40 0 0 0 1 0 0 0 0 0 0  0  0  0  0  0  0   1     5
41     41 0 0 0 1 1 0 0 0 0 0  0  0  0  0  0  0   2     6
42     42 0 0 1 0 0 0 0 0 0 0  0  0  0  0  0  0   1    14
43     43 0 0 0 2 0 0 0 0 0 0  0  0  0  0  0  0   2    14
44     44 0 0 0 2 1 0 0 0 0 0  0  0  0  0  0  0   3    34
45     45 0 0 0 0 0 0 0 0 0 0  0  0  0  0  0  0   0    29
46     46 0 0 0 1 2 4 0 0 0 0  0  0  0  0  0  0   7    40
47     47 0 0 0 0 1 5 0 0 0 0  0  0  0  0  0  0   6    34
48     48 0 0 0 1 1 2 0 1 0 0  0  0  0  0  0  0   5    47
49     49 0 0 0 0 1 6 0 0 0 0  0  0  0  0  0  0   7    56
50     50 0 0 0 1 0 3 0 0 0 0  0  0  0  0  0  0   4    52
51     51 0 0 0 0 0 9 2 0 0 0  0  0  0  0  0  0  11    59
52     52 0 0 0 1 2 4 0 0 0 1  0  0  0  0  0  0   8    51
53     53 0 0 0 0 0 7 2 1 0 0  0  0  0  0  0  0  10    70
54     54 0 0 0 0 1 6 0 0 0 1  0  0  0  0  0  0   8    50
55     55 0 0 0 0 0 6 1 1 1 0  0  0  0  0  0  0   9    64
56     56 0 0 0 0 0 3 1 0 0 0  1  0  0  0  0  0   5    51
57     57 0 0 0 0 0 4 0 1 1 0  0  0  0  0  0  0   6    50
58     58 0 0 0 0 1 2 4 1 1 0  0  1  0  0  0  0  10    48
59     59 0 0 0 0 0 3 0 1 0 0  0  0  0  0  0  0   4    35
60     60 0 0 0 0 0 0 0 1 0 0  0  0  0  0  0  0   1    28
61     61 0 0 0 0 0 2 1 1 0 0  0  0  0  0  0  0   4    28
62     62 0 0 0 0 0 0 0 1 0 0  0  0  0  0  0  0   1    15
63     63 0 0 0 0 0 0 0 0 0 0  0  0  1  0  0  0   1    11
64     64 0 0 0 0 0 1 0 0 0 0  0  0  0  0  0  0   1    13
65     65 0 0 0 0 0 0 0 0 0 0  0  0  0  0  0  0   0     8
66     66 0 0 0 0 0 0 0 0 0 0  0  0  0  0  0  0   0     7
67     67 0 0 0 0 0 0 0 0 0 0  0  0  0  0  0  0   0     6
68     68 0 0 0 0 0 0 0 0 0 0  1  0  0  0  0  0   1     7
69     69 0 0 0 0 0 0 0 0 0 0  0  0  0  0  0  0   0     1
70     70 0 0 0 0 0 0 0 0 0 0  0  0  0  0  0  0   0     1
71     71 0 0 0 0 0 0 0 0 0 0  0  0  0  0  0  0   0     1
72     72 0 0 0 0 0 0 0 0 0 0  0  0  0  0  0  0   0     0
73     73 0 0 0 0 0 0 0 0 0 0  0  0  0  0  0  0   0     0
74     74 0 0 0 0 0 0 0 0 0 1  0  0  0  0  0  0   1     2
75     75 0 0 0 0 0 0 0 0 0 0  0  0  0  0  0  0   0     0
76     76 0 0 0 0 0 0 0 0 0 0  0  0  0  0  0  0   0     0
77     77 0 0 0 0 0 0 0 0 0 0  0  0  0  0  0  0   0     1
78     78 0 0 0 0 0 0 0 0 0 0  0  0  0  0  0  0   0     0
79     79 0 0 0 0 0 0 0 0 0 0  0  0  0  0  0  0   0     0
80     80 0 0 0 0 0 0 0 0 0 0  0  0  0  0  0  0   0     0
81     81 0 0 0 0 0 0 0 0 0 0  0  0  0  0  0  0   0     0
82     82 0 0 0 0 0 0 0 0 0 0  0  0  0  0  0  0   0     1
83     83 0 0 0 0 0 0 0 0 0 0  0  0  0  0  0  0   0     0
84     84 0 0 0 0 0 0 0 0 0 0  0  0  0  0  0  0   0     0
85     85 0 0 0 0 0 0 0 0 0 0  0  0  0  0  0  0   0     0
86     86 0 0 0 0 0 0 0 0 0 0  0  0  0  0  0  0   0     0
87     87 0 0 0 0 0 0 0 0 0 0  0  0  0  0  0  0   0     0
88     88 0 0 0 0 0 0 0 0 0 0  0  0  0  0  0  0   0     0
89     89 0 0 0 0 0 0 0 0 0 0  0  0  0  0  0  0   0     0
90     90 0 0 0 0 0 0 0 0 0 0  0  0  0  0  0  0   0     0
91     91 0 0 0 0 0 0 0 0 0 0  0  0  0  0  0  0   0     0
92     92 0 0 0 0 0 0 0 0 0 0  0  0  0  0  0  0   0     0
93     93 0 0 0 0 0 0 0 0 0 0  0  0  0  0  0  0   0     0
94     94 0 0 0 0 0 0 0 0 0 0  0  0  0  0  0  0   0     0
95     95 0 0 0 0 0 0 0 0 0 0  0  0  0  0  0  0   0     0
96     96 0 0 0 0 0 0 0 0 0 0  0  0  0  0  0  0   0     0
97     97 0 0 0 0 0 0 0 0 0 0  0  0  0  0  0  0   0     0
98     98 0 0 0 0 0 0 0 0 0 0  0  0  0  0  0  0   0     0
99     99 0 0 0 0 0 0 0 0 0 0  0  0  0  0  0  0   0     0
100   100 0 0 0 0 0 0 0 0 0 0  0  0  0  0  0  0   0     0
101   101 0 0 0 0 0 0 0 0 0 0  0  0  0  0  0  0   0     0
102   102 0 0 0 0 0 0 0 0 0 0  0  0  0  0  0  0   0     0
103   103 0 0 0 0 0 0 0 0 0 0  0  0  0  0  0  0   0     0
104   104 0 0 0 0 0 0 0 0 0 0  0  0  0  0  0  0   0     0
105   105 0 0 0 0 0 0 0 0 0 0  0  0  0  0  0  0   0     0
106   106 0 0 0 0 0 0 0 0 0 0  0  0  0  0  0  0   0     0
107   107 0 0 0 0 0 0 0 0 0 0  0  0  0  0  0  0   0     0
108   108 0 0 0 0 0 0 0 0 0 0  0  0  0  0  0  0   0     0
109   109 0 0 0 0 0 0 0 0 0 0  0  0  0  0  0  0   0     0
110   110 0 0 0 0 0 0 0 0 0 0  0  0  0  0  0  0   0     0
111   111 0 0 0 0 0 0 0 0 0 0  0  0  0  0  0  0   0     0
112   112 0 0 0 0 0 0 0 0 0 0  0  0  0  0  0  0   0     0
113   113 0 0 0 0 0 0 0 0 0 0  0  0  0  0  0  0   0     0
114   114 0 0 0 0 0 0 0 0 0 0  0  0  0  0  0  0   0     0
115   115 0 0 0 0 0 0 0 0 0 0  0  0  0  0  0  0   0     0
116   116 0 0 0 0 0 0 0 0 0 0  0  0  0  0  0  0   0     0
117   117 0 0 0 0 0 0 0 0 0 0  0  0  0  0  0  0   0     0
118   118 0 0 0 0 0 0 0 0 0 0  0  0  0  0  0  0   0     0
119   119 0 0 0 0 0 0 0 0 0 0  0  0  0  0  0  0   0     0
120   120 0 0 0 0 0 0 0 0 0 0  0  0  0  0  0  0   0     0
121   121 0 0 0 0 0 0 0 0 0 0  0  0  0  0  0  0   0     0
122   122 0 0 0 0 0 0 0 0 0 0  0  0  0  0  0  0   0     0
123   123 0 0 0 0 0 0 0 0 0 0  0  0  0  0  0  0   0     0
124   124 0 0 0 0 0 0 0 0 0 0  0  0  0  0  0  0   0     0
125   125 0 0 0 0 0 0 0 0 0 0  0  0  0  0  0  0   0     0
126   126 0 0 0 0 0 0 0 0 0 0  0  0  0  0  0  0   0     0
127   127 0 0 0 0 0 0 0 0 0 0  0  0  0  0  0  0   0     0
128   128 0 0 0 0 0 0 0 0 0 0  0  0  0  0  0  0   0     0
129   129 0 0 0 0 0 0 0 0 0 0  0  0  0  0  0  0   0     0
130   130 0 0 0 0 0 0 0 0 0 0  0  0  0  0  0  0   0     0
131   131 0 0 0 0 0 0 0 0 0 0  0  0  0  0  0  0   0     0
132   132 0 0 0 0 0 0 0 0 0 0  0  0  0  0  0  0   0     0
133   133 0 0 0 0 0 0 0 0 0 0  0  0  0  0  0  0   0     0
134   134 0 0 0 0 0 0 0 0 0 0  0  0  0  0  0  0   0     0
135   135 0 0 0 0 0 0 0 0 0 0  0  0  0  0  0  0   0     0
136   136 0 0 0 0 0 0 0 0 0 0  0  0  0  0  0  0   0     0
137   137 0 0 0 0 0 0 0 0 0 0  0  0  0  0  0  0   0     0
138   138 0 0 0 0 0 0 0 0 0 0  0  0  0  0  0  0   0     0
139   139 0 0 0 0 0 0 0 0 0 0  0  0  0  0  0  0   0     0
140   140 0 0 0 0 0 0 0 0 0 0  0  0  0  0  0  0   0     0
141   141 0 0 0 0 0 0 0 0 0 0  0  0  0  0  0  0   0     0
142   142 0 0 0 0 0 0 0 0 0 0  0  0  0  0  0  0   0     0
143   143 0 0 0 0 0 0 0 0 0 0  0  0  0  0  0  0   0     0
144   144 0 0 0 0 0 0 0 0 0 0  0  0  0  0  0  0   0     0
145   145 0 0 0 0 0 0 0 0 0 0  0  0  0  0  0  0   0     0
146   146 0 0 0 0 0 0 0 0 0 0  0  0  0  0  0  0   0     0
147   147 0 0 0 0 0 0 0 0 0 0  0  0  0  0  0  0   0     0
148   148 0 0 0 0 0 0 0 0 0 0  0  0  0  0  0  0   0     0
149   149 0 0 0 0 0 0 0 0 0 0  0  0  0  0  0  0   0     0
150   150 0 0 0 0 0 0 0 0 0 0  0  0  0  0  0  0   0     0

$ALK.j
    longd 0 1 2     3     4     5     6     7     8     9    10 11 12 13 14 15   Sum Matad
1       1 0 0 0 0.000 0.000 0.000 0.000 0.000 0.000 0.000 0.000  0  0  0  0  0 0.000     0
2       2 0 0 0 0.000 0.000 0.000 0.000 0.000 0.000 0.000 0.000  0  0  0  0  0 0.000     0
3       3 0 0 0 0.000 0.000 0.000 0.000 0.000 0.000 0.000 0.000  0  0  0  0  0 0.000     0
4       4 0 0 0 0.000 0.000 0.000 0.000 0.000 0.000 0.000 0.000  0  0  0  0  0 0.000     0
5       5 0 0 0 0.000 0.000 0.000 0.000 0.000 0.000 0.000 0.000  0  0  0  0  0 0.000     0
6       6 0 0 0 0.000 0.000 0.000 0.000 0.000 0.000 0.000 0.000  0  0  0  0  0 0.000     0
7       7 0 0 0 0.000 0.000 0.000 0.000 0.000 0.000 0.000 0.000  0  0  0  0  0 0.000     0
8       8 0 0 0 0.000 0.000 0.000 0.000 0.000 0.000 0.000 0.000  0  0  0  0  0 0.000     0
9       9 0 0 0 0.000 0.000 0.000 0.000 0.000 0.000 0.000 0.000  0  0  0  0  0 0.000     0
10     10 0 0 0 0.000 0.000 0.000 0.000 0.000 0.000 0.000 0.000  0  0  0  0  0 0.000     0
11     11 0 0 0 0.000 0.000 0.000 0.000 0.000 0.000 0.000 0.000  0  0  0  0  0 0.000     0
12     12 0 0 0 0.000 0.000 0.000 0.000 0.000 0.000 0.000 0.000  0  0  0  0  0 0.000     0
13     13 0 0 0 0.000 0.000 0.000 0.000 0.000 0.000 0.000 0.000  0  0  0  0  0 0.000     0
14     14 0 0 0 0.000 0.000 0.000 0.000 0.000 0.000 0.000 0.000  0  0  0  0  0 0.000     0
15     15 0 0 0 0.000 0.000 0.000 0.000 0.000 0.000 0.000 0.000  0  0  0  0  0 0.000     0
16     16 0 0 0 0.000 0.000 0.000 0.000 0.000 0.000 0.000 0.000  0  0  0  0  0 0.000     0
17     17 0 0 0 0.000 0.000 0.000 0.000 0.000 0.000 0.000 0.000  0  0  0  0  0 0.000     0
18     18 0 0 0 0.000 0.000 0.000 0.000 0.000 0.000 0.000 0.000  0  0  0  0  0 0.000     0
19     19 0 0 0 0.000 0.000 0.000 0.000 0.000 0.000 0.000 0.000  0  0  0  0  0 0.000     0
20     20 0 0 0 0.000 0.000 0.000 0.000 0.000 0.000 0.000 0.000  0  0  0  0  0 0.000     0
21     21 0 0 0 0.000 0.000 0.000 0.000 0.000 0.000 0.001 0.000  0  0  0  0  0 0.001     0
22     22 0 0 0 0.000 0.000 0.000 0.000 0.000 0.000 0.001 0.000  0  0  0  0  0 0.001     0
23     23 0 0 0 0.000 0.000 0.000 0.000 0.000 0.000 0.001 0.000  0  0  0  0  0 0.001     0
24     24 0 0 0 0.000 0.000 0.000 0.000 0.000 0.000 0.001 0.000  0  0  0  0  0 0.001     0
25     25 0 0 0 0.000 0.000 0.000 0.000 0.000 0.000 0.002 0.000  0  0  0  0  0 0.002     0
26     26 0 0 0 0.000 0.000 0.000 0.000 0.000 0.000 0.002 0.000  0  0  0  0  0 0.002     0
27     27 0 0 0 0.000 0.000 0.000 0.000 0.000 0.000 0.002 0.000  0  0  0  0  0 0.003     0
28     28 0 0 0 0.000 0.000 0.000 0.000 0.000 0.000 0.003 0.000  0  0  0  0  0 0.004     0
29     29 0 0 0 0.001 0.000 0.000 0.000 0.000 0.000 0.004 0.000  0  0  0  0  0 0.005     0
30     30 0 0 0 0.002 0.000 0.000 0.000 0.000 0.000 0.005 0.000  0  0  0  0  0 0.007     0
31     31 0 0 0 0.005 0.001 0.000 0.000 0.000 0.000 0.006 0.000  0  0  0  0  0 0.012     0
32     32 0 0 0 0.010 0.002 0.000 0.000 0.000 0.000 0.007 0.000  0  0  0  0  0 0.019     0
33     33 0 0 0 0.021 0.004 0.000 0.000 0.000 0.000 0.008 0.000  0  0  0  0  0 0.034     1
34     34 0 0 0 0.040 0.009 0.000 0.000 0.000 0.000 0.010 0.000  0  0  0  0  0 0.059     0
35     35 0 0 0 0.072 0.016 0.001 0.000 0.000 0.000 0.012 0.001  0  0  0  0  0 0.101     1
36     36 0 0 0 0.123 0.028 0.002 0.000 0.000 0.000 0.014 0.001  0  0  0  0  0 0.167     2
37     37 0 0 0 0.198 0.047 0.005 0.000 0.000 0.000 0.016 0.001  0  0  0  0  0 0.267     2
38     38 0 0 0 0.300 0.075 0.011 0.000 0.000 0.000 0.019 0.002  0  0  0  0  0 0.408     3
39     39 0 0 0 0.429 0.117 0.026 0.000 0.000 0.000 0.022 0.002  0  0  0  0  0 0.597     4
40     40 0 0 0 0.579 0.174 0.056 0.000 0.000 0.000 0.025 0.003  0  0  0  0  0 0.838     5
41     41 0 0 0 0.736 0.247 0.116 0.000 0.001 0.000 0.029 0.004  0  0  0  0  0 1.134     6
42     42 0 0 1 0.882 0.337 0.226 0.000 0.003 0.000 0.033 0.006  0  0  0  0  0 2.486    14
43     43 0 0 0 0.995 0.441 0.413 0.001 0.005 0.000 0.037 0.008  0  0  0  0  0 1.900    14
44     44 0 0 0 1.059 0.552 0.711 0.003 0.011 0.000 0.041 0.010  0  0  0  0  0 2.387    34
45     45 0 0 0 1.062 0.663 1.153 0.007 0.020 0.000 0.046 0.013  0  0  0  0  0 2.965    29
46     46 0 0 0 1.003 0.764 1.763 0.018 0.037 0.000 0.051 0.016  0  0  0  0  0 3.652    40
47     47 0 0 0 0.894 0.843 2.540 0.043 0.063 0.000 0.056 0.020  0  0  0  0  0 4.458    34
48     48 0 0 0 0.750 0.891 3.448 0.091 0.102 0.000 0.060 0.024  0  0  0  0  0 5.367    47
49     49 0 0 0 0.593 0.903 4.409 0.175 0.158 0.000 0.065 0.029  0  0  0  0  0 6.333    56
50     50 0 0 0 0.442 0.878 5.312 0.308 0.231 0.000 0.070 0.035  0  0  0  0  0 7.277    52
51     51 0 0 0 0.311 0.817 6.030 0.495 0.323 0.001 0.075 0.041  0  0  0  0  0 8.092    59
52     52 0 0 0 0.206 0.729 6.449 0.724 0.428 0.007 0.079 0.047  0  0  0  0  0 8.670    51
53     53 0 0 0 0.128 0.624 6.498 0.967 0.539 0.044 0.083 0.054  0  0  0  0  0 8.937    70
54     54 0 0 0 0.076 0.511 6.168 1.177 0.646 0.171 0.087 0.060  0  0  0  0  0 8.896    50
55     55 0 0 0 0.042 0.402 5.517 1.307 0.734 0.432 0.090 0.067  0  0  0  0  0 8.591    64
56     56 0 0 0 0.022 0.303 4.649 1.324 0.793 0.712 0.093 0.073  0  0  0  0  0 7.968    51
57     57 0 0 0 0.011 0.218 3.691 1.223 0.813 0.765 0.095 0.079  0  0  0  0  0 6.895    50
58     58 0 0 0 0.005 0.151 2.761 1.030 0.793 0.535 0.097 0.084  1  0  0  0  0 6.455    48
59     59 0 0 0 0.002 0.100 1.945 0.791 0.734 0.244 0.098 0.088  0  0  0  0  0 4.003    35
60     60 0 0 0 0.001 0.064 1.292 0.554 0.646 0.072 0.098 0.091  0  0  0  0  0 2.818    28
61     61 0 0 0 0.000 0.039 0.808 0.354 0.539 0.014 0.098 0.093  0  0  0  0  0 1.946    28
62     62 0 0 0 0.000 0.023 0.476 0.206 0.428 0.002 0.097 0.094  0  0  0  0  0 1.326    15
63     63 0 0 0 0.000 0.013 0.264 0.110 0.323 0.000 0.095 0.093  0  1  0  0  0 1.899    11
64     64 0 0 0 0.000 0.007 0.138 0.053 0.231 0.000 0.093 0.091  0  0  0  0  0 0.614    13
65     65 0 0 0 0.000 0.003 0.068 0.023 0.158 0.000 0.090 0.088  0  0  0  0  0 0.431     8
66     66 0 0 0 0.000 0.002 0.032 0.009 0.102 0.000 0.087 0.084  0  0  0  0  0 0.316     7
67     67 0 0 0 0.000 0.001 0.014 0.003 0.063 0.000 0.083 0.079  0  0  0  0  0 0.243     6
68     68 0 0 0 0.000 0.000 0.006 0.001 0.037 0.000 0.079 0.073  0  0  0  0  0 0.196     7
69     69 0 0 0 0.000 0.000 0.002 0.000 0.020 0.000 0.075 0.067  0  0  0  0  0 0.165     1
70     70 0 0 0 0.000 0.000 0.001 0.000 0.011 0.000 0.070 0.060  0  0  0  0  0 0.142     1
71     71 0 0 0 0.000 0.000 0.000 0.000 0.005 0.000 0.065 0.054  0  0  0  0  0 0.125     1
72     72 0 0 0 0.000 0.000 0.000 0.000 0.003 0.000 0.060 0.047  0  0  0  0  0 0.110     0
73     73 0 0 0 0.000 0.000 0.000 0.000 0.001 0.000 0.056 0.041  0  0  0  0  0 0.097     0
74     74 0 0 0 0.000 0.000 0.000 0.000 0.000 0.000 0.051 0.035  0  0  0  0  0 0.086     2
75     75 0 0 0 0.000 0.000 0.000 0.000 0.000 0.000 0.046 0.029  0  0  0  0  0 0.075     0
76     76 0 0 0 0.000 0.000 0.000 0.000 0.000 0.000 0.041 0.024  0  0  0  0  0 0.066     0
77     77 0 0 0 0.000 0.000 0.000 0.000 0.000 0.000 0.037 0.020  0  0  0  0  0 0.057     1
78     78 0 0 0 0.000 0.000 0.000 0.000 0.000 0.000 0.033 0.016  0  0  0  0  0 0.049     0
79     79 0 0 0 0.000 0.000 0.000 0.000 0.000 0.000 0.029 0.013  0  0  0  0  0 0.042     0
80     80 0 0 0 0.000 0.000 0.000 0.000 0.000 0.000 0.025 0.010  0  0  0  0  0 0.035     0
81     81 0 0 0 0.000 0.000 0.000 0.000 0.000 0.000 0.022 0.008  0  0  0  0  0 0.030     0
82     82 0 0 0 0.000 0.000 0.000 0.000 0.000 0.000 0.019 0.006  0  0  0  0  0 0.025     1
83     83 0 0 0 0.000 0.000 0.000 0.000 0.000 0.000 0.016 0.004  0  0  0  0  0 0.021     0
84     84 0 0 0 0.000 0.000 0.000 0.000 0.000 0.000 0.014 0.003  0  0  0  0  0 0.017     0
85     85 0 0 0 0.000 0.000 0.000 0.000 0.000 0.000 0.012 0.002  0  0  0  0  0 0.014     0
86     86 0 0 0 0.000 0.000 0.000 0.000 0.000 0.000 0.010 0.002  0  0  0  0  0 0.012     0
87     87 0 0 0 0.000 0.000 0.000 0.000 0.000 0.000 0.008 0.001  0  0  0  0  0 0.010     0
88     88 0 0 0 0.000 0.000 0.000 0.000 0.000 0.000 0.007 0.001  0  0  0  0  0 0.008     0
89     89 0 0 0 0.000 0.000 0.000 0.000 0.000 0.000 0.006 0.001  0  0  0  0  0 0.006     0
90     90 0 0 0 0.000 0.000 0.000 0.000 0.000 0.000 0.005 0.000  0  0  0  0  0 0.005     0
91     91 0 0 0 0.000 0.000 0.000 0.000 0.000 0.000 0.004 0.000  0  0  0  0  0 0.004     0
92     92 0 0 0 0.000 0.000 0.000 0.000 0.000 0.000 0.003 0.000  0  0  0  0  0 0.003     0
93     93 0 0 0 0.000 0.000 0.000 0.000 0.000 0.000 0.002 0.000  0  0  0  0  0 0.003     0
94     94 0 0 0 0.000 0.000 0.000 0.000 0.000 0.000 0.002 0.000  0  0  0  0  0 0.002     0
95     95 0 0 0 0.000 0.000 0.000 0.000 0.000 0.000 0.002 0.000  0  0  0  0  0 0.002     0
96     96 0 0 0 0.000 0.000 0.000 0.000 0.000 0.000 0.001 0.000  0  0  0  0  0 0.001     0
97     97 0 0 0 0.000 0.000 0.000 0.000 0.000 0.000 0.001 0.000  0  0  0  0  0 0.001     0
98     98 0 0 0 0.000 0.000 0.000 0.000 0.000 0.000 0.001 0.000  0  0  0  0  0 0.001     0
99     99 0 0 0 0.000 0.000 0.000 0.000 0.000 0.000 0.001 0.000  0  0  0  0  0 0.001     0
100   100 0 0 0 0.000 0.000 0.000 0.000 0.000 0.000 0.000 0.000  0  0  0  0  0 0.000     0
101   101 0 0 0 0.000 0.000 0.000 0.000 0.000 0.000 0.000 0.000  0  0  0  0  0 0.000     0
102   102 0 0 0 0.000 0.000 0.000 0.000 0.000 0.000 0.000 0.000  0  0  0  0  0 0.000     0
103   103 0 0 0 0.000 0.000 0.000 0.000 0.000 0.000 0.000 0.000  0  0  0  0  0 0.000     0
104   104 0 0 0 0.000 0.000 0.000 0.000 0.000 0.000 0.000 0.000  0  0  0  0  0 0.000     0
105   105 0 0 0 0.000 0.000 0.000 0.000 0.000 0.000 0.000 0.000  0  0  0  0  0 0.000     0
106   106 0 0 0 0.000 0.000 0.000 0.000 0.000 0.000 0.000 0.000  0  0  0  0  0 0.000     0
107   107 0 0 0 0.000 0.000 0.000 0.000 0.000 0.000 0.000 0.000  0  0  0  0  0 0.000     0
108   108 0 0 0 0.000 0.000 0.000 0.000 0.000 0.000 0.000 0.000  0  0  0  0  0 0.000     0
109   109 0 0 0 0.000 0.000 0.000 0.000 0.000 0.000 0.000 0.000  0  0  0  0  0 0.000     0
110   110 0 0 0 0.000 0.000 0.000 0.000 0.000 0.000 0.000 0.000  0  0  0  0  0 0.000     0
111   111 0 0 0 0.000 0.000 0.000 0.000 0.000 0.000 0.000 0.000  0  0  0  0  0 0.000     0
112   112 0 0 0 0.000 0.000 0.000 0.000 0.000 0.000 0.000 0.000  0  0  0  0  0 0.000     0
113   113 0 0 0 0.000 0.000 0.000 0.000 0.000 0.000 0.000 0.000  0  0  0  0  0 0.000     0
114   114 0 0 0 0.000 0.000 0.000 0.000 0.000 0.000 0.000 0.000  0  0  0  0  0 0.000     0
115   115 0 0 0 0.000 0.000 0.000 0.000 0.000 0.000 0.000 0.000  0  0  0  0  0 0.000     0
116   116 0 0 0 0.000 0.000 0.000 0.000 0.000 0.000 0.000 0.000  0  0  0  0  0 0.000     0
117   117 0 0 0 0.000 0.000 0.000 0.000 0.000 0.000 0.000 0.000  0  0  0  0  0 0.000     0
118   118 0 0 0 0.000 0.000 0.000 0.000 0.000 0.000 0.000 0.000  0  0  0  0  0 0.000     0
119   119 0 0 0 0.000 0.000 0.000 0.000 0.000 0.000 0.000 0.000  0  0  0  0  0 0.000     0
120   120 0 0 0 0.000 0.000 0.000 0.000 0.000 0.000 0.000 0.000  0  0  0  0  0 0.000     0
121   121 0 0 0 0.000 0.000 0.000 0.000 0.000 0.000 0.000 0.000  0  0  0  0  0 0.000     0
122   122 0 0 0 0.000 0.000 0.000 0.000 0.000 0.000 0.000 0.000  0  0  0  0  0 0.000     0
123   123 0 0 0 0.000 0.000 0.000 0.000 0.000 0.000 0.000 0.000  0  0  0  0  0 0.000     0
124   124 0 0 0 0.000 0.000 0.000 0.000 0.000 0.000 0.000 0.000  0  0  0  0  0 0.000     0
125   125 0 0 0 0.000 0.000 0.000 0.000 0.000 0.000 0.000 0.000  0  0  0  0  0 0.000     0
126   126 0 0 0 0.000 0.000 0.000 0.000 0.000 0.000 0.000 0.000  0  0  0  0  0 0.000     0
127   127 0 0 0 0.000 0.000 0.000 0.000 0.000 0.000 0.000 0.000  0  0  0  0  0 0.000     0
128   128 0 0 0 0.000 0.000 0.000 0.000 0.000 0.000 0.000 0.000  0  0  0  0  0 0.000     0
129   129 0 0 0 0.000 0.000 0.000 0.000 0.000 0.000 0.000 0.000  0  0  0  0  0 0.000     0
130   130 0 0 0 0.000 0.000 0.000 0.000 0.000 0.000 0.000 0.000  0  0  0  0  0 0.000     0
131   131 0 0 0 0.000 0.000 0.000 0.000 0.000 0.000 0.000 0.000  0  0  0  0  0 0.000     0
132   132 0 0 0 0.000 0.000 0.000 0.000 0.000 0.000 0.000 0.000  0  0  0  0  0 0.000     0
133   133 0 0 0 0.000 0.000 0.000 0.000 0.000 0.000 0.000 0.000  0  0  0  0  0 0.000     0
134   134 0 0 0 0.000 0.000 0.000 0.000 0.000 0.000 0.000 0.000  0  0  0  0  0 0.000     0
135   135 0 0 0 0.000 0.000 0.000 0.000 0.000 0.000 0.000 0.000  0  0  0  0  0 0.000     0
136   136 0 0 0 0.000 0.000 0.000 0.000 0.000 0.000 0.000 0.000  0  0  0  0  0 0.000     0
137   137 0 0 0 0.000 0.000 0.000 0.000 0.000 0.000 0.000 0.000  0  0  0  0  0 0.000     0
138   138 0 0 0 0.000 0.000 0.000 0.000 0.000 0.000 0.000 0.000  0  0  0  0  0 0.000     0
139   139 0 0 0 0.000 0.000 0.000 0.000 0.000 0.000 0.000 0.000  0  0  0  0  0 0.000     0
140   140 0 0 0 0.000 0.000 0.000 0.000 0.000 0.000 0.000 0.000  0  0  0  0  0 0.000     0
141   141 0 0 0 0.000 0.000 0.000 0.000 0.000 0.000 0.000 0.000  0  0  0  0  0 0.000     0
142   142 0 0 0 0.000 0.000 0.000 0.000 0.000 0.000 0.000 0.000  0  0  0  0  0 0.000     0
143   143 0 0 0 0.000 0.000 0.000 0.000 0.000 0.000 0.000 0.000  0  0  0  0  0 0.000     0
144   144 0 0 0 0.000 0.000 0.000 0.000 0.000 0.000 0.000 0.000  0  0  0  0  0 0.000     0
145   145 0 0 0 0.000 0.000 0.000 0.000 0.000 0.000 0.000 0.000  0  0  0  0  0 0.000     0
146   146 0 0 0 0.000 0.000 0.000 0.000 0.000 0.000 0.000 0.000  0  0  0  0  0 0.000     0
147   147 0 0 0 0.000 0.000 0.000 0.000 0.000 0.000 0.000 0.000  0  0  0  0  0 0.000     0
148   148 0 0 0 0.000 0.000 0.000 0.000 0.000 0.000 0.000 0.000  0  0  0  0  0 0.000     0
149   149 0 0 0 0.000 0.000 0.000 0.000 0.000 0.000 0.000 0.000  0  0  0  0  0 0.000     0
150   150 0 0 0 0.000 0.000 0.000 0.000 0.000 0.000 0.000 0.000  0  0  0  0  0 0.000     0


 .... [TRUNCATED] 
>>>>>>>>>>>>>> 	 ALD-lykil 	 <<<<<<<<<<<<
 .... [TRUNCATED] 
$ALD
              0        1        2        3        4        5        6        7        8        9       10       11       12       13       14       15
1         0.000    0.000    0.000    0.000    0.000    0.000    0.000    0.000    0.000    0.000    0.000    0.000    0.000    0.000    0.000    0.000
2         0.000    0.000    0.000    0.000    0.000    0.000    0.000    0.000    0.000    0.000    0.000    0.000    0.000    0.000    0.000    0.000
3         0.000    0.000    0.000    0.000    0.000    0.000    0.000    0.000    0.000    0.000    0.000    0.000    0.000    0.000    0.000    0.000
4         0.000    0.000    0.000    0.000    0.000    0.000    0.000    0.000    0.000    0.000    0.000    0.000    0.000    0.000    0.000    0.000
5         0.000    0.000    0.000    0.000    0.000    0.000    0.000    0.000    0.000    0.000    0.000    0.000    0.000    0.000    0.000    0.000
6         0.000    0.000    0.000    0.000    0.000    0.000    0.000    0.000    0.000    0.000    0.000    0.000    0.000    0.000    0.000    0.000
7         0.000    0.000    0.000    0.000    0.000    0.000    0.000    0.000    0.000    0.000    0.000    0.000    0.000    0.000    0.000    0.000
8         0.000    0.000    0.000    0.000    0.000    0.000    0.000    0.000    0.000    0.000    0.000    0.000    0.000    0.000    0.000    0.000
9         0.000    0.000    0.000    0.000    0.000    0.000    0.000    0.000    0.000    0.000    0.000    0.000    0.000    0.000    0.000    0.000
10        0.000    0.000    0.000    0.000    0.000    0.000    0.000    0.000    0.000    0.000    0.000    0.000    0.000    0.000    0.000    0.000
11        0.000    0.000    0.000    0.000    0.000    0.000    0.000    0.000    0.000    0.000    0.000    0.000    0.000    0.000    0.000    0.000
12        0.000    0.000    0.000    0.000    0.000    0.000    0.000    0.000    0.000    0.000    0.000    0.000    0.000    0.000    0.000    0.000
13        0.000    0.000    0.000    0.000    0.000    0.000    0.000    0.000    0.000    0.000    0.000    0.000    0.000    0.000    0.000    0.000
14        0.000    0.000    0.000    0.000    0.000    0.000    0.000    0.000    0.000    0.000    0.000    0.000    0.000    0.000    0.000    0.000
15        0.000    0.000    0.000    0.000    0.000    0.000    0.000    0.000    0.000    0.000    0.000    0.000    0.000    0.000    0.000    0.000
16        0.000    0.000    0.000    0.000    0.000    0.000    0.000    0.000    0.000    0.000    0.000    0.000    0.000    0.000    0.000    0.000
17        0.000    0.000    0.000    0.000    0.000    0.000    0.000    0.000    0.000    0.000    0.000    0.000    0.000    0.000    0.000    0.000
18        0.000    0.000    0.000    0.000    0.000    0.000    0.000    0.000    0.000    0.000    0.000    0.000    0.000    0.000    0.000    0.000
19        0.000    0.000    0.000    0.000    0.000    0.000    0.000    0.000    0.000    0.000    0.000    0.000    0.000    0.000    0.000    0.000
20        0.000    0.000    0.000    0.000    0.000    0.000    0.000    0.000    0.000    0.000    0.000    0.000    0.000    0.000    0.000    0.000
21        0.000    0.000    0.000    0.000    0.000    0.000    0.000    0.000    0.000    0.000    0.000    0.000    0.000    0.000    0.000    0.000
22        0.000    0.000    0.000    0.000    0.000    0.000    0.000    0.000    0.000    0.000    0.000    0.000    0.000    0.000    0.000    0.000
23        0.000    0.000    0.000    0.000    0.000    0.000    0.000    0.000    0.000    0.000    0.000    0.000    0.000    0.000    0.000    0.000
24        0.000    0.000    0.000    0.000    0.000    0.000    0.000    0.000    0.000    0.000    0.000    0.000    0.000    0.000    0.000    0.000
25        0.000    0.000    0.000    0.000    0.000    0.000    0.000    0.000    0.000    0.000    0.000    0.000    0.000    0.000    0.000    0.000
26        0.000    0.000    0.000    0.000    0.000    0.000    0.000    0.000    0.000    0.000    0.000    0.000    0.000    0.000    0.000    0.000
27        0.000    0.000    0.000    0.000    0.000    0.000    0.000    0.000    0.000    0.000    0.000    0.000    0.000    0.000    0.000    0.000
28        0.000    0.000    0.000    0.000    0.000    0.000    0.000    0.000    0.000    0.000    0.000    0.000    0.000    0.000    0.000    0.000
29        0.000    0.000    0.000    0.000    0.000    0.000    0.000    0.000    0.000    0.000    0.000    0.000    0.000    0.000    0.000    0.000
30        0.000    0.000    0.000    0.000    0.000    0.000    0.000    0.000    0.000    0.000    0.000    0.000    0.000    0.000    0.000    0.000
31        0.000    0.000    0.000    0.000    0.000    0.000    0.000    0.000    0.000    0.000    0.000    0.000    0.000    0.000    0.000    0.000
32        0.000    0.000    0.000    0.000    0.000    0.000    0.000    0.000    0.000    0.000    0.000    0.000    0.000    0.000    0.000    0.000
33        0.000    0.000    0.000    0.000    0.000    0.000    0.000    0.000    0.000    0.000    0.000    0.000    0.000    0.000    0.000    0.000
34        0.000    0.000    0.000    0.000    0.000    0.000    0.000    0.000    0.000    0.000    0.000    0.000    0.000    0.000    0.000    0.000
35        0.000    0.000    0.000    0.000    0.000    0.000    0.000    0.000    0.000    0.000    0.000    0.000    0.000    0.000    0.000    0.000
36        0.000    0.000    0.000    0.000    0.000    0.000    0.000    0.000    0.000    0.000    0.000    0.000    0.000    0.000    0.000    0.000
37        0.000    0.000    0.000    0.000    0.000    0.000    0.000    0.000    0.000    0.000    0.000    0.000    0.000    0.000    0.000    0.000
38        0.000    0.000    0.000    0.000    0.000    0.000    0.000    0.000    0.000    0.000    0.000    0.000    0.000    0.000    0.000    0.000
39        0.000    0.000    0.000    4.000    0.000    0.000    0.000    0.000    0.000    0.000    0.000    0.000    0.000    0.000    0.000    0.000
40        0.000    0.000    0.000    5.000    0.000    0.000    0.000    0.000    0.000    0.000    0.000    0.000    0.000    0.000    0.000    0.000
41        0.000    0.000    0.000    3.000    3.000    0.000    0.000    0.000    0.000    0.000    0.000    0.000    0.000    0.000    0.000    0.000
42        0.000    0.000   14.000    0.000    0.000    0.000    0.000    0.000    0.000    0.000    0.000    0.000    0.000    0.000    0.000    0.000
43        0.000    0.000    0.000   14.000    0.000    0.000    0.000    0.000    0.000    0.000    0.000    0.000    0.000    0.000    0.000    0.000
44        0.000    0.000    0.000   22.667   11.333    0.000    0.000    0.000    0.000    0.000    0.000    0.000    0.000    0.000    0.000    0.000
45        0.000    0.000    0.000    0.000    0.000    0.000    0.000    0.000    0.000    0.000    0.000    0.000    0.000    0.000    0.000    0.000
46        0.000    0.000    0.000    5.714   11.429   22.857    0.000    0.000    0.000    0.000    0.000    0.000    0.000    0.000    0.000    0.000
47        0.000    0.000    0.000    0.000    5.667   28.333    0.000    0.000    0.000    0.000    0.000    0.000    0.000    0.000    0.000    0.000
48        0.000    0.000    0.000    9.400    9.400   18.800    0.000    9.400    0.000    0.000    0.000    0.000    0.000    0.000    0.000    0.000
49        0.000    0.000    0.000    0.000    8.000   48.000    0.000    0.000    0.000    0.000    0.000    0.000    0.000    0.000    0.000    0.000
50        0.000    0.000    0.000   13.000    0.000   39.000    0.000    0.000    0.000    0.000    0.000    0.000    0.000    0.000    0.000    0.000
51        0.000    0.000    0.000    0.000    0.000   48.273   10.727    0.000    0.000    0.000    0.000    0.000    0.000    0.000    0.000    0.000
52        0.000    0.000    0.000    6.375   12.750   25.500    0.000    0.000    0.000    6.375    0.000    0.000    0.000    0.000    0.000    0.000
53        0.000    0.000    0.000    0.000    0.000   49.000   14.000    7.000    0.000    0.000    0.000    0.000    0.000    0.000    0.000    0.000
54        0.000    0.000    0.000    0.000    6.250   37.500    0.000    0.000    0.000    6.250    0.000    0.000    0.000    0.000    0.000    0.000
55        0.000    0.000    0.000    0.000    0.000   42.667    7.111    7.111    7.111    0.000    0.000    0.000    0.000    0.000    0.000    0.000
56        0.000    0.000    0.000    0.000    0.000   30.600   10.200    0.000    0.000    0.000   10.200    0.000    0.000    0.000    0.000    0.000
57        0.000    0.000    0.000    0.000    0.000   33.333    0.000    8.333    8.333    0.000    0.000    0.000    0.000    0.000    0.000    0.000
58        0.000    0.000    0.000    0.000    4.800    9.600   19.200    4.800    4.800    0.000    0.000    4.800    0.000    0.000    0.000    0.000
59        0.000    0.000    0.000    0.000    0.000   26.250    0.000    8.750    0.000    0.000    0.000    0.000    0.000    0.000    0.000    0.000
60        0.000    0.000    0.000    0.000    0.000    0.000    0.000   28.000    0.000    0.000    0.000    0.000    0.000    0.000    0.000    0.000
61        0.000    0.000    0.000    0.000    0.000   14.000    7.000    7.000    0.000    0.000    0.000    0.000    0.000    0.000    0.000    0.000
62        0.000    0.000    0.000    0.000    0.000    0.000    0.000   15.000    0.000    0.000    0.000    0.000    0.000    0.000    0.000    0.000
63        0.000    0.000    0.000    0.000    0.000    0.000    0.000    0.000    0.000    0.000    0.000    0.000   11.000    0.000    0.000    0.000
64        0.000    0.000    0.000    0.000    0.000   13.000    0.000    0.000    0.000    0.000    0.000    0.000    0.000    0.000    0.000    0.000
65        0.000    0.000    0.000    0.000    0.000    0.000    0.000    0.000    0.000    0.000    0.000    0.000    0.000    0.000    0.000    0.000
66        0.000    0.000    0.000    0.000    0.000    0.000    0.000    0.000    0.000    0.000    0.000    0.000    0.000    0.000    0.000    0.000
67        0.000    0.000    0.000    0.000    0.000    0.000    0.000    0.000    0.000    0.000    0.000    0.000    0.000    0.000    0.000    0.000
68        0.000    0.000    0.000    0.000    0.000    0.000    0.000    0.000    0.000    0.000    7.000    0.000    0.000    0.000    0.000    0.000
69        0.000    0.000    0.000    0.000    0.000    0.000    0.000    0.000    0.000    0.000    0.000    0.000    0.000    0.000    0.000    0.000
70        0.000    0.000    0.000    0.000    0.000    0.000    0.000    0.000    0.000    0.000    0.000    0.000    0.000    0.000    0.000    0.000
71        0.000    0.000    0.000    0.000    0.000    0.000    0.000    0.000    0.000    0.000    0.000    0.000    0.000    0.000    0.000    0.000
72        0.000    0.000    0.000    0.000    0.000    0.000    0.000    0.000    0.000    0.000    0.000    0.000    0.000    0.000    0.000    0.000
73        0.000    0.000    0.000    0.000    0.000    0.000    0.000    0.000    0.000    0.000    0.000    0.000    0.000    0.000    0.000    0.000
74        0.000    0.000    0.000    0.000    0.000    0.000    0.000    0.000    0.000    2.000    0.000    0.000    0.000    0.000    0.000    0.000
75        0.000    0.000    0.000    0.000    0.000    0.000    0.000    0.000    0.000    0.000    0.000    0.000    0.000    0.000    0.000    0.000
76        0.000    0.000    0.000    0.000    0.000    0.000    0.000    0.000    0.000    0.000    0.000    0.000    0.000    0.000    0.000    0.000
77        0.000    0.000    0.000    0.000    0.000    0.000    0.000    0.000    0.000    0.000    0.000    0.000    0.000    0.000    0.000    0.000
78        0.000    0.000    0.000    0.000    0.000    0.000    0.000    0.000    0.000    0.000    0.000    0.000    0.000    0.000    0.000    0.000
79        0.000    0.000    0.000    0.000    0.000    0.000    0.000    0.000    0.000    0.000    0.000    0.000    0.000    0.000    0.000    0.000
80        0.000    0.000    0.000    0.000    0.000    0.000    0.000    0.000    0.000    0.000    0.000    0.000    0.000    0.000    0.000    0.000
81        0.000    0.000    0.000    0.000    0.000    0.000    0.000    0.000    0.000    0.000    0.000    0.000    0.000    0.000    0.000    0.000
82        0.000    0.000    0.000    0.000    0.000    0.000    0.000    0.000    0.000    0.000    0.000    0.000    0.000    0.000    0.000    0.000
83        0.000    0.000    0.000    0.000    0.000    0.000    0.000    0.000    0.000    0.000    0.000    0.000    0.000    0.000    0.000    0.000
84        0.000    0.000    0.000    0.000    0.000    0.000    0.000    0.000    0.000    0.000    0.000    0.000    0.000    0.000    0.000    0.000
85        0.000    0.000    0.000    0.000    0.000    0.000    0.000    0.000    0.000    0.000    0.000    0.000    0.000    0.000    0.000    0.000
86        0.000    0.000    0.000    0.000    0.000    0.000    0.000    0.000    0.000    0.000    0.000    0.000    0.000    0.000    0.000    0.000
87        0.000    0.000    0.000    0.000    0.000    0.000    0.000    0.000    0.000    0.000    0.000    0.000    0.000    0.000    0.000    0.000
88        0.000    0.000    0.000    0.000    0.000    0.000    0.000    0.000    0.000    0.000    0.000    0.000    0.000    0.000    0.000    0.000
89        0.000    0.000    0.000    0.000    0.000    0.000    0.000    0.000    0.000    0.000    0.000    0.000    0.000    0.000    0.000    0.000
90        0.000    0.000    0.000    0.000    0.000    0.000    0.000    0.000    0.000    0.000    0.000    0.000    0.000    0.000    0.000    0.000
91        0.000    0.000    0.000    0.000    0.000    0.000    0.000    0.000    0.000    0.000    0.000    0.000    0.000    0.000    0.000    0.000
92        0.000    0.000    0.000    0.000    0.000    0.000    0.000    0.000    0.000    0.000    0.000    0.000    0.000    0.000    0.000    0.000
93        0.000    0.000    0.000    0.000    0.000    0.000    0.000    0.000    0.000    0.000    0.000    0.000    0.000    0.000    0.000    0.000
94        0.000    0.000    0.000    0.000    0.000    0.000    0.000    0.000    0.000    0.000    0.000    0.000    0.000    0.000    0.000    0.000
95        0.000    0.000    0.000    0.000    0.000    0.000    0.000    0.000    0.000    0.000    0.000    0.000    0.000    0.000    0.000    0.000
96        0.000    0.000    0.000    0.000    0.000    0.000    0.000    0.000    0.000    0.000    0.000    0.000    0.000    0.000    0.000    0.000
97        0.000    0.000    0.000    0.000    0.000    0.000    0.000    0.000    0.000    0.000    0.000    0.000    0.000    0.000    0.000    0.000
98        0.000    0.000    0.000    0.000    0.000    0.000    0.000    0.000    0.000    0.000    0.000    0.000    0.000    0.000    0.000    0.000
99        0.000    0.000    0.000    0.000    0.000    0.000    0.000    0.000    0.000    0.000    0.000    0.000    0.000    0.000    0.000    0.000
100       0.000    0.000    0.000    0.000    0.000    0.000    0.000    0.000    0.000    0.000    0.000    0.000    0.000    0.000    0.000    0.000
101       0.000    0.000    0.000    0.000    0.000    0.000    0.000    0.000    0.000    0.000    0.000    0.000    0.000    0.000    0.000    0.000
102       0.000    0.000    0.000    0.000    0.000    0.000    0.000    0.000    0.000    0.000    0.000    0.000    0.000    0.000    0.000    0.000
103       0.000    0.000    0.000    0.000    0.000    0.000    0.000    0.000    0.000    0.000    0.000    0.000    0.000    0.000    0.000    0.000
104       0.000    0.000    0.000    0.000    0.000    0.000    0.000    0.000    0.000    0.000    0.000    0.000    0.000    0.000    0.000    0.000
105       0.000    0.000    0.000    0.000    0.000    0.000    0.000    0.000    0.000    0.000    0.000    0.000    0.000    0.000    0.000    0.000
106       0.000    0.000    0.000    0.000    0.000    0.000    0.000    0.000    0.000    0.000    0.000    0.000    0.000    0.000    0.000    0.000
107       0.000    0.000    0.000    0.000    0.000    0.000    0.000    0.000    0.000    0.000    0.000    0.000    0.000    0.000    0.000    0.000
108       0.000    0.000    0.000    0.000    0.000    0.000    0.000    0.000    0.000    0.000    0.000    0.000    0.000    0.000    0.000    0.000
109       0.000    0.000    0.000    0.000    0.000    0.000    0.000    0.000    0.000    0.000    0.000    0.000    0.000    0.000    0.000    0.000
110       0.000    0.000    0.000    0.000    0.000    0.000    0.000    0.000    0.000    0.000    0.000    0.000    0.000    0.000    0.000    0.000
111       0.000    0.000    0.000    0.000    0.000    0.000    0.000    0.000    0.000    0.000    0.000    0.000    0.000    0.000    0.000    0.000
112       0.000    0.000    0.000    0.000    0.000    0.000    0.000    0.000    0.000    0.000    0.000    0.000    0.000    0.000    0.000    0.000
113       0.000    0.000    0.000    0.000    0.000    0.000    0.000    0.000    0.000    0.000    0.000    0.000    0.000    0.000    0.000    0.000
114       0.000    0.000    0.000    0.000    0.000    0.000    0.000    0.000    0.000    0.000    0.000    0.000    0.000    0.000    0.000    0.000
115       0.000    0.000    0.000    0.000    0.000    0.000    0.000    0.000    0.000    0.000    0.000    0.000    0.000    0.000    0.000    0.000
116       0.000    0.000    0.000    0.000    0.000    0.000    0.000    0.000    0.000    0.000    0.000    0.000    0.000    0.000    0.000    0.000
117       0.000    0.000    0.000    0.000    0.000    0.000    0.000    0.000    0.000    0.000    0.000    0.000    0.000    0.000    0.000    0.000
118       0.000    0.000    0.000    0.000    0.000    0.000    0.000    0.000    0.000    0.000    0.000    0.000    0.000    0.000    0.000    0.000
119       0.000    0.000    0.000    0.000    0.000    0.000    0.000    0.000    0.000    0.000    0.000    0.000    0.000    0.000    0.000    0.000
120       0.000    0.000    0.000    0.000    0.000    0.000    0.000    0.000    0.000    0.000    0.000    0.000    0.000    0.000    0.000    0.000
121       0.000    0.000    0.000    0.000    0.000    0.000    0.000    0.000    0.000    0.000    0.000    0.000    0.000    0.000    0.000    0.000
122       0.000    0.000    0.000    0.000    0.000    0.000    0.000    0.000    0.000    0.000    0.000    0.000    0.000    0.000    0.000    0.000
123       0.000    0.000    0.000    0.000    0.000    0.000    0.000    0.000    0.000    0.000    0.000    0.000    0.000    0.000    0.000    0.000
124       0.000    0.000    0.000    0.000    0.000    0.000    0.000    0.000    0.000    0.000    0.000    0.000    0.000    0.000    0.000    0.000
125       0.000    0.000    0.000    0.000    0.000    0.000    0.000    0.000    0.000    0.000    0.000    0.000    0.000    0.000    0.000    0.000
126       0.000    0.000    0.000    0.000    0.000    0.000    0.000    0.000    0.000    0.000    0.000    0.000    0.000    0.000    0.000    0.000
127       0.000    0.000    0.000    0.000    0.000    0.000    0.000    0.000    0.000    0.000    0.000    0.000    0.000    0.000    0.000    0.000
128       0.000    0.000    0.000    0.000    0.000    0.000    0.000    0.000    0.000    0.000    0.000    0.000    0.000    0.000    0.000    0.000
129       0.000    0.000    0.000    0.000    0.000    0.000    0.000    0.000    0.000    0.000    0.000    0.000    0.000    0.000    0.000    0.000
130       0.000    0.000    0.000    0.000    0.000    0.000    0.000    0.000    0.000    0.000    0.000    0.000    0.000    0.000    0.000    0.000
131       0.000    0.000    0.000    0.000    0.000    0.000    0.000    0.000    0.000    0.000    0.000    0.000    0.000    0.000    0.000    0.000
132       0.000    0.000    0.000    0.000    0.000    0.000    0.000    0.000    0.000    0.000    0.000    0.000    0.000    0.000    0.000    0.000
133       0.000    0.000    0.000    0.000    0.000    0.000    0.000    0.000    0.000    0.000    0.000    0.000    0.000    0.000    0.000    0.000
134       0.000    0.000    0.000    0.000    0.000    0.000    0.000    0.000    0.000    0.000    0.000    0.000    0.000    0.000    0.000    0.000
135       0.000    0.000    0.000    0.000    0.000    0.000    0.000    0.000    0.000    0.000    0.000    0.000    0.000    0.000    0.000    0.000
136       0.000    0.000    0.000    0.000    0.000    0.000    0.000    0.000    0.000    0.000    0.000    0.000    0.000    0.000    0.000    0.000
137       0.000    0.000    0.000    0.000    0.000    0.000    0.000    0.000    0.000    0.000    0.000    0.000    0.000    0.000    0.000    0.000
138       0.000    0.000    0.000    0.000    0.000    0.000    0.000    0.000    0.000    0.000    0.000    0.000    0.000    0.000    0.000    0.000
139       0.000    0.000    0.000    0.000    0.000    0.000    0.000    0.000    0.000    0.000    0.000    0.000    0.000    0.000    0.000    0.000
140       0.000    0.000    0.000    0.000    0.000    0.000    0.000    0.000    0.000    0.000    0.000    0.000    0.000    0.000    0.000    0.000
141       0.000    0.000    0.000    0.000    0.000    0.000    0.000    0.000    0.000    0.000    0.000    0.000    0.000    0.000    0.000    0.000
142       0.000    0.000    0.000    0.000    0.000    0.000    0.000    0.000    0.000    0.000    0.000    0.000    0.000    0.000    0.000    0.000
143       0.000    0.000    0.000    0.000    0.000    0.000    0.000    0.000    0.000    0.000    0.000    0.000    0.000    0.000    0.000    0.000
144       0.000    0.000    0.000    0.000    0.000    0.000    0.000    0.000    0.000    0.000    0.000    0.000    0.000    0.000    0.000    0.000
145       0.000    0.000    0.000    0.000    0.000    0.000    0.000    0.000    0.000    0.000    0.000    0.000    0.000    0.000    0.000    0.000
146       0.000    0.000    0.000    0.000    0.000    0.000    0.000    0.000    0.000    0.000    0.000    0.000    0.000    0.000    0.000    0.000
147       0.000    0.000    0.000    0.000    0.000    0.000    0.000    0.000    0.000    0.000    0.000    0.000    0.000    0.000    0.000    0.000
148       0.000    0.000    0.000    0.000    0.000    0.000    0.000    0.000    0.000    0.000    0.000    0.000    0.000    0.000    0.000    0.000
149       0.000    0.000    0.000    0.000    0.000    0.000    0.000    0.000    0.000    0.000    0.000    0.000    0.000    0.000    0.000    0.000
150       0.000    0.000    0.000    0.000    0.000    0.000    0.000    0.000    0.000    0.000    0.000    0.000    0.000    0.000    0.000    0.000
Sum       0.000    0.000   14.000   83.156   72.629  486.713   68.238   95.394   20.244   14.625   17.200    4.800   11.000    0.000    0.000    0.000
mW        0.000    0.000    0.621    0.796    0.983    1.255    1.438    1.630    1.502    1.526    1.921    1.618    2.069    0.000    0.000    0.000
mL        0.000    0.000   42.000   45.346   48.580   52.911   55.612   57.903   56.474   56.000   60.941   58.000   63.000    0.000    0.000    0.000
pA        0.000    0.000    0.016    0.094    0.082    0.548    0.077    0.107    0.023    0.016    0.019    0.005    0.012    0.000    0.000    0.000
tot.mW 1269.018 1269.018 1269.018 1269.018 1269.018 1269.018 1269.018 1269.018 1269.018 1269.018 1269.018 1269.018 1269.018 1269.018 1269.018 1269.018
tot.mL   52.859   52.859   52.859   52.859   52.859   52.859   52.859   52.859   52.859   52.859   52.859   52.859   52.859   52.859   52.859   52.859
          Matad      Sum
1         0.000    0.000
2         0.000    0.000
3         0.000    0.000
4         0.000    0.000
5         0.000    0.000
6         0.000    0.000
7         0.000    0.000
8         0.000    0.000
9         0.000    0.000
10        0.000    0.000
11        0.000    0.000
12        0.000    0.000
13        0.000    0.000
14        0.000    0.000
15        0.000    0.000
16        0.000    0.000
17        0.000    0.000
18        0.000    0.000
19        0.000    0.000
20        0.000    0.000
21        0.000    0.000
22        0.000    0.000
23        0.000    0.000
24        0.000    0.000
25        0.000    0.000
26        0.000    0.000
27        0.000    0.000
28        0.000    0.000
29        0.000    0.000
30        0.000    0.000
31        0.000    0.000
32        0.000    0.000
33        1.000    0.000
34        0.000    0.000
35        1.000    0.000
36        2.000    0.000
37        2.000    0.000
38        3.000    0.000
39        4.000    4.000
40        5.000    5.000
41        6.000    6.000
42       14.000   14.000
43       14.000   14.000
44       34.000   34.000
45       29.000    0.000
46       40.000   40.000
47       34.000   34.000
48       47.000   47.000
49       56.000   56.000
50       52.000   52.000
51       59.000   59.000
52       51.000   51.000
53       70.000   70.000
54       50.000   50.000
55       64.000   64.000
56       51.000   51.000
57       50.000   50.000
58       48.000   48.000
59       35.000   35.000
60       28.000   28.000
61       28.000   28.000
62       15.000   15.000
63       11.000   11.000
64       13.000   13.000
65        8.000    0.000
66        7.000    0.000
67        6.000    0.000
68        7.000    7.000
69        1.000    0.000
70        1.000    0.000
71        1.000    0.000
72        0.000    0.000
73        0.000    0.000
74        2.000    2.000
75        0.000    0.000
76        0.000    0.000
77        1.000    0.000
78        0.000    0.000
79        0.000    0.000
80        0.000    0.000
81        0.000    0.000
82        1.000    0.000
83        0.000    0.000
84        0.000    0.000
85        0.000    0.000
86        0.000    0.000
87        0.000    0.000
88        0.000    0.000
89        0.000    0.000
90        0.000    0.000
91        0.000    0.000
92        0.000    0.000
93        0.000    0.000
94        0.000    0.000
95        0.000    0.000
96        0.000    0.000
97        0.000    0.000
98        0.000    0.000
99        0.000    0.000
100       0.000    0.000
101       0.000    0.000
102       0.000    0.000
103       0.000    0.000
104       0.000    0.000
105       0.000    0.000
106       0.000    0.000
107       0.000    0.000
108       0.000    0.000
109       0.000    0.000
110       0.000    0.000
111       0.000    0.000
112       0.000    0.000
113       0.000    0.000
114       0.000    0.000
115       0.000    0.000
116       0.000    0.000
117       0.000    0.000
118       0.000    0.000
119       0.000    0.000
120       0.000    0.000
121       0.000    0.000
122       0.000    0.000
123       0.000    0.000
124       0.000    0.000
125       0.000    0.000
126       0.000    0.000
127       0.000    0.000
128       0.000    0.000
129       0.000    0.000
130       0.000    0.000
131       0.000    0.000
132       0.000    0.000
133       0.000    0.000
134       0.000    0.000
135       0.000    0.000
136       0.000    0.000
137       0.000    0.000
138       0.000    0.000
139       0.000    0.000
140       0.000    0.000
141       0.000    0.000
142       0.000    0.000
143       0.000    0.000
144       0.000    0.000
145       0.000    0.000
146       0.000    0.000
147       0.000    0.000
148       0.000    0.000
149       0.000    0.000
150       0.000    0.000
Sum     952.000  888.000
mW        0.000    0.000
mL        0.000    0.000
pA        0.000    0.000
tot.mW 1269.018 1269.018
tot.mL   52.859   52.859

$ALD.j
              0        1        2        3        4        5        6        7        8        9       10       11       12       13       14       15
1         0.000    0.000    0.000    0.000    0.000    0.000    0.000    0.000    0.000    0.000    0.000    0.000    0.000    0.000    0.000    0.000
2         0.000    0.000    0.000    0.000    0.000    0.000    0.000    0.000    0.000    0.000    0.000    0.000    0.000    0.000    0.000    0.000
3         0.000    0.000    0.000    0.000    0.000    0.000    0.000    0.000    0.000    0.000    0.000    0.000    0.000    0.000    0.000    0.000
4         0.000    0.000    0.000    0.000    0.000    0.000    0.000    0.000    0.000    0.000    0.000    0.000    0.000    0.000    0.000    0.000
5         0.000    0.000    0.000    0.000    0.000    0.000    0.000    0.000    0.000    0.000    0.000    0.000    0.000    0.000    0.000    0.000
6         0.000    0.000    0.000    0.000    0.000    0.000    0.000    0.000    0.000    0.000    0.000    0.000    0.000    0.000    0.000    0.000
7         0.000    0.000    0.000    0.000    0.000    0.000    0.000    0.000    0.000    0.000    0.000    0.000    0.000    0.000    0.000    0.000
8         0.000    0.000    0.000    0.000    0.000    0.000    0.000    0.000    0.000    0.000    0.000    0.000    0.000    0.000    0.000    0.000
9         0.000    0.000    0.000    0.000    0.000    0.000    0.000    0.000    0.000    0.000    0.000    0.000    0.000    0.000    0.000    0.000
10        0.000    0.000    0.000    0.000    0.000    0.000    0.000    0.000    0.000    0.000    0.000    0.000    0.000    0.000    0.000    0.000
11        0.000    0.000    0.000    0.000    0.000    0.000    0.000    0.000    0.000    0.000    0.000    0.000    0.000    0.000    0.000    0.000
12        0.000    0.000    0.000    0.000    0.000    0.000    0.000    0.000    0.000    0.000    0.000    0.000    0.000    0.000    0.000    0.000
13        0.000    0.000    0.000    0.000    0.000    0.000    0.000    0.000    0.000    0.000    0.000    0.000    0.000    0.000    0.000    0.000
14        0.000    0.000    0.000    0.000    0.000    0.000    0.000    0.000    0.000    0.000    0.000    0.000    0.000    0.000    0.000    0.000
15        0.000    0.000    0.000    0.000    0.000    0.000    0.000    0.000    0.000    0.000    0.000    0.000    0.000    0.000    0.000    0.000
16        0.000    0.000    0.000    0.000    0.000    0.000    0.000    0.000    0.000    0.000    0.000    0.000    0.000    0.000    0.000    0.000
17        0.000    0.000    0.000    0.000    0.000    0.000    0.000    0.000    0.000    0.000    0.000    0.000    0.000    0.000    0.000    0.000
18        0.000    0.000    0.000    0.000    0.000    0.000    0.000    0.000    0.000    0.000    0.000    0.000    0.000    0.000    0.000    0.000
19        0.000    0.000    0.000    0.000    0.000    0.000    0.000    0.000    0.000    0.000    0.000    0.000    0.000    0.000    0.000    0.000
20        0.000    0.000    0.000    0.000    0.000    0.000    0.000    0.000    0.000    0.000    0.000    0.000    0.000    0.000    0.000    0.000
21        0.000    0.000    0.000    0.000    0.000    0.000    0.000    0.000    0.000    0.000    0.000    0.000    0.000    0.000    0.000    0.000
22        0.000    0.000    0.000    0.000    0.000    0.000    0.000    0.000    0.000    0.000    0.000    0.000    0.000    0.000    0.000    0.000
23        0.000    0.000    0.000    0.000    0.000    0.000    0.000    0.000    0.000    0.000    0.000    0.000    0.000    0.000    0.000    0.000
24        0.000    0.000    0.000    0.000    0.000    0.000    0.000    0.000    0.000    0.000    0.000    0.000    0.000    0.000    0.000    0.000
25        0.000    0.000    0.000    0.000    0.000    0.000    0.000    0.000    0.000    0.000    0.000    0.000    0.000    0.000    0.000    0.000
26        0.000    0.000    0.000    0.000    0.000    0.000    0.000    0.000    0.000    0.000    0.000    0.000    0.000    0.000    0.000    0.000
27        0.000    0.000    0.000    0.000    0.000    0.000    0.000    0.000    0.000    0.000    0.000    0.000    0.000    0.000    0.000    0.000
28        0.000    0.000    0.000    0.000    0.000    0.000    0.000    0.000    0.000    0.000    0.000    0.000    0.000    0.000    0.000    0.000
29        0.000    0.000    0.000    0.000    0.000    0.000    0.000    0.000    0.000    0.000    0.000    0.000    0.000    0.000    0.000    0.000
30        0.000    0.000    0.000    0.000    0.000    0.000    0.000    0.000    0.000    0.000    0.000    0.000    0.000    0.000    0.000    0.000
31        0.000    0.000    0.000    0.000    0.000    0.000    0.000    0.000    0.000    0.000    0.000    0.000    0.000    0.000    0.000    0.000
32        0.000    0.000    0.000    0.000    0.000    0.000    0.000    0.000    0.000    0.000    0.000    0.000    0.000    0.000    0.000    0.000
33        0.000    0.000    0.000    0.609    0.132    0.002    0.000    0.000    0.000    0.248    0.008    0.000    0.000    0.000    0.000    0.000
34        0.000    0.000    0.000    0.000    0.000    0.000    0.000    0.000    0.000    0.000    0.000    0.000    0.000    0.000    0.000    0.000
35        0.000    0.000    0.000    0.713    0.156    0.006    0.000    0.000    0.000    0.118    0.006    0.000    0.000    0.000    0.000    0.000
36        0.000    0.000    0.000    1.469    0.331    0.021    0.000    0.000    0.000    0.168    0.010    0.000    0.000    0.000    0.000    0.000
37        0.000    0.000    0.000    1.483    0.350    0.034    0.000    0.000    0.000    0.124    0.009    0.000    0.000    0.000    0.000    0.000
38        0.000    0.000    0.000    2.209    0.555    0.082    0.000    0.001    0.000    0.141    0.013    0.000    0.000    0.000    0.000    0.000
39        0.000    0.000    0.000    2.878    0.783    0.173    0.000    0.001    0.000    0.149    0.016    0.000    0.000    0.000    0.000    0.000
40        0.000    0.000    0.000    3.454    1.035    0.337    0.000    0.003    0.000    0.152    0.019    0.000    0.000    0.000    0.000    0.000
41        0.000    0.000    0.000    3.894    1.307    0.615    0.000    0.006    0.000    0.154    0.023    0.000    0.000    0.000    0.000    0.000
42        0.000    0.000    5.632    4.965    1.898    1.271    0.001    0.014    0.000    0.185    0.033    0.000    0.000    0.000    0.000    0.000
43        0.000    0.000    0.000    7.336    3.249    3.040    0.006    0.039    0.000    0.273    0.056    0.000    0.000    0.000    0.000    0.000
44        0.000    0.000    0.000   15.086    7.870   10.123    0.037    0.152    0.000    0.590    0.141    0.000    0.000    0.000    0.000    0.000
45        0.000    0.000    0.000   10.386    6.490   11.281    0.071    0.198    0.000    0.450    0.124    0.000    0.000    0.000    0.000    0.000
46        0.000    0.000    0.000   10.989    8.365   19.313    0.202    0.400    0.000    0.556    0.174    0.000    0.000    0.000    0.000    0.000
47        0.000    0.000    0.000    6.816    6.428   19.376    0.327    0.477    0.000    0.424    0.150    0.000    0.000    0.000    0.000    0.000
48        0.000    0.000    0.000    6.569    7.806   30.197    0.795    0.892    0.000    0.530    0.211    0.000    0.000    0.000    0.000    0.000
49        0.000    0.000    0.000    5.247    7.988   38.988    1.549    1.393    0.000    0.578    0.257    0.000    0.000    0.000    0.000    0.000
50        0.000    0.000    0.000    3.161    6.272   37.961    2.203    1.654    0.000    0.501    0.247    0.000    0.000    0.000    0.000    0.000
51        0.000    0.000    0.000    2.266    5.958   43.965    3.608    2.355    0.006    0.546    0.296    0.000    0.000    0.000    0.000    0.000
52        0.000    0.000    0.000    1.211    4.290   37.933    4.261    2.519    0.043    0.466    0.276    0.000    0.000    0.000    0.000    0.000
53        0.000    0.000    0.000    1.006    4.886   50.892    7.574    4.225    0.344    0.653    0.420    0.000    0.000    0.000    0.000    0.000
54        0.000    0.000    0.000    0.425    2.874   34.668    6.618    3.628    0.959    0.490    0.339    0.000    0.000    0.000    0.000    0.000
55        0.000    0.000    0.000    0.312    2.993   41.098    9.739    5.467    3.219    0.674    0.498    0.000    0.000    0.000    0.000    0.000
56        0.000    0.000    0.000    0.140    1.937   29.753    8.473    5.072    4.559    0.597    0.469    0.000    0.000    0.000    0.000    0.000
57        0.000    0.000    0.000    0.078    1.584   26.763    8.866    5.896    5.548    0.692    0.573    0.000    0.000    0.000    0.000    0.000
58        0.000    0.000    0.000    0.037    1.124   20.527    7.657    5.893    3.980    0.722    0.626    7.436    0.000    0.000    0.000    0.000
59        0.000    0.000    0.000    0.019    0.876   17.010    6.916    6.416    2.133    0.857    0.772    0.000    0.000    0.000    0.000    0.000
60        0.000    0.000    0.000    0.009    0.633   12.834    5.505    6.414    0.720    0.977    0.909    0.000    0.000    0.000    0.000    0.000
61        0.000    0.000    0.000    0.005    0.558   11.626    5.093    7.762    0.202    1.411    1.344    0.000    0.000    0.000    0.000    0.000
62        0.000    0.000    0.000    0.001    0.256    5.386    2.332    4.844    0.020    1.098    1.063    0.000    0.000    0.000    0.000    0.000
63        0.000    0.000    0.000    0.000    0.073    1.532    0.635    1.871    0.001    0.553    0.541    0.000    5.793    0.000    0.000    0.000
64        0.000    0.000    0.000    0.000    0.144    2.927    1.124    4.898    0.000    1.972    1.935    0.000    0.000    0.000    0.000    0.000
65        0.000    0.000    0.000    0.000    0.065    1.264    0.435    2.921    0.000    1.676    1.638    0.000    0.000    0.000    0.000    0.000
66        0.000    0.000    0.000    0.000    0.038    0.701    0.210    2.257    0.000    1.930    1.864    0.000    0.000    0.000    0.000    0.000
67        0.000    0.000    0.000    0.000    0.020    0.342    0.086    1.545    0.000    2.057    1.950    0.000    0.000    0.000    0.000    0.000
68        0.000    0.000    0.000    0.000    0.013    0.204    0.042    1.303    0.000    2.827    2.612    0.000    0.000    0.000    0.000    0.000
69        0.000    0.000    0.000    0.000    0.001    0.013    0.002    0.123    0.000    0.454    0.406    0.000    0.000    0.000    0.000    0.000
70        0.000    0.000    0.000    0.000    0.000    0.006    0.001    0.075    0.000    0.494    0.424    0.000    0.000    0.000    0.000    0.000
71        0.000    0.000    0.000    0.000    0.000    0.002    0.000    0.043    0.000    0.525    0.430    0.000    0.000    0.000    0.000    0.000
72        0.000    0.000    0.000    0.000    0.000    0.000    0.000    0.000    0.000    0.000    0.000    0.000    0.000    0.000    0.000    0.000
73        0.000    0.000    0.000    0.000    0.000    0.000    0.000    0.000    0.000    0.000    0.000    0.000    0.000    0.000    0.000    0.000
74        0.000    0.000    0.000    0.000    0.000    0.000    0.000    0.011    0.000    1.182    0.806    0.000    0.000    0.000    0.000    0.000
75        0.000    0.000    0.000    0.000    0.000    0.000    0.000    0.000    0.000    0.000    0.000    0.000    0.000    0.000    0.000    0.000
76        0.000    0.000    0.000    0.000    0.000    0.000    0.000    0.000    0.000    0.000    0.000    0.000    0.000    0.000    0.000    0.000
77        0.000    0.000    0.000    0.000    0.000    0.000    0.000    0.001    0.000    0.652    0.347    0.000    0.000    0.000    0.000    0.000
78        0.000    0.000    0.000    0.000    0.000    0.000    0.000    0.000    0.000    0.000    0.000    0.000    0.000    0.000    0.000    0.000
79        0.000    0.000    0.000    0.000    0.000    0.000    0.000    0.000    0.000    0.000    0.000    0.000    0.000    0.000    0.000    0.000
80        0.000    0.000    0.000    0.000    0.000    0.000    0.000    0.000    0.000    0.000    0.000    0.000    0.000    0.000    0.000    0.000
81        0.000    0.000    0.000    0.000    0.000    0.000    0.000    0.000    0.000    0.000    0.000    0.000    0.000    0.000    0.000    0.000
82        0.000    0.000    0.000    0.000    0.000    0.000    0.000    0.000    0.000    0.766    0.234    0.000    0.000    0.000    0.000    0.000
83        0.000    0.000    0.000    0.000    0.000    0.000    0.000    0.000    0.000    0.000    0.000    0.000    0.000    0.000    0.000    0.000
84        0.000    0.000    0.000    0.000    0.000    0.000    0.000    0.000    0.000    0.000    0.000    0.000    0.000    0.000    0.000    0.000
85        0.000    0.000    0.000    0.000    0.000    0.000    0.000    0.000    0.000    0.000    0.000    0.000    0.000    0.000    0.000    0.000
86        0.000    0.000    0.000    0.000    0.000    0.000    0.000    0.000    0.000    0.000    0.000    0.000    0.000    0.000    0.000    0.000
87        0.000    0.000    0.000    0.000    0.000    0.000    0.000    0.000    0.000    0.000    0.000    0.000    0.000    0.000    0.000    0.000
88        0.000    0.000    0.000    0.000    0.000    0.000    0.000    0.000    0.000    0.000    0.000    0.000    0.000    0.000    0.000    0.000
89        0.000    0.000    0.000    0.000    0.000    0.000    0.000    0.000    0.000    0.000    0.000    0.000    0.000    0.000    0.000    0.000
90        0.000    0.000    0.000    0.000    0.000    0.000    0.000    0.000    0.000    0.000    0.000    0.000    0.000    0.000    0.000    0.000
91        0.000    0.000    0.000    0.000    0.000    0.000    0.000    0.000    0.000    0.000    0.000    0.000    0.000    0.000    0.000    0.000
92        0.000    0.000    0.000    0.000    0.000    0.000    0.000    0.000    0.000    0.000    0.000    0.000    0.000    0.000    0.000    0.000
93        0.000    0.000    0.000    0.000    0.000    0.000    0.000    0.000    0.000    0.000    0.000    0.000    0.000    0.000    0.000    0.000
94        0.000    0.000    0.000    0.000    0.000    0.000    0.000    0.000    0.000    0.000    0.000    0.000    0.000    0.000    0.000    0.000
95        0.000    0.000    0.000    0.000    0.000    0.000    0.000    0.000    0.000    0.000    0.000    0.000    0.000    0.000    0.000    0.000
96        0.000    0.000    0.000    0.000    0.000    0.000    0.000    0.000    0.000    0.000    0.000    0.000    0.000    0.000    0.000    0.000
97        0.000    0.000    0.000    0.000    0.000    0.000    0.000    0.000    0.000    0.000    0.000    0.000    0.000    0.000    0.000    0.000
98        0.000    0.000    0.000    0.000    0.000    0.000    0.000    0.000    0.000    0.000    0.000    0.000    0.000    0.000    0.000    0.000
99        0.000    0.000    0.000    0.000    0.000    0.000    0.000    0.000    0.000    0.000    0.000    0.000    0.000    0.000    0.000    0.000
100       0.000    0.000    0.000    0.000    0.000    0.000    0.000    0.000    0.000    0.000    0.000    0.000    0.000    0.000    0.000    0.000
101       0.000    0.000    0.000    0.000    0.000    0.000    0.000    0.000    0.000    0.000    0.000    0.000    0.000    0.000    0.000    0.000
102       0.000    0.000    0.000    0.000    0.000    0.000    0.000    0.000    0.000    0.000    0.000    0.000    0.000    0.000    0.000    0.000
103       0.000    0.000    0.000    0.000    0.000    0.000    0.000    0.000    0.000    0.000    0.000    0.000    0.000    0.000    0.000    0.000
104       0.000    0.000    0.000    0.000    0.000    0.000    0.000    0.000    0.000    0.000    0.000    0.000    0.000    0.000    0.000    0.000
105       0.000    0.000    0.000    0.000    0.000    0.000    0.000    0.000    0.000    0.000    0.000    0.000    0.000    0.000    0.000    0.000
106       0.000    0.000    0.000    0.000    0.000    0.000    0.000    0.000    0.000    0.000    0.000    0.000    0.000    0.000    0.000    0.000
107       0.000    0.000    0.000    0.000    0.000    0.000    0.000    0.000    0.000    0.000    0.000    0.000    0.000    0.000    0.000    0.000
108       0.000    0.000    0.000    0.000    0.000    0.000    0.000    0.000    0.000    0.000    0.000    0.000    0.000    0.000    0.000    0.000
109       0.000    0.000    0.000    0.000    0.000    0.000    0.000    0.000    0.000    0.000    0.000    0.000    0.000    0.000    0.000    0.000
110       0.000    0.000    0.000    0.000    0.000    0.000    0.000    0.000    0.000    0.000    0.000    0.000    0.000    0.000    0.000    0.000
111       0.000    0.000    0.000    0.000    0.000    0.000    0.000    0.000    0.000    0.000    0.000    0.000    0.000    0.000    0.000    0.000
112       0.000    0.000    0.000    0.000    0.000    0.000    0.000    0.000    0.000    0.000    0.000    0.000    0.000    0.000    0.000    0.000
113       0.000    0.000    0.000    0.000    0.000    0.000    0.000    0.000    0.000    0.000    0.000    0.000    0.000    0.000    0.000    0.000
114       0.000    0.000    0.000    0.000    0.000    0.000    0.000    0.000    0.000    0.000    0.000    0.000    0.000    0.000    0.000    0.000
115       0.000    0.000    0.000    0.000    0.000    0.000    0.000    0.000    0.000    0.000    0.000    0.000    0.000    0.000    0.000    0.000
116       0.000    0.000    0.000    0.000    0.000    0.000    0.000    0.000    0.000    0.000    0.000    0.000    0.000    0.000    0.000    0.000
117       0.000    0.000    0.000    0.000    0.000    0.000    0.000    0.000    0.000    0.000    0.000    0.000    0.000    0.000    0.000    0.000
118       0.000    0.000    0.000    0.000    0.000    0.000    0.000    0.000    0.000    0.000    0.000    0.000    0.000    0.000    0.000    0.000
119       0.000    0.000    0.000    0.000    0.000    0.000    0.000    0.000    0.000    0.000    0.000    0.000    0.000    0.000    0.000    0.000
120       0.000    0.000    0.000    0.000    0.000    0.000    0.000    0.000    0.000    0.000    0.000    0.000    0.000    0.000    0.000    0.000
121       0.000    0.000    0.000    0.000    0.000    0.000    0.000    0.000    0.000    0.000    0.000    0.000    0.000    0.000    0.000    0.000
122       0.000    0.000    0.000    0.000    0.000    0.000    0.000    0.000    0.000    0.000    0.000    0.000    0.000    0.000    0.000    0.000
123       0.000    0.000    0.000    0.000    0.000    0.000    0.000    0.000    0.000    0.000    0.000    0.000    0.000    0.000    0.000    0.000
124       0.000    0.000    0.000    0.000    0.000    0.000    0.000    0.000    0.000    0.000    0.000    0.000    0.000    0.000    0.000    0.000
125       0.000    0.000    0.000    0.000    0.000    0.000    0.000    0.000    0.000    0.000    0.000    0.000    0.000    0.000    0.000    0.000
126       0.000    0.000    0.000    0.000    0.000    0.000    0.000    0.000    0.000    0.000    0.000    0.000    0.000    0.000    0.000    0.000
127       0.000    0.000    0.000    0.000    0.000    0.000    0.000    0.000    0.000    0.000    0.000    0.000    0.000    0.000    0.000    0.000
128       0.000    0.000    0.000    0.000    0.000    0.000    0.000    0.000    0.000    0.000    0.000    0.000    0.000    0.000    0.000    0.000
129       0.000    0.000    0.000    0.000    0.000    0.000    0.000    0.000    0.000    0.000    0.000    0.000    0.000    0.000    0.000    0.000
130       0.000    0.000    0.000    0.000    0.000    0.000    0.000    0.000    0.000    0.000    0.000    0.000    0.000    0.000    0.000    0.000
131       0.000    0.000    0.000    0.000    0.000    0.000    0.000    0.000    0.000    0.000    0.000    0.000    0.000    0.000    0.000    0.000
132       0.000    0.000    0.000    0.000    0.000    0.000    0.000    0.000    0.000    0.000    0.000    0.000    0.000    0.000    0.000    0.000
133       0.000    0.000    0.000    0.000    0.000    0.000    0.000    0.000    0.000    0.000    0.000    0.000    0.000    0.000    0.000    0.000
134       0.000    0.000    0.000    0.000    0.000    0.000    0.000    0.000    0.000    0.000    0.000    0.000    0.000    0.000    0.000    0.000
135       0.000    0.000    0.000    0.000    0.000    0.000    0.000    0.000    0.000    0.000    0.000    0.000    0.000    0.000    0.000    0.000
136       0.000    0.000    0.000    0.000    0.000    0.000    0.000    0.000    0.000    0.000    0.000    0.000    0.000    0.000    0.000    0.000
137       0.000    0.000    0.000    0.000    0.000    0.000    0.000    0.000    0.000    0.000    0.000    0.000    0.000    0.000    0.000    0.000
138       0.000    0.000    0.000    0.000    0.000    0.000    0.000    0.000    0.000    0.000    0.000    0.000    0.000    0.000    0.000    0.000
139       0.000    0.000    0.000    0.000    0.000    0.000    0.000    0.000    0.000    0.000    0.000    0.000    0.000    0.000    0.000    0.000
140       0.000    0.000    0.000    0.000    0.000    0.000    0.000    0.000    0.000    0.000    0.000    0.000    0.000    0.000    0.000    0.000
141       0.000    0.000    0.000    0.000    0.000    0.000    0.000    0.000    0.000    0.000    0.000    0.000    0.000    0.000    0.000    0.000
142       0.000    0.000    0.000    0.000    0.000    0.000    0.000    0.000    0.000    0.000    0.000    0.000    0.000    0.000    0.000    0.000
143       0.000    0.000    0.000    0.000    0.000    0.000    0.000    0.000    0.000    0.000    0.000    0.000    0.000    0.000    0.000    0.000
144       0.000    0.000    0.000    0.000    0.000    0.000    0.000    0.000    0.000    0.000    0.000    0.000    0.000    0.000    0.000    0.000
145       0.000    0.000    0.000    0.000    0.000    0.000    0.000    0.000    0.000    0.000    0.000    0.000    0.000    0.000    0.000    0.000
146       0.000    0.000    0.000    0.000    0.000    0.000    0.000    0.000    0.000    0.000    0.000    0.000    0.000    0.000    0.000    0.000
147       0.000    0.000    0.000    0.000    0.000    0.000    0.000    0.000    0.000    0.000    0.000    0.000    0.000    0.000    0.000    0.000
148       0.000    0.000    0.000    0.000    0.000    0.000    0.000    0.000    0.000    0.000    0.000    0.000    0.000    0.000    0.000    0.000
149       0.000    0.000    0.000    0.000    0.000    0.000    0.000    0.000    0.000    0.000    0.000    0.000    0.000    0.000    0.000    0.000
150       0.000    0.000    0.000    0.000    0.000    0.000    0.000    0.000    0.000    0.000    0.000    0.000    0.000    0.000    0.000    0.000
Sum       0.000    0.000    5.632   92.777   89.340  512.265   84.369   80.771   21.735   29.611   22.271    7.436    5.793    0.000    0.000    0.000
mW        0.000    0.000    0.621    0.763    0.982    1.236    1.485    1.671    1.525    1.991    2.129    1.618    2.069    0.000    0.000    0.000
mL        0.000    0.000   42.000   44.890   48.260   52.533   56.176   58.418   56.824   66.200   65.125   58.000   63.000    0.000    0.000    0.000
pA        0.000    0.000    0.006    0.097    0.094    0.538    0.089    0.085    0.023    0.031    0.023    0.008    0.006    0.000    0.000    0.000
tot.mW 1280.588 1280.588 1280.588 1280.588 1280.588 1280.588 1280.588 1280.588 1280.588 1280.588 1280.588 1280.588 1280.588 1280.588 1280.588 1280.588
tot.mL   52.862   52.862   52.862   52.862   52.862   52.862   52.862   52.862   52.862   52.862   52.862   52.862   52.862   52.862   52.862   52.862
          Matad      Sum
1         0.000    0.000
2         0.000    0.000
3         0.000    0.000
4         0.000    0.000
5         0.000    0.000
6         0.000    0.000
7         0.000    0.000
8         0.000    0.000
9         0.000    0.000
10        0.000    0.000
11        0.000    0.000
12        0.000    0.000
13        0.000    0.000
14        0.000    0.000
15        0.000    0.000
16        0.000    0.000
17        0.000    0.000
18        0.000    0.000
19        0.000    0.000
20        0.000    0.000
21        0.000    0.000
22        0.000    0.000
23        0.000    0.000
24        0.000    0.000
25        0.000    0.000
26        0.000    0.000
27        0.000    0.000
28        0.000    0.000
29        0.000    0.000
30        0.000    0.000
31        0.000    0.000
32        0.000    0.000
33        1.000    1.000
34        0.000    0.000
35        1.000    1.000
36        2.000    2.000
37        2.000    2.000
38        3.000    3.000
39        4.000    4.000
40        5.000    5.000
41        6.000    6.000
42       14.000   14.000
43       14.000   14.000
44       34.000   34.000
45       29.000   29.000
46       40.000   40.000
47       34.000   34.000
48       47.000   47.000
49       56.000   56.000
50       52.000   52.000
51       59.000   59.000
52       51.000   51.000
53       70.000   70.000
54       50.000   50.000
55       64.000   64.000
56       51.000   51.000
57       50.000   50.000
58       48.000   48.000
59       35.000   35.000
60       28.000   28.000
61       28.000   28.000
62       15.000   15.000
63       11.000   11.000
64       13.000   13.000
65        8.000    8.000
66        7.000    7.000
67        6.000    6.000
68        7.000    7.000
69        1.000    1.000
70        1.000    1.000
71        1.000    1.000
72        0.000    0.000
73        0.000    0.000
74        2.000    2.000
75        0.000    0.000
76        0.000    0.000
77        1.000    1.000
78        0.000    0.000
79        0.000    0.000
80        0.000    0.000
81        0.000    0.000
82        1.000    1.000
83        0.000    0.000
84        0.000    0.000
85        0.000    0.000
86        0.000    0.000
87        0.000    0.000
88        0.000    0.000
89        0.000    0.000
90        0.000    0.000
91        0.000    0.000
92        0.000    0.000
93        0.000    0.000
94        0.000    0.000
95        0.000    0.000
96        0.000    0.000
97        0.000    0.000
98        0.000    0.000
99        0.000    0.000
100       0.000    0.000
101       0.000    0.000
102       0.000    0.000
103       0.000    0.000
104       0.000    0.000
105       0.000    0.000
106       0.000    0.000
107       0.000    0.000
108       0.000    0.000
109       0.000    0.000
110       0.000    0.000
111       0.000    0.000
112       0.000    0.000
113       0.000    0.000
114       0.000    0.000
115       0.000    0.000
116       0.000    0.000
117       0.000    0.000
118       0.000    0.000
119       0.000    0.000
120       0.000    0.000
121       0.000    0.000
122       0.000    0.000
123       0.000    0.000
124       0.000    0.000
125       0.000    0.000
126       0.000    0.000
127       0.000    0.000
128       0.000    0.000
129       0.000    0.000
130       0.000    0.000
131       0.000    0.000
132       0.000    0.000
133       0.000    0.000
134       0.000    0.000
135       0.000    0.000
136       0.000    0.000
137       0.000    0.000
138       0.000    0.000
139       0.000    0.000
140       0.000    0.000
141       0.000    0.000
142       0.000    0.000
143       0.000    0.000
144       0.000    0.000
145       0.000    0.000
146       0.000    0.000
147       0.000    0.000
148       0.000    0.000
149       0.000    0.000
150       0.000    0.000
Sum     952.000  952.000
mW        0.000    0.000
mL        0.000    0.000
pA        0.000    0.000
tot.mW 1280.588 1280.588
tot.mL   52.862   52.862


 .... [TRUNCATED] 
>>>>>>>>>>>>>>>>>>>>>>>>>>>>>>>>>>>>>>>>>>>>>>>>>>>>>>>>>>>>>> 
 > Dato                :  Tue Dec  9 11:30:53 2014 
 > Slag                :  HY 
 > ?r                  :  2014 
 > Ti?arskei?          :  APR-DEC 
 > Skipab?lk/-ar       :  20 21 
 > Skipab?lk/-ar (l?n) :  0 
 > ICES-?ki            :  VB1 
 <<<<<<<<<<<<<<<<<<<<<<<<<<<<<<<<<<<<<<<<<<<<<<<<<<<<<<<<<<<<<< 

$URSLITID
   aldur tal_matad tal_fiskad midal_longd midal_vekt roknad_veida
0      0         0          0        0.00      0.000            0
1      1         0          0        0.00      0.000            0
2      2        14        276       42.00      0.621          171
3      3        83       1640       45.35      0.796         1305
4      4        73       1432       48.58      0.983         1408
5      5       487       9598       52.91      1.255        12043
6      6        68       1346       55.61      1.438         1935
7      7        95       1881       57.90      1.630         3067
8      8        20        399       56.47      1.502          600
9      9        15        288       56.00      1.526          440
10    10        17        339       60.94      1.921          652
11    11         5         95       58.00      1.618          153
12    12        11        217       63.00      2.069          449
13    13         0          0        0.00      0.000            0
14    14         0          0        0.00      0.000            0
15    15         0          0        0.00      0.000            0
17   Sum       888      17511       52.86      1.269        22223

$URSLITID.j
   aldur tal_matad tal_fiskad midal_longd midal_vekt roknad_veida
0      0         0          0        0.00      0.000            0
1      1         0          0        0.00      0.000            0
2      2         6        103       42.00      0.621           64
3      3        93       1691       44.89      0.763         1290
4      4        89       1628       48.26      0.982         1600
5      5       512       9338       52.53      1.236        11543
6      6        84       1538       56.18      1.485         2284
7      7        81       1472       58.42      1.671         2461
8      8        22        396       56.82      1.525          604
9      9        30        540       66.20      1.991         1075
10    10        22        406       65.12      2.129          864
11    11         7        136       58.00      1.618          219
12    12         6        106       63.00      2.069          218
13    13         0          0        0.00      0.000            0
14    14         0          0        0.00      0.000            0
15    15         0          0        0.00      0.000            0
17   Sum       952      17354       52.86      1.281        22222


 .... [TRUNCATED] 
