
 .... [TRUNCATED] 
<<<<<<<<<<<<<<<<<<<<<<<<<<<<<<<<<<<<<<<<<<<<<<<<<<<<<<<<<<<<<<<<<<<<<<<< 
 > Dato                                      :  Tue Dec  2 15:50:07 2014 
 > Slag                                      :  UP 
 > Ár                                        :  2014 
 > Skipabólk/-ar                             :  20 
 > Byrjanar og enda mánaŵ fyri ALK/ALD       :  JAN-MAY 
 > Skipabólk/-ar, sum longdir eru lántar frá :  0 
 > Skipabólk/-ar, sum vektir eru lántar frá  :  0 
 > Skipabólk/-ar, sum aldrar eru lántar frá  :  0 
 > ICES-øki                                  :  VB1 
 <<<<<<<<<<<<<<<<<<<<<<<<<<<<<<<<<<<<<<<<<<<<<<<<<<<<<<<<<<<<<<<<<<<<<<<<
 .... [TRUNCATED] 
>>>>>>>>>>>>>>>>>>>>>>>>>>>>>>>>>>>>> 
> Alpha	 = 0.01635943
> Beta	 = 2.825035
> R^2	 = 0.9817952
> N	 = 2357
> Veida (kg.)	  = 55555
> Rundveida (kg.) = 61666.05
<<<<<<<<<<<<<<<<<<<<<<<<<<<<<<<<<<<<<
 .... [TRUNCATED] 
>>>>>>>>>>>>>> 	 ALK-lykil 	 <<<<<<<<<<<<
 .... [TRUNCATED] 
$ALK
    longd 0 1 2 3  4  5  6 7 8 9 10 11 12 13 14 15 Sum Matad
1       1 0 0 0 0  0  0  0 0 0 0  0  0  0  0  0  0   0     0
2       2 0 0 0 0  0  0  0 0 0 0  0  0  0  0  0  0   0     0
3       3 0 0 0 0  0  0  0 0 0 0  0  0  0  0  0  0   0     0
4       4 0 0 0 0  0  0  0 0 0 0  0  0  0  0  0  0   0     0
5       5 0 0 0 0  0  0  0 0 0 0  0  0  0  0  0  0   0     0
6       6 0 0 0 0  0  0  0 0 0 0  0  0  0  0  0  0   0     0
7       7 0 0 0 0  0  0  0 0 0 0  0  0  0  0  0  0   0     0
8       8 0 0 0 0  0  0  0 0 0 0  0  0  0  0  0  0   0     0
9       9 0 0 0 0  0  0  0 0 0 0  0  0  0  0  0  0   0     0
10     10 0 0 0 0  0  0  0 0 0 0  0  0  0  0  0  0   0     0
11     11 0 0 0 0  0  0  0 0 0 0  0  0  0  0  0  0   0     0
12     12 0 0 0 0  0  0  0 0 0 0  0  0  0  0  0  0   0     0
13     13 0 0 0 0  0  0  0 0 0 0  0  0  0  0  0  0   0     0
14     14 0 0 0 0  0  0  0 0 0 0  0  0  0  0  0  0   0     0
15     15 0 0 0 0  0  0  0 0 0 0  0  0  0  0  0  0   0     0
16     16 0 0 0 0  0  0  0 0 0 0  0  0  0  0  0  0   0     0
17     17 0 0 0 0  0  0  0 0 0 0  0  0  0  0  0  0   0     0
18     18 0 0 0 0  0  0  0 0 0 0  0  0  0  0  0  0   0     0
19     19 0 0 0 0  0  0  0 0 0 0  0  0  0  0  0  0   0     0
20     20 0 0 0 0  0  0  0 0 0 0  0  0  0  0  0  0   0     0
21     21 0 0 0 0  0  0  0 0 0 0  0  0  0  0  0  0   0     0
22     22 0 0 0 0  0  0  0 0 0 0  0  0  0  0  0  0   0     0
23     23 0 0 0 0  0  0  0 0 0 0  0  0  0  0  0  0   0     0
24     24 0 0 0 0  0  0  0 0 0 0  0  0  0  0  0  0   0     0
25     25 0 0 0 0  0  0  0 0 0 0  0  0  0  0  0  0   0     0
26     26 0 0 0 0  0  0  0 0 0 0  0  0  0  0  0  0   0     0
27     27 0 0 0 0  0  0  0 0 0 0  0  0  0  0  0  0   0     0
28     28 0 0 0 0  0  0  0 0 0 0  0  0  0  0  0  0   0     0
29     29 0 0 0 0  0  0  0 0 0 0  0  0  0  0  0  0   0     0
30     30 0 0 0 0  0  0  0 0 0 0  0  0  0  0  0  0   0     0
31     31 0 0 0 0  0  0  0 0 0 0  0  0  0  0  0  0   0     0
32     32 0 0 0 0  0  0  0 0 0 0  0  0  0  0  0  0   0     0
33     33 0 0 0 0  0  0  0 0 0 0  0  0  0  0  0  0   0     0
34     34 0 0 0 0  0  0  0 0 0 0  0  0  0  0  0  0   0     0
35     35 0 0 0 0  0  0  0 0 0 0  0  0  0  0  0  0   0     0
36     36 0 0 0 0  0  0  0 0 0 0  0  0  0  0  0  0   0     0
37     37 0 0 0 0  0  0  0 0 0 0  0  0  0  0  0  0   0     0
38     38 0 0 0 0  0  0  0 0 0 0  0  0  0  0  0  0   0     0
39     39 0 0 0 0  0  0  0 0 0 0  0  0  0  0  0  0   0     1
40     40 0 0 0 0  1  0  0 0 0 0  0  0  0  0  0  0   1     7
41     41 0 0 0 0  0  0  0 0 0 0  0  0  0  0  0  0   0     9
42     42 0 0 0 0  0  0  0 0 0 0  0  0  0  0  0  0   0    12
43     43 0 0 0 0  0  0  0 0 0 0  0  0  0  0  0  0   0    10
44     44 0 0 0 1  1  0  0 0 0 0  0  0  0  0  0  0   2    15
45     45 0 0 0 0  0  0  0 0 0 0  0  0  0  0  0  0   0    18
46     46 0 0 0 0  1  0  0 0 0 0  0  0  0  0  0  0   1    18
47     47 0 0 0 1  1  0  0 0 0 0  0  0  0  0  0  0   2    33
48     48 0 0 0 3  3  2  0 0 0 0  0  0  0  0  0  0   8    43
49     49 0 0 0 1  3  1  0 0 0 0  0  0  0  0  0  0   5    29
50     50 0 0 0 1  6  1  0 0 0 0  0  0  0  0  0  0   8    43
51     51 0 0 0 0  7  0  0 0 0 0  0  0  0  0  0  0   7    53
52     52 0 0 0 3  6  3  1 1 0 0  0  0  0  0  0  0  14    69
53     53 0 0 0 0  8  7  0 0 0 0  0  0  0  0  0  0  15    78
54     54 0 0 0 0 11  6  1 0 0 0  0  0  0  0  0  0  18   115
55     55 0 0 0 1 15 10  2 0 0 0  0  0  0  0  0  0  28   118
56     56 0 0 0 0  8 11  0 0 0 0  0  0  0  0  0  0  19    93
57     57 0 0 0 0  6 15  1 0 0 0  0  0  0  0  0  0  22   133
58     58 0 0 0 1  5 13  4 1 0 0  0  0  0  0  0  0  24   108
59     59 0 0 0 0 10 15  3 0 0 0  0  0  0  0  0  0  28    99
60     60 0 0 0 0  2 22  3 1 0 0  0  0  0  0  0  0  28   113
61     61 0 0 0 0  2 17  5 2 0 0  0  0  0  0  0  0  26   103
62     62 0 0 0 0  0 13  9 1 0 0  0  0  0  0  0  0  23   105
63     63 0 0 0 0  1 13  5 0 0 0  0  0  0  0  0  0  19    84
64     64 0 0 0 0  1  8  4 1 0 0  0  0  0  0  0  0  14    71
65     65 0 0 0 0  1 13  8 2 0 0  0  0  0  0  0  0  24    85
66     66 0 0 0 0  0  4  8 4 0 0  0  0  0  0  0  0  16    54
67     67 0 0 0 0  0  3  6 3 0 0  0  0  0  0  0  0  12    55
68     68 0 0 0 0  0  7  5 4 0 0  0  0  0  0  0  0  16    49
69     69 0 0 0 0  0  4 15 4 0 0  0  0  0  0  0  0  23    65
70     70 0 0 0 0  0  4  9 2 0 0  0  0  0  0  0  0  15    54
71     71 0 0 0 0  0  0  2 2 0 0  0  0  0  0  0  0   4    28
72     72 0 0 0 0  0  1  3 4 0 0  0  0  0  0  0  0   8    31
73     73 0 0 0 0  0  0  2 2 0 0  0  0  0  0  0  0   4    28
74     74 0 0 0 0  0  1  0 0 0 0  0  0  0  0  0  0   1    25
75     75 0 0 0 0  0  0  1 1 0 0  0  0  0  0  0  0   2    19
76     76 0 0 0 0  0  0  0 0 1 0  0  0  0  0  0  0   1    19
77     77 0 0 0 0  0  0  1 0 0 0  0  0  0  0  0  0   1    14
78     78 0 0 0 0  0  0  0 1 0 0  0  0  0  0  0  0   1     8
79     79 0 0 0 0  0  0  0 0 0 0  0  0  0  0  0  0   0     7
80     80 0 0 0 0  0  0  0 0 0 0  1  0  0  0  0  0   1    15
81     81 0 0 0 0  0  0  0 0 1 0  0  0  0  0  0  0   1    10
82     82 0 0 0 0  0  0  0 2 2 0  0  0  0  0  0  0   4    18
83     83 0 0 0 0  0  0  0 1 0 1  0  0  0  0  0  0   2    15
84     84 0 0 0 0  0  0  0 0 0 0  0  0  0  0  0  0   0    10
85     85 0 0 0 0  0  0  0 1 3 1  0  0  0  0  0  0   5    17
86     86 0 0 0 0  0  0  0 0 0 0  0  0  0  0  0  0   0     8
87     87 0 0 0 0  0  0  1 0 0 1  0  0  0  0  0  0   2    14
88     88 0 0 0 0  0  0  0 0 0 1  0  1  0  0  0  0   2     9
89     89 0 0 0 0  0  0  0 0 0 1  2  0  0  0  0  0   3    12
90     90 0 0 0 0  0  0  0 0 0 2  0  1  0  0  0  0   3    15
91     91 0 0 0 0  0  0  0 0 0 0  0  1  0  0  0  0   1    12
92     92 0 0 0 0  0  0  0 0 0 0  1  1  1  1  0  0   4    17
93     93 0 0 0 0  0  0  0 0 0 0  1  0  0  0  0  0   1     6
94     94 0 0 0 0  0  0  0 0 0 0  0  0  0  0  0  0   0     7
95     95 0 0 0 0  0  0  0 0 0 0  0  0  1  0  0  0   1     8
96     96 0 0 0 0  0  0  0 0 0 0  1  1  1  0  0  0   3     8
97     97 0 0 0 0  0  0  0 0 0 0  0  0  1  1  0  0   2     8
98     98 0 0 0 0  0  0  0 0 0 0  1  0  0  0  0  0   1     3
99     99 0 0 0 0  0  0  0 0 0 0  1  0  0  0  0  0   1     6
100   100 0 0 0 0  0  0  0 0 0 0  0  0  0  0  0  0   0     5
101   101 0 0 0 0  0  0  0 0 0 0  0  0  0  0  0  0   0     1
102   102 0 0 0 0  0  0  0 0 0 0  0  0  0  1  0  0   1     3
103   103 0 0 0 0  0  0  0 0 0 0  0  0  0  0  0  0   0     2
104   104 0 0 0 0  0  0  0 0 0 0  0  0  0  0  0  0   0     1
105   105 0 0 0 0  0  0  0 0 0 0  0  0  0  0  0  0   0     2
106   106 0 0 0 0  0  0  0 0 0 0  0  0  0  0  0  0   0     1
107   107 0 0 0 0  0  0  0 0 0 0  0  0  1  0  0  0   1     1
108   108 0 0 0 0  0  0  0 0 0 0  0  0  0  0  0  0   0     0
109   109 0 0 0 0  0  0  0 0 0 0  0  1  0  0  0  0   1     2
110   110 0 0 0 0  0  0  0 0 0 0  0  0  0  0  0  0   0     0
111   111 0 0 0 0  0  0  0 0 0 0  0  0  0  0  0  0   0     0
112   112 0 0 0 0  0  0  0 0 0 0  0  0  0  0  0  0   0     0
113   113 0 0 0 0  0  0  0 0 0 0  0  0  0  0  0  0   0     0
114   114 0 0 0 0  0  0  0 0 0 0  0  0  0  0  0  0   0     0
115   115 0 0 0 0  0  0  0 0 0 0  0  0  0  0  0  0   0     0
116   116 0 0 0 0  0  0  0 0 0 0  0  0  0  0  0  0   0     0
117   117 0 0 0 0  0  0  0 0 0 0  0  0  0  0  0  0   0     0
118   118 0 0 0 0  0  0  0 0 0 0  0  0  0  0  0  0   0     0
119   119 0 0 0 0  0  0  0 0 0 0  0  0  0  0  0  0   0     0
120   120 0 0 0 0  0  0  0 0 0 0  0  0  0  0  0  0   0     0
121   121 0 0 0 0  0  0  0 0 0 0  0  0  0  0  0  0   0     0
122   122 0 0 0 0  0  0  0 0 0 0  0  0  0  0  0  0   0     0
123   123 0 0 0 0  0  0  0 0 0 0  0  0  0  0  0  0   0     0
124   124 0 0 0 0  0  0  0 0 0 0  0  0  0  0  0  0   0     0
125   125 0 0 0 0  0  0  0 0 0 0  0  0  0  0  0  0   0     0
126   126 0 0 0 0  0  0  0 0 0 0  0  0  0  0  0  0   0     0
127   127 0 0 0 0  0  0  0 0 0 0  0  0  0  0  0  0   0     0
128   128 0 0 0 0  0  0  0 0 0 0  0  0  0  0  0  0   0     0
129   129 0 0 0 0  0  0  0 0 0 0  0  0  0  0  0  0   0     0
130   130 0 0 0 0  0  0  0 0 0 0  0  0  0  0  0  0   0     0
131   131 0 0 0 0  0  0  0 0 0 0  0  0  0  0  0  0   0     0
132   132 0 0 0 0  0  0  0 0 0 0  0  0  0  0  0  0   0     0
133   133 0 0 0 0  0  0  0 0 0 0  0  0  0  0  0  0   0     0
134   134 0 0 0 0  0  0  0 0 0 0  0  0  0  0  0  0   0     0
135   135 0 0 0 0  0  0  0 0 0 0  0  0  0  0  0  0   0     0
136   136 0 0 0 0  0  0  0 0 0 0  0  0  0  0  0  0   0     0
137   137 0 0 0 0  0  0  0 0 0 0  0  0  0  0  0  0   0     0
138   138 0 0 0 0  0  0  0 0 0 0  0  0  0  0  0  0   0     0
139   139 0 0 0 0  0  0  0 0 0 0  0  0  0  0  0  0   0     0
140   140 0 0 0 0  0  0  0 0 0 0  0  0  0  0  0  0   0     0
141   141 0 0 0 0  0  0  0 0 0 0  0  0  0  0  0  0   0     0
142   142 0 0 0 0  0  0  0 0 0 0  0  0  0  0  0  0   0     0
143   143 0 0 0 0  0  0  0 0 0 0  0  0  0  0  0  0   0     0
144   144 0 0 0 0  0  0  0 0 0 0  0  0  0  0  0  0   0     0
145   145 0 0 0 0  0  0  0 0 0 0  0  0  0  0  0  0   0     0
146   146 0 0 0 0  0  0  0 0 0 0  0  0  0  0  0  0   0     0
147   147 0 0 0 0  0  0  0 0 0 0  0  0  0  0  0  0   0     0
148   148 0 0 0 0  0  0  0 0 0 0  0  0  0  0  0  0   0     0
149   149 0 0 0 0  0  0  0 0 0 0  0  0  0  0  0  0   0     0
150   150 0 0 0 0  0  0  0 0 0 0  0  0  0  0  0  0   0     0

$ALK.j
    longd 0 1 2     3     4      5     6     7     8     9    10    11    12    13 14 15    Sum Matad
1       1 0 0 0 0.000 0.000  0.000 0.000 0.000 0.000 0.000 0.000 0.000 0.000 0.000  0  0  0.000     0
2       2 0 0 0 0.000 0.000  0.000 0.000 0.000 0.000 0.000 0.000 0.000 0.000 0.000  0  0  0.000     0
3       3 0 0 0 0.000 0.000  0.000 0.000 0.000 0.000 0.000 0.000 0.000 0.000 0.000  0  0  0.000     0
4       4 0 0 0 0.000 0.000  0.000 0.000 0.000 0.000 0.000 0.000 0.000 0.000 0.000  0  0  0.000     0
5       5 0 0 0 0.000 0.000  0.000 0.000 0.000 0.000 0.000 0.000 0.000 0.000 0.000  0  0  0.000     0
6       6 0 0 0 0.000 0.000  0.000 0.000 0.000 0.000 0.000 0.000 0.000 0.000 0.000  0  0  0.000     0
7       7 0 0 0 0.000 0.000  0.000 0.000 0.000 0.000 0.000 0.000 0.000 0.000 0.000  0  0  0.000     0
8       8 0 0 0 0.000 0.000  0.000 0.000 0.000 0.000 0.000 0.000 0.000 0.000 0.000  0  0  0.000     0
9       9 0 0 0 0.000 0.000  0.000 0.000 0.000 0.000 0.000 0.000 0.000 0.000 0.000  0  0  0.000     0
10     10 0 0 0 0.000 0.000  0.000 0.000 0.000 0.000 0.000 0.000 0.000 0.000 0.000  0  0  0.000     0
11     11 0 0 0 0.000 0.000  0.000 0.000 0.000 0.000 0.000 0.000 0.000 0.000 0.000  0  0  0.000     0
12     12 0 0 0 0.000 0.000  0.000 0.000 0.000 0.000 0.000 0.000 0.000 0.000 0.000  0  0  0.000     0
13     13 0 0 0 0.000 0.000  0.000 0.000 0.000 0.000 0.000 0.000 0.000 0.000 0.000  0  0  0.000     0
14     14 0 0 0 0.000 0.000  0.000 0.000 0.000 0.000 0.000 0.000 0.000 0.000 0.000  0  0  0.000     0
15     15 0 0 0 0.000 0.000  0.000 0.000 0.000 0.000 0.000 0.000 0.000 0.000 0.000  0  0  0.000     0
16     16 0 0 0 0.000 0.000  0.000 0.000 0.000 0.000 0.000 0.000 0.000 0.000 0.000  0  0  0.000     0
17     17 0 0 0 0.000 0.000  0.000 0.000 0.000 0.000 0.000 0.000 0.000 0.000 0.000  0  0  0.000     0
18     18 0 0 0 0.000 0.000  0.000 0.000 0.000 0.000 0.000 0.000 0.000 0.000 0.000  0  0  0.000     0
19     19 0 0 0 0.000 0.000  0.000 0.000 0.000 0.000 0.000 0.000 0.000 0.000 0.000  0  0  0.000     0
20     20 0 0 0 0.000 0.000  0.000 0.000 0.000 0.000 0.000 0.000 0.000 0.000 0.000  0  0  0.000     0
21     21 0 0 0 0.000 0.000  0.000 0.000 0.000 0.000 0.000 0.000 0.000 0.000 0.000  0  0  0.000     0
22     22 0 0 0 0.000 0.000  0.000 0.000 0.000 0.000 0.000 0.000 0.000 0.000 0.000  0  0  0.000     0
23     23 0 0 0 0.000 0.000  0.000 0.000 0.000 0.000 0.000 0.000 0.000 0.000 0.000  0  0  0.000     0
24     24 0 0 0 0.000 0.000  0.000 0.000 0.000 0.000 0.000 0.000 0.000 0.000 0.000  0  0  0.000     0
25     25 0 0 0 0.000 0.000  0.000 0.000 0.000 0.000 0.000 0.000 0.000 0.000 0.000  0  0  0.000     0
26     26 0 0 0 0.000 0.000  0.000 0.000 0.000 0.000 0.000 0.000 0.000 0.000 0.000  0  0  0.000     0
27     27 0 0 0 0.000 0.000  0.000 0.000 0.000 0.000 0.000 0.000 0.000 0.000 0.000  0  0  0.000     0
28     28 0 0 0 0.000 0.000  0.000 0.000 0.000 0.000 0.000 0.000 0.000 0.000 0.000  0  0  0.000     0
29     29 0 0 0 0.000 0.000  0.000 0.000 0.000 0.000 0.000 0.000 0.000 0.000 0.000  0  0  0.000     0
30     30 0 0 0 0.000 0.000  0.000 0.000 0.000 0.000 0.000 0.000 0.000 0.000 0.000  0  0  0.000     0
31     31 0 0 0 0.000 0.000  0.000 0.000 0.000 0.000 0.000 0.000 0.000 0.000 0.000  0  0  0.000     0
32     32 0 0 0 0.000 0.000  0.000 0.000 0.000 0.000 0.000 0.000 0.000 0.000 0.000  0  0  0.000     0
33     33 0 0 0 0.000 0.000  0.000 0.000 0.000 0.000 0.000 0.000 0.000 0.000 0.000  0  0  0.000     0
34     34 0 0 0 0.000 0.000  0.000 0.000 0.000 0.000 0.000 0.000 0.000 0.000 0.000  0  0  0.000     0
35     35 0 0 0 0.000 0.000  0.000 0.000 0.000 0.000 0.000 0.000 0.000 0.000 0.000  0  0  0.001     0
36     36 0 0 0 0.001 0.000  0.000 0.000 0.000 0.000 0.000 0.000 0.000 0.000 0.000  0  0  0.002     0
37     37 0 0 0 0.003 0.001  0.000 0.000 0.000 0.000 0.000 0.000 0.000 0.000 0.000  0  0  0.004     0
38     38 0 0 0 0.007 0.004  0.000 0.000 0.000 0.000 0.000 0.000 0.000 0.000 0.000  0  0  0.011     0
39     39 0 0 0 0.016 0.009  0.001 0.000 0.000 0.000 0.000 0.000 0.000 0.000 0.000  0  0  0.026     1
40     40 0 0 0 0.033 0.022  0.002 0.000 0.000 0.000 0.000 0.000 0.000 0.000 0.000  0  0  0.057     7
41     41 0 0 0 0.065 0.050  0.004 0.000 0.000 0.000 0.000 0.000 0.000 0.000 0.000  0  0  0.119     9
42     42 0 0 0 0.119 0.107  0.010 0.000 0.001 0.000 0.000 0.000 0.000 0.000 0.000  0  0  0.236    12
43     43 0 0 0 0.203 0.214  0.021 0.001 0.001 0.000 0.000 0.000 0.000 0.000 0.000  0  0  0.440    10
44     44 0 0 0 0.325 0.405  0.045 0.002 0.002 0.000 0.000 0.000 0.000 0.000 0.000  0  0  0.779    15
45     45 0 0 0 0.484 0.724  0.091 0.003 0.004 0.000 0.000 0.000 0.000 0.000 0.000  0  0  1.306    18
46     46 0 0 0 0.674 1.218  0.175 0.007 0.007 0.000 0.000 0.000 0.000 0.000 0.000  0  0  2.081    18
47     47 0 0 0 0.874 1.934  0.324 0.014 0.011 0.000 0.000 0.000 0.000 0.000 0.000  0  0  3.157    33
48     48 0 0 0 1.059 2.896  0.573 0.027 0.018 0.000 0.000 0.000 0.000 0.000 0.000  0  0  4.572    43
49     49 0 0 0 1.195 4.089  0.968 0.051 0.028 0.000 0.000 0.000 0.000 0.000 0.000  0  0  6.331    29
50     50 0 0 0 1.259 5.444  1.566 0.091 0.043 0.000 0.000 0.000 0.000 0.000 0.000  0  0  8.403    43
51     51 0 0 0 1.238 6.836  2.420 0.157 0.064 0.000 0.000 0.000 0.000 0.000 0.000  0  0 10.717    53
52     52 0 0 0 1.135 8.096  3.578 0.263 0.095 0.000 0.000 0.000 0.000 0.000 0.000  0  0 13.167    69
53     53 0 0 0 0.970 9.041  5.059 0.423 0.137 0.000 0.000 0.000 0.000 0.000 0.000  0  0 15.631    78
54     54 0 0 0 0.774 9.522  6.840 0.656 0.194 0.000 0.000 0.000 0.000 0.000 0.000  0  0 17.985   115
55     55 0 0 0 0.576 9.458  8.843 0.981 0.267 0.000 0.000 0.000 0.000 0.000 0.000  0  0 20.125   118
56     56 0 0 0 0.400 8.859 10.933 1.415 0.361 0.000 0.000 0.000 0.000 0.000 0.000  0  0 21.967    93
57     57 0 0 0 0.259 7.825 12.927 1.968 0.476 0.000 0.000 0.000 0.000 0.000 0.000  0  0 23.455   133
58     58 0 0 0 0.157 6.518 14.616 2.641 0.615 0.000 0.000 0.000 0.000 0.000 0.000  0  0 24.546   108
59     59 0 0 0 0.088 5.120 15.803 3.416 0.776 0.000 0.000 0.000 0.000 0.000 0.000  0  0 25.204    99
60     60 0 0 0 0.046 3.793 16.340 4.262 0.959 0.000 0.000 0.000 0.000 0.000 0.000  0  0 25.401   113
61     61 0 0 0 0.023 2.650 16.156 5.129 1.159 0.000 0.000 0.000 0.000 0.000 0.000  0  0 25.117   103
62     62 0 0 0 0.010 1.746 15.277 5.951 1.370 0.000 0.000 0.000 0.000 0.000 0.000  0  0 24.354   105
63     63 0 0 0 0.004 1.085 13.814 6.658 1.583 0.000 0.000 0.000 0.000 0.000 0.000  0  0 23.145    84
64     64 0 0 0 0.002 0.636 11.945 7.185 1.790 0.000 0.000 0.000 0.000 0.000 0.000  0  0 21.557    71
65     65 0 0 0 0.001 0.351  9.877 7.476 1.980 0.000 0.000 0.000 0.000 0.000 0.000  0  0 19.686    85
66     66 0 0 0 0.000 0.183  7.810 7.502 2.142 0.000 0.000 0.000 0.000 0.000 0.000  0  0 17.638    54
67     67 0 0 0 0.000 0.090  5.906 7.260 2.266 0.000 0.000 0.000 0.001 0.000 0.000  0  0 15.523    55
68     68 0 0 0 0.000 0.042  4.271 6.775 2.345 0.000 0.000 0.000 0.001 0.000 0.000  0  0 13.435    49
69     69 0 0 0 0.000 0.018  2.953 6.098 2.374 0.000 0.000 0.000 0.001 0.000 0.000  0  0 11.445    65
70     70 0 0 0 0.000 0.008  1.953 5.292 2.351 0.001 0.000 0.001 0.002 0.000 0.000  0  0  9.607    54
71     71 0 0 0 0.000 0.003  1.235 4.429 2.276 0.002 0.000 0.002 0.003 0.000 0.000  0  0  7.950    28
72     72 0 0 0 0.000 0.001  0.747 3.575 2.156 0.006 0.000 0.003 0.004 0.000 0.000  0  0  6.492    31
73     73 0 0 0 0.000 0.000  0.432 2.782 1.998 0.015 0.000 0.004 0.006 0.000 0.000  0  0  5.238    28
74     74 0 0 0 0.000 0.000  0.239 2.088 1.810 0.033 0.000 0.007 0.009 0.000 0.000  0  0  4.187    25
75     75 0 0 0 0.000 0.000  0.126 1.512 1.605 0.070 0.000 0.011 0.013 0.000 0.000  0  0  3.337    19
76     76 0 0 0 0.000 0.000  0.064 1.055 1.391 0.133 0.000 0.017 0.018 0.000 0.000  0  0  2.678    19
77     77 0 0 0 0.000 0.000  0.031 0.710 1.180 0.229 0.000 0.026 0.024 0.001 0.000  0  0  2.201    14
78     78 0 0 0 0.000 0.000  0.014 0.461 0.978 0.360 0.002 0.039 0.032 0.001 0.000  0  0  1.888     8
79     79 0 0 0 0.000 0.000  0.006 0.289 0.794 0.515 0.006 0.055 0.042 0.002 0.000  0  0  1.710     7
80     80 0 0 0 0.000 0.000  0.003 0.174 0.630 0.671 0.020 0.077 0.054 0.003 0.001  0  0  1.633    15
81     81 0 0 0 0.000 0.000  0.001 0.101 0.489 0.794 0.054 0.104 0.069 0.005 0.001  0  0  1.620    10
82     82 0 0 0 0.000 0.000  0.000 0.057 0.371 0.856 0.127 0.138 0.085 0.009 0.003  0  0  1.646    18
83     83 0 0 0 0.000 0.000  0.000 0.031 0.276 0.838 0.258 0.178 0.105 0.014 0.005  0  0  1.704    15
84     84 0 0 0 0.000 0.000  0.000 0.016 0.200 0.747 0.455 0.222 0.126 0.022 0.008  0  0  1.797    10
85     85 0 0 0 0.000 0.000  0.000 0.008 0.142 0.606 0.693 0.271 0.149 0.032 0.013  0  0  1.916    17
86     86 0 0 0 0.000 0.000  0.000 0.004 0.099 0.447 0.915 0.322 0.173 0.047 0.021  0  0  2.028     8
87     87 0 0 0 0.000 0.000  0.000 0.002 0.067 0.300 1.045 0.373 0.198 0.066 0.032  0  0  2.083    14
88     88 0 0 0 0.000 0.000  0.000 0.001 0.045 0.183 1.035 0.420 0.222 0.089 0.047  0  0  2.042     9
89     89 0 0 0 0.000 0.000  0.000 0.000 0.029 0.102 0.887 0.461 0.245 0.118 0.067  0  0  1.909    12
90     90 0 0 0 0.000 0.000  0.000 0.000 0.018 0.051 0.658 0.493 0.266 0.150 0.090  0  0  1.728    15
91     91 0 0 0 0.000 0.000  0.000 0.000 0.011 0.024 0.423 0.513 0.284 0.186 0.117  0  0  1.558    12
92     92 0 0 0 0.000 0.000  0.000 0.000 0.007 0.010 0.236 0.520 0.298 0.223 0.145  0  0  1.439    17
93     93 0 0 0 0.000 0.000  0.000 0.000 0.004 0.004 0.114 0.513 0.308 0.260 0.174  0  0  1.376     6
94     94 0 0 0 0.000 0.000  0.000 0.000 0.002 0.001 0.047 0.493 0.312 0.293 0.200  0  0  1.350     7
95     95 0 0 0 0.000 0.000  0.000 0.000 0.001 0.000 0.017 0.461 0.311 0.321 0.221  0  0  1.334     8
96     96 0 0 0 0.000 0.000  0.000 0.000 0.001 0.000 0.005 0.420 0.305 0.340 0.235  0  0  1.307     8
97     97 0 0 0 0.000 0.000  0.000 0.000 0.000 0.000 0.001 0.373 0.294 0.350 0.239  0  0  1.259     8
98     98 0 0 0 0.000 0.000  0.000 0.000 0.000 0.000 0.000 0.322 0.279 0.349 0.235  0  0  1.185     3
99     99 0 0 0 0.000 0.000  0.000 0.000 0.000 0.000 0.000 0.271 0.260 0.337 0.221  0  0  1.089     6
100   100 0 0 0 0.000 0.000  0.000 0.000 0.000 0.000 0.000 0.222 0.238 0.316 0.200  0  0  0.976     5
101   101 0 0 0 0.000 0.000  0.000 0.000 0.000 0.000 0.000 0.178 0.214 0.287 0.174  0  0  0.853     1
102   102 0 0 0 0.000 0.000  0.000 0.000 0.000 0.000 0.000 0.138 0.189 0.253 0.145  0  0  0.726     3
103   103 0 0 0 0.000 0.000  0.000 0.000 0.000 0.000 0.000 0.104 0.165 0.216 0.117  0  0  0.602     2
104   104 0 0 0 0.000 0.000  0.000 0.000 0.000 0.000 0.000 0.077 0.141 0.179 0.090  0  0  0.487     1
105   105 0 0 0 0.000 0.000  0.000 0.000 0.000 0.000 0.000 0.055 0.119 0.144 0.067  0  0  0.384     2
106   106 0 0 0 0.000 0.000  0.000 0.000 0.000 0.000 0.000 0.039 0.098 0.112 0.047  0  0  0.296     1
107   107 0 0 0 0.000 0.000  0.000 0.000 0.000 0.000 0.000 0.026 0.080 0.084 0.032  0  0  0.223     1
108   108 0 0 0 0.000 0.000  0.000 0.000 0.000 0.000 0.000 0.017 0.064 0.062 0.021  0  0  0.164     0
109   109 0 0 0 0.000 0.000  0.000 0.000 0.000 0.000 0.000 0.011 0.050 0.044 0.013  0  0  0.118     2
110   110 0 0 0 0.000 0.000  0.000 0.000 0.000 0.000 0.000 0.007 0.039 0.030 0.008  0  0  0.084     0
111   111 0 0 0 0.000 0.000  0.000 0.000 0.000 0.000 0.000 0.004 0.029 0.020 0.005  0  0  0.058     0
112   112 0 0 0 0.000 0.000  0.000 0.000 0.000 0.000 0.000 0.003 0.022 0.013 0.003  0  0  0.040     0
113   113 0 0 0 0.000 0.000  0.000 0.000 0.000 0.000 0.000 0.002 0.016 0.008 0.001  0  0  0.027     0
114   114 0 0 0 0.000 0.000  0.000 0.000 0.000 0.000 0.000 0.001 0.012 0.005 0.001  0  0  0.018     0
115   115 0 0 0 0.000 0.000  0.000 0.000 0.000 0.000 0.000 0.000 0.008 0.003 0.000  0  0  0.012     0
116   116 0 0 0 0.000 0.000  0.000 0.000 0.000 0.000 0.000 0.000 0.006 0.002 0.000  0  0  0.008     0
117   117 0 0 0 0.000 0.000  0.000 0.000 0.000 0.000 0.000 0.000 0.004 0.001 0.000  0  0  0.005     0
118   118 0 0 0 0.000 0.000  0.000 0.000 0.000 0.000 0.000 0.000 0.003 0.000 0.000  0  0  0.003     0
119   119 0 0 0 0.000 0.000  0.000 0.000 0.000 0.000 0.000 0.000 0.002 0.000 0.000  0  0  0.002     0
120   120 0 0 0 0.000 0.000  0.000 0.000 0.000 0.000 0.000 0.000 0.001 0.000 0.000  0  0  0.001     0
121   121 0 0 0 0.000 0.000  0.000 0.000 0.000 0.000 0.000 0.000 0.001 0.000 0.000  0  0  0.001     0
122   122 0 0 0 0.000 0.000  0.000 0.000 0.000 0.000 0.000 0.000 0.000 0.000 0.000  0  0  0.000     0
123   123 0 0 0 0.000 0.000  0.000 0.000 0.000 0.000 0.000 0.000 0.000 0.000 0.000  0  0  0.000     0
124   124 0 0 0 0.000 0.000  0.000 0.000 0.000 0.000 0.000 0.000 0.000 0.000 0.000  0  0  0.000     0
125   125 0 0 0 0.000 0.000  0.000 0.000 0.000 0.000 0.000 0.000 0.000 0.000 0.000  0  0  0.000     0
126   126 0 0 0 0.000 0.000  0.000 0.000 0.000 0.000 0.000 0.000 0.000 0.000 0.000  0  0  0.000     0
127   127 0 0 0 0.000 0.000  0.000 0.000 0.000 0.000 0.000 0.000 0.000 0.000 0.000  0  0  0.000     0
128   128 0 0 0 0.000 0.000  0.000 0.000 0.000 0.000 0.000 0.000 0.000 0.000 0.000  0  0  0.000     0
129   129 0 0 0 0.000 0.000  0.000 0.000 0.000 0.000 0.000 0.000 0.000 0.000 0.000  0  0  0.000     0
130   130 0 0 0 0.000 0.000  0.000 0.000 0.000 0.000 0.000 0.000 0.000 0.000 0.000  0  0  0.000     0
131   131 0 0 0 0.000 0.000  0.000 0.000 0.000 0.000 0.000 0.000 0.000 0.000 0.000  0  0  0.000     0
132   132 0 0 0 0.000 0.000  0.000 0.000 0.000 0.000 0.000 0.000 0.000 0.000 0.000  0  0  0.000     0
133   133 0 0 0 0.000 0.000  0.000 0.000 0.000 0.000 0.000 0.000 0.000 0.000 0.000  0  0  0.000     0
134   134 0 0 0 0.000 0.000  0.000 0.000 0.000 0.000 0.000 0.000 0.000 0.000 0.000  0  0  0.000     0
135   135 0 0 0 0.000 0.000  0.000 0.000 0.000 0.000 0.000 0.000 0.000 0.000 0.000  0  0  0.000     0
136   136 0 0 0 0.000 0.000  0.000 0.000 0.000 0.000 0.000 0.000 0.000 0.000 0.000  0  0  0.000     0
137   137 0 0 0 0.000 0.000  0.000 0.000 0.000 0.000 0.000 0.000 0.000 0.000 0.000  0  0  0.000     0
138   138 0 0 0 0.000 0.000  0.000 0.000 0.000 0.000 0.000 0.000 0.000 0.000 0.000  0  0  0.000     0
139   139 0 0 0 0.000 0.000  0.000 0.000 0.000 0.000 0.000 0.000 0.000 0.000 0.000  0  0  0.000     0
140   140 0 0 0 0.000 0.000  0.000 0.000 0.000 0.000 0.000 0.000 0.000 0.000 0.000  0  0  0.000     0
141   141 0 0 0 0.000 0.000  0.000 0.000 0.000 0.000 0.000 0.000 0.000 0.000 0.000  0  0  0.000     0
142   142 0 0 0 0.000 0.000  0.000 0.000 0.000 0.000 0.000 0.000 0.000 0.000 0.000  0  0  0.000     0
143   143 0 0 0 0.000 0.000  0.000 0.000 0.000 0.000 0.000 0.000 0.000 0.000 0.000  0  0  0.000     0
144   144 0 0 0 0.000 0.000  0.000 0.000 0.000 0.000 0.000 0.000 0.000 0.000 0.000  0  0  0.000     0
145   145 0 0 0 0.000 0.000  0.000 0.000 0.000 0.000 0.000 0.000 0.000 0.000 0.000  0  0  0.000     0
146   146 0 0 0 0.000 0.000  0.000 0.000 0.000 0.000 0.000 0.000 0.000 0.000 0.000  0  0  0.000     0
147   147 0 0 0 0.000 0.000  0.000 0.000 0.000 0.000 0.000 0.000 0.000 0.000 0.000  0  0  0.000     0
148   148 0 0 0 0.000 0.000  0.000 0.000 0.000 0.000 0.000 0.000 0.000 0.000 0.000  0  0  0.000     0
149   149 0 0 0 0.000 0.000  0.000 0.000 0.000 0.000 0.000 0.000 0.000 0.000 0.000  0  0  0.000     0
150   150 0 0 0 0.000 0.000  0.000 0.000 0.000 0.000 0.000 0.000 0.000 0.000 0.000  0  0  0.000     0


 .... [TRUNCATED] 
>>>>>>>>>>>>>> 	 ALD-lykil 	 <<<<<<<<<<<<
 .... [TRUNCATED] 
$ALD
              0        1        2        3        4        5        6        7        8        9       10       11       12       13       14
1         0.000    0.000    0.000    0.000    0.000    0.000    0.000    0.000    0.000    0.000    0.000    0.000    0.000    0.000    0.000
2         0.000    0.000    0.000    0.000    0.000    0.000    0.000    0.000    0.000    0.000    0.000    0.000    0.000    0.000    0.000
3         0.000    0.000    0.000    0.000    0.000    0.000    0.000    0.000    0.000    0.000    0.000    0.000    0.000    0.000    0.000
4         0.000    0.000    0.000    0.000    0.000    0.000    0.000    0.000    0.000    0.000    0.000    0.000    0.000    0.000    0.000
5         0.000    0.000    0.000    0.000    0.000    0.000    0.000    0.000    0.000    0.000    0.000    0.000    0.000    0.000    0.000
6         0.000    0.000    0.000    0.000    0.000    0.000    0.000    0.000    0.000    0.000    0.000    0.000    0.000    0.000    0.000
7         0.000    0.000    0.000    0.000    0.000    0.000    0.000    0.000    0.000    0.000    0.000    0.000    0.000    0.000    0.000
8         0.000    0.000    0.000    0.000    0.000    0.000    0.000    0.000    0.000    0.000    0.000    0.000    0.000    0.000    0.000
9         0.000    0.000    0.000    0.000    0.000    0.000    0.000    0.000    0.000    0.000    0.000    0.000    0.000    0.000    0.000
10        0.000    0.000    0.000    0.000    0.000    0.000    0.000    0.000    0.000    0.000    0.000    0.000    0.000    0.000    0.000
11        0.000    0.000    0.000    0.000    0.000    0.000    0.000    0.000    0.000    0.000    0.000    0.000    0.000    0.000    0.000
12        0.000    0.000    0.000    0.000    0.000    0.000    0.000    0.000    0.000    0.000    0.000    0.000    0.000    0.000    0.000
13        0.000    0.000    0.000    0.000    0.000    0.000    0.000    0.000    0.000    0.000    0.000    0.000    0.000    0.000    0.000
14        0.000    0.000    0.000    0.000    0.000    0.000    0.000    0.000    0.000    0.000    0.000    0.000    0.000    0.000    0.000
15        0.000    0.000    0.000    0.000    0.000    0.000    0.000    0.000    0.000    0.000    0.000    0.000    0.000    0.000    0.000
16        0.000    0.000    0.000    0.000    0.000    0.000    0.000    0.000    0.000    0.000    0.000    0.000    0.000    0.000    0.000
17        0.000    0.000    0.000    0.000    0.000    0.000    0.000    0.000    0.000    0.000    0.000    0.000    0.000    0.000    0.000
18        0.000    0.000    0.000    0.000    0.000    0.000    0.000    0.000    0.000    0.000    0.000    0.000    0.000    0.000    0.000
19        0.000    0.000    0.000    0.000    0.000    0.000    0.000    0.000    0.000    0.000    0.000    0.000    0.000    0.000    0.000
20        0.000    0.000    0.000    0.000    0.000    0.000    0.000    0.000    0.000    0.000    0.000    0.000    0.000    0.000    0.000
21        0.000    0.000    0.000    0.000    0.000    0.000    0.000    0.000    0.000    0.000    0.000    0.000    0.000    0.000    0.000
22        0.000    0.000    0.000    0.000    0.000    0.000    0.000    0.000    0.000    0.000    0.000    0.000    0.000    0.000    0.000
23        0.000    0.000    0.000    0.000    0.000    0.000    0.000    0.000    0.000    0.000    0.000    0.000    0.000    0.000    0.000
24        0.000    0.000    0.000    0.000    0.000    0.000    0.000    0.000    0.000    0.000    0.000    0.000    0.000    0.000    0.000
25        0.000    0.000    0.000    0.000    0.000    0.000    0.000    0.000    0.000    0.000    0.000    0.000    0.000    0.000    0.000
26        0.000    0.000    0.000    0.000    0.000    0.000    0.000    0.000    0.000    0.000    0.000    0.000    0.000    0.000    0.000
27        0.000    0.000    0.000    0.000    0.000    0.000    0.000    0.000    0.000    0.000    0.000    0.000    0.000    0.000    0.000
28        0.000    0.000    0.000    0.000    0.000    0.000    0.000    0.000    0.000    0.000    0.000    0.000    0.000    0.000    0.000
29        0.000    0.000    0.000    0.000    0.000    0.000    0.000    0.000    0.000    0.000    0.000    0.000    0.000    0.000    0.000
30        0.000    0.000    0.000    0.000    0.000    0.000    0.000    0.000    0.000    0.000    0.000    0.000    0.000    0.000    0.000
31        0.000    0.000    0.000    0.000    0.000    0.000    0.000    0.000    0.000    0.000    0.000    0.000    0.000    0.000    0.000
32        0.000    0.000    0.000    0.000    0.000    0.000    0.000    0.000    0.000    0.000    0.000    0.000    0.000    0.000    0.000
33        0.000    0.000    0.000    0.000    0.000    0.000    0.000    0.000    0.000    0.000    0.000    0.000    0.000    0.000    0.000
34        0.000    0.000    0.000    0.000    0.000    0.000    0.000    0.000    0.000    0.000    0.000    0.000    0.000    0.000    0.000
35        0.000    0.000    0.000    0.000    0.000    0.000    0.000    0.000    0.000    0.000    0.000    0.000    0.000    0.000    0.000
36        0.000    0.000    0.000    0.000    0.000    0.000    0.000    0.000    0.000    0.000    0.000    0.000    0.000    0.000    0.000
37        0.000    0.000    0.000    0.000    0.000    0.000    0.000    0.000    0.000    0.000    0.000    0.000    0.000    0.000    0.000
38        0.000    0.000    0.000    0.000    0.000    0.000    0.000    0.000    0.000    0.000    0.000    0.000    0.000    0.000    0.000
39        0.000    0.000    0.000    0.000    0.000    0.000    0.000    0.000    0.000    0.000    0.000    0.000    0.000    0.000    0.000
40        0.000    0.000    0.000    0.000    7.000    0.000    0.000    0.000    0.000    0.000    0.000    0.000    0.000    0.000    0.000
41        0.000    0.000    0.000    0.000    0.000    0.000    0.000    0.000    0.000    0.000    0.000    0.000    0.000    0.000    0.000
42        0.000    0.000    0.000    0.000    0.000    0.000    0.000    0.000    0.000    0.000    0.000    0.000    0.000    0.000    0.000
43        0.000    0.000    0.000    0.000    0.000    0.000    0.000    0.000    0.000    0.000    0.000    0.000    0.000    0.000    0.000
44        0.000    0.000    0.000    7.500    7.500    0.000    0.000    0.000    0.000    0.000    0.000    0.000    0.000    0.000    0.000
45        0.000    0.000    0.000    0.000    0.000    0.000    0.000    0.000    0.000    0.000    0.000    0.000    0.000    0.000    0.000
46        0.000    0.000    0.000    0.000   18.000    0.000    0.000    0.000    0.000    0.000    0.000    0.000    0.000    0.000    0.000
47        0.000    0.000    0.000   16.500   16.500    0.000    0.000    0.000    0.000    0.000    0.000    0.000    0.000    0.000    0.000
48        0.000    0.000    0.000   16.125   16.125   10.750    0.000    0.000    0.000    0.000    0.000    0.000    0.000    0.000    0.000
49        0.000    0.000    0.000    5.800   17.400    5.800    0.000    0.000    0.000    0.000    0.000    0.000    0.000    0.000    0.000
50        0.000    0.000    0.000    5.375   32.250    5.375    0.000    0.000    0.000    0.000    0.000    0.000    0.000    0.000    0.000
51        0.000    0.000    0.000    0.000   53.000    0.000    0.000    0.000    0.000    0.000    0.000    0.000    0.000    0.000    0.000
52        0.000    0.000    0.000   14.786   29.571   14.786    4.929    4.929    0.000    0.000    0.000    0.000    0.000    0.000    0.000
53        0.000    0.000    0.000    0.000   41.600   36.400    0.000    0.000    0.000    0.000    0.000    0.000    0.000    0.000    0.000
54        0.000    0.000    0.000    0.000   70.278   38.333    6.389    0.000    0.000    0.000    0.000    0.000    0.000    0.000    0.000
55        0.000    0.000    0.000    4.214   63.214   42.143    8.429    0.000    0.000    0.000    0.000    0.000    0.000    0.000    0.000
56        0.000    0.000    0.000    0.000   39.158   53.842    0.000    0.000    0.000    0.000    0.000    0.000    0.000    0.000    0.000
57        0.000    0.000    0.000    0.000   36.273   90.682    6.045    0.000    0.000    0.000    0.000    0.000    0.000    0.000    0.000
58        0.000    0.000    0.000    4.500   22.500   58.500   18.000    4.500    0.000    0.000    0.000    0.000    0.000    0.000    0.000
59        0.000    0.000    0.000    0.000   35.357   53.036   10.607    0.000    0.000    0.000    0.000    0.000    0.000    0.000    0.000
60        0.000    0.000    0.000    0.000    8.071   88.786   12.107    4.036    0.000    0.000    0.000    0.000    0.000    0.000    0.000
61        0.000    0.000    0.000    0.000    7.923   67.346   19.808    7.923    0.000    0.000    0.000    0.000    0.000    0.000    0.000
62        0.000    0.000    0.000    0.000    0.000   59.348   41.087    4.565    0.000    0.000    0.000    0.000    0.000    0.000    0.000
63        0.000    0.000    0.000    0.000    4.421   57.474   22.105    0.000    0.000    0.000    0.000    0.000    0.000    0.000    0.000
64        0.000    0.000    0.000    0.000    5.071   40.571   20.286    5.071    0.000    0.000    0.000    0.000    0.000    0.000    0.000
65        0.000    0.000    0.000    0.000    3.542   46.042   28.333    7.083    0.000    0.000    0.000    0.000    0.000    0.000    0.000
66        0.000    0.000    0.000    0.000    0.000   13.500   27.000   13.500    0.000    0.000    0.000    0.000    0.000    0.000    0.000
67        0.000    0.000    0.000    0.000    0.000   13.750   27.500   13.750    0.000    0.000    0.000    0.000    0.000    0.000    0.000
68        0.000    0.000    0.000    0.000    0.000   21.438   15.312   12.250    0.000    0.000    0.000    0.000    0.000    0.000    0.000
69        0.000    0.000    0.000    0.000    0.000   11.304   42.391   11.304    0.000    0.000    0.000    0.000    0.000    0.000    0.000
70        0.000    0.000    0.000    0.000    0.000   14.400   32.400    7.200    0.000    0.000    0.000    0.000    0.000    0.000    0.000
71        0.000    0.000    0.000    0.000    0.000    0.000   14.000   14.000    0.000    0.000    0.000    0.000    0.000    0.000    0.000
72        0.000    0.000    0.000    0.000    0.000    3.875   11.625   15.500    0.000    0.000    0.000    0.000    0.000    0.000    0.000
73        0.000    0.000    0.000    0.000    0.000    0.000   14.000   14.000    0.000    0.000    0.000    0.000    0.000    0.000    0.000
74        0.000    0.000    0.000    0.000    0.000   25.000    0.000    0.000    0.000    0.000    0.000    0.000    0.000    0.000    0.000
75        0.000    0.000    0.000    0.000    0.000    0.000    9.500    9.500    0.000    0.000    0.000    0.000    0.000    0.000    0.000
76        0.000    0.000    0.000    0.000    0.000    0.000    0.000    0.000   19.000    0.000    0.000    0.000    0.000    0.000    0.000
77        0.000    0.000    0.000    0.000    0.000    0.000   14.000    0.000    0.000    0.000    0.000    0.000    0.000    0.000    0.000
78        0.000    0.000    0.000    0.000    0.000    0.000    0.000    8.000    0.000    0.000    0.000    0.000    0.000    0.000    0.000
79        0.000    0.000    0.000    0.000    0.000    0.000    0.000    0.000    0.000    0.000    0.000    0.000    0.000    0.000    0.000
80        0.000    0.000    0.000    0.000    0.000    0.000    0.000    0.000    0.000    0.000   15.000    0.000    0.000    0.000    0.000
81        0.000    0.000    0.000    0.000    0.000    0.000    0.000    0.000   10.000    0.000    0.000    0.000    0.000    0.000    0.000
82        0.000    0.000    0.000    0.000    0.000    0.000    0.000    9.000    9.000    0.000    0.000    0.000    0.000    0.000    0.000
83        0.000    0.000    0.000    0.000    0.000    0.000    0.000    7.500    0.000    7.500    0.000    0.000    0.000    0.000    0.000
84        0.000    0.000    0.000    0.000    0.000    0.000    0.000    0.000    0.000    0.000    0.000    0.000    0.000    0.000    0.000
85        0.000    0.000    0.000    0.000    0.000    0.000    0.000    3.400   10.200    3.400    0.000    0.000    0.000    0.000    0.000
86        0.000    0.000    0.000    0.000    0.000    0.000    0.000    0.000    0.000    0.000    0.000    0.000    0.000    0.000    0.000
87        0.000    0.000    0.000    0.000    0.000    0.000    7.000    0.000    0.000    7.000    0.000    0.000    0.000    0.000    0.000
88        0.000    0.000    0.000    0.000    0.000    0.000    0.000    0.000    0.000    4.500    0.000    4.500    0.000    0.000    0.000
89        0.000    0.000    0.000    0.000    0.000    0.000    0.000    0.000    0.000    4.000    8.000    0.000    0.000    0.000    0.000
90        0.000    0.000    0.000    0.000    0.000    0.000    0.000    0.000    0.000   10.000    0.000    5.000    0.000    0.000    0.000
91        0.000    0.000    0.000    0.000    0.000    0.000    0.000    0.000    0.000    0.000    0.000   12.000    0.000    0.000    0.000
92        0.000    0.000    0.000    0.000    0.000    0.000    0.000    0.000    0.000    0.000    4.250    4.250    4.250    4.250    0.000
93        0.000    0.000    0.000    0.000    0.000    0.000    0.000    0.000    0.000    0.000    6.000    0.000    0.000    0.000    0.000
94        0.000    0.000    0.000    0.000    0.000    0.000    0.000    0.000    0.000    0.000    0.000    0.000    0.000    0.000    0.000
95        0.000    0.000    0.000    0.000    0.000    0.000    0.000    0.000    0.000    0.000    0.000    0.000    8.000    0.000    0.000
96        0.000    0.000    0.000    0.000    0.000    0.000    0.000    0.000    0.000    0.000    2.667    2.667    2.667    0.000    0.000
97        0.000    0.000    0.000    0.000    0.000    0.000    0.000    0.000    0.000    0.000    0.000    0.000    4.000    4.000    0.000
98        0.000    0.000    0.000    0.000    0.000    0.000    0.000    0.000    0.000    0.000    3.000    0.000    0.000    0.000    0.000
99        0.000    0.000    0.000    0.000    0.000    0.000    0.000    0.000    0.000    0.000    6.000    0.000    0.000    0.000    0.000
100       0.000    0.000    0.000    0.000    0.000    0.000    0.000    0.000    0.000    0.000    0.000    0.000    0.000    0.000    0.000
101       0.000    0.000    0.000    0.000    0.000    0.000    0.000    0.000    0.000    0.000    0.000    0.000    0.000    0.000    0.000
102       0.000    0.000    0.000    0.000    0.000    0.000    0.000    0.000    0.000    0.000    0.000    0.000    0.000    3.000    0.000
103       0.000    0.000    0.000    0.000    0.000    0.000    0.000    0.000    0.000    0.000    0.000    0.000    0.000    0.000    0.000
104       0.000    0.000    0.000    0.000    0.000    0.000    0.000    0.000    0.000    0.000    0.000    0.000    0.000    0.000    0.000
105       0.000    0.000    0.000    0.000    0.000    0.000    0.000    0.000    0.000    0.000    0.000    0.000    0.000    0.000    0.000
106       0.000    0.000    0.000    0.000    0.000    0.000    0.000    0.000    0.000    0.000    0.000    0.000    0.000    0.000    0.000
107       0.000    0.000    0.000    0.000    0.000    0.000    0.000    0.000    0.000    0.000    0.000    0.000    1.000    0.000    0.000
108       0.000    0.000    0.000    0.000    0.000    0.000    0.000    0.000    0.000    0.000    0.000    0.000    0.000    0.000    0.000
109       0.000    0.000    0.000    0.000    0.000    0.000    0.000    0.000    0.000    0.000    0.000    2.000    0.000    0.000    0.000
110       0.000    0.000    0.000    0.000    0.000    0.000    0.000    0.000    0.000    0.000    0.000    0.000    0.000    0.000    0.000
111       0.000    0.000    0.000    0.000    0.000    0.000    0.000    0.000    0.000    0.000    0.000    0.000    0.000    0.000    0.000
112       0.000    0.000    0.000    0.000    0.000    0.000    0.000    0.000    0.000    0.000    0.000    0.000    0.000    0.000    0.000
113       0.000    0.000    0.000    0.000    0.000    0.000    0.000    0.000    0.000    0.000    0.000    0.000    0.000    0.000    0.000
114       0.000    0.000    0.000    0.000    0.000    0.000    0.000    0.000    0.000    0.000    0.000    0.000    0.000    0.000    0.000
115       0.000    0.000    0.000    0.000    0.000    0.000    0.000    0.000    0.000    0.000    0.000    0.000    0.000    0.000    0.000
116       0.000    0.000    0.000    0.000    0.000    0.000    0.000    0.000    0.000    0.000    0.000    0.000    0.000    0.000    0.000
117       0.000    0.000    0.000    0.000    0.000    0.000    0.000    0.000    0.000    0.000    0.000    0.000    0.000    0.000    0.000
118       0.000    0.000    0.000    0.000    0.000    0.000    0.000    0.000    0.000    0.000    0.000    0.000    0.000    0.000    0.000
119       0.000    0.000    0.000    0.000    0.000    0.000    0.000    0.000    0.000    0.000    0.000    0.000    0.000    0.000    0.000
120       0.000    0.000    0.000    0.000    0.000    0.000    0.000    0.000    0.000    0.000    0.000    0.000    0.000    0.000    0.000
121       0.000    0.000    0.000    0.000    0.000    0.000    0.000    0.000    0.000    0.000    0.000    0.000    0.000    0.000    0.000
122       0.000    0.000    0.000    0.000    0.000    0.000    0.000    0.000    0.000    0.000    0.000    0.000    0.000    0.000    0.000
123       0.000    0.000    0.000    0.000    0.000    0.000    0.000    0.000    0.000    0.000    0.000    0.000    0.000    0.000    0.000
124       0.000    0.000    0.000    0.000    0.000    0.000    0.000    0.000    0.000    0.000    0.000    0.000    0.000    0.000    0.000
125       0.000    0.000    0.000    0.000    0.000    0.000    0.000    0.000    0.000    0.000    0.000    0.000    0.000    0.000    0.000
126       0.000    0.000    0.000    0.000    0.000    0.000    0.000    0.000    0.000    0.000    0.000    0.000    0.000    0.000    0.000
127       0.000    0.000    0.000    0.000    0.000    0.000    0.000    0.000    0.000    0.000    0.000    0.000    0.000    0.000    0.000
128       0.000    0.000    0.000    0.000    0.000    0.000    0.000    0.000    0.000    0.000    0.000    0.000    0.000    0.000    0.000
129       0.000    0.000    0.000    0.000    0.000    0.000    0.000    0.000    0.000    0.000    0.000    0.000    0.000    0.000    0.000
130       0.000    0.000    0.000    0.000    0.000    0.000    0.000    0.000    0.000    0.000    0.000    0.000    0.000    0.000    0.000
131       0.000    0.000    0.000    0.000    0.000    0.000    0.000    0.000    0.000    0.000    0.000    0.000    0.000    0.000    0.000
132       0.000    0.000    0.000    0.000    0.000    0.000    0.000    0.000    0.000    0.000    0.000    0.000    0.000    0.000    0.000
133       0.000    0.000    0.000    0.000    0.000    0.000    0.000    0.000    0.000    0.000    0.000    0.000    0.000    0.000    0.000
134       0.000    0.000    0.000    0.000    0.000    0.000    0.000    0.000    0.000    0.000    0.000    0.000    0.000    0.000    0.000
135       0.000    0.000    0.000    0.000    0.000    0.000    0.000    0.000    0.000    0.000    0.000    0.000    0.000    0.000    0.000
136       0.000    0.000    0.000    0.000    0.000    0.000    0.000    0.000    0.000    0.000    0.000    0.000    0.000    0.000    0.000
137       0.000    0.000    0.000    0.000    0.000    0.000    0.000    0.000    0.000    0.000    0.000    0.000    0.000    0.000    0.000
138       0.000    0.000    0.000    0.000    0.000    0.000    0.000    0.000    0.000    0.000    0.000    0.000    0.000    0.000    0.000
139       0.000    0.000    0.000    0.000    0.000    0.000    0.000    0.000    0.000    0.000    0.000    0.000    0.000    0.000    0.000
140       0.000    0.000    0.000    0.000    0.000    0.000    0.000    0.000    0.000    0.000    0.000    0.000    0.000    0.000    0.000
141       0.000    0.000    0.000    0.000    0.000    0.000    0.000    0.000    0.000    0.000    0.000    0.000    0.000    0.000    0.000
142       0.000    0.000    0.000    0.000    0.000    0.000    0.000    0.000    0.000    0.000    0.000    0.000    0.000    0.000    0.000
143       0.000    0.000    0.000    0.000    0.000    0.000    0.000    0.000    0.000    0.000    0.000    0.000    0.000    0.000    0.000
144       0.000    0.000    0.000    0.000    0.000    0.000    0.000    0.000    0.000    0.000    0.000    0.000    0.000    0.000    0.000
145       0.000    0.000    0.000    0.000    0.000    0.000    0.000    0.000    0.000    0.000    0.000    0.000    0.000    0.000    0.000
146       0.000    0.000    0.000    0.000    0.000    0.000    0.000    0.000    0.000    0.000    0.000    0.000    0.000    0.000    0.000
147       0.000    0.000    0.000    0.000    0.000    0.000    0.000    0.000    0.000    0.000    0.000    0.000    0.000    0.000    0.000
148       0.000    0.000    0.000    0.000    0.000    0.000    0.000    0.000    0.000    0.000    0.000    0.000    0.000    0.000    0.000
149       0.000    0.000    0.000    0.000    0.000    0.000    0.000    0.000    0.000    0.000    0.000    0.000    0.000    0.000    0.000
150       0.000    0.000    0.000    0.000    0.000    0.000    0.000    0.000    0.000    0.000    0.000    0.000    0.000    0.000    0.000
Sum       0.000    0.000    0.000   74.800  534.755  872.480  412.854  177.012   48.200   36.400   44.917   30.417   19.917   11.250    0.000
mW        0.000    0.000    0.000    1.009    1.271    1.761    2.299    2.717    3.919    4.968    5.374    5.846    6.435    6.627    0.000
mL        0.000    0.000    0.000   49.338   53.502   60.035   65.946   69.959   80.042   87.229   89.045   92.138   95.526   96.545    0.000
pA        0.000    0.000    0.000    0.033    0.236    0.386    0.182    0.078    0.021    0.016    0.020    0.013    0.009    0.005    0.000
tot.mW 2082.747 2082.747 2082.747 2082.747 2082.747 2082.747 2082.747 2082.747 2082.747 2082.747 2082.747 2082.747 2082.747 2082.747 2082.747
tot.mL   62.342   62.342   62.342   62.342   62.342   62.342   62.342   62.342   62.342   62.342   62.342   62.342   62.342   62.342   62.342
             15    Matad      Sum
1         0.000    0.000    0.000
2         0.000    0.000    0.000
3         0.000    0.000    0.000
4         0.000    0.000    0.000
5         0.000    0.000    0.000
6         0.000    0.000    0.000
7         0.000    0.000    0.000
8         0.000    0.000    0.000
9         0.000    0.000    0.000
10        0.000    0.000    0.000
11        0.000    0.000    0.000
12        0.000    0.000    0.000
13        0.000    0.000    0.000
14        0.000    0.000    0.000
15        0.000    0.000    0.000
16        0.000    0.000    0.000
17        0.000    0.000    0.000
18        0.000    0.000    0.000
19        0.000    0.000    0.000
20        0.000    0.000    0.000
21        0.000    0.000    0.000
22        0.000    0.000    0.000
23        0.000    0.000    0.000
24        0.000    0.000    0.000
25        0.000    0.000    0.000
26        0.000    0.000    0.000
27        0.000    0.000    0.000
28        0.000    0.000    0.000
29        0.000    0.000    0.000
30        0.000    0.000    0.000
31        0.000    0.000    0.000
32        0.000    0.000    0.000
33        0.000    0.000    0.000
34        0.000    0.000    0.000
35        0.000    0.000    0.000
36        0.000    0.000    0.000
37        0.000    0.000    0.000
38        0.000    0.000    0.000
39        0.000    1.000    0.000
40        0.000    7.000    7.000
41        0.000    9.000    0.000
42        0.000   12.000    0.000
43        0.000   10.000    0.000
44        0.000   15.000   15.000
45        0.000   18.000    0.000
46        0.000   18.000   18.000
47        0.000   33.000   33.000
48        0.000   43.000   43.000
49        0.000   29.000   29.000
50        0.000   43.000   43.000
51        0.000   53.000   53.000
52        0.000   69.000   69.000
53        0.000   78.000   78.000
54        0.000  115.000  115.000
55        0.000  118.000  118.000
56        0.000   93.000   93.000
57        0.000  133.000  133.000
58        0.000  108.000  108.000
59        0.000   99.000   99.000
60        0.000  113.000  113.000
61        0.000  103.000  103.000
62        0.000  105.000  105.000
63        0.000   84.000   84.000
64        0.000   71.000   71.000
65        0.000   85.000   85.000
66        0.000   54.000   54.000
67        0.000   55.000   55.000
68        0.000   49.000   49.000
69        0.000   65.000   65.000
70        0.000   54.000   54.000
71        0.000   28.000   28.000
72        0.000   31.000   31.000
73        0.000   28.000   28.000
74        0.000   25.000   25.000
75        0.000   19.000   19.000
76        0.000   19.000   19.000
77        0.000   14.000   14.000
78        0.000    8.000    8.000
79        0.000    7.000    0.000
80        0.000   15.000   15.000
81        0.000   10.000   10.000
82        0.000   18.000   18.000
83        0.000   15.000   15.000
84        0.000   10.000    0.000
85        0.000   17.000   17.000
86        0.000    8.000    0.000
87        0.000   14.000   14.000
88        0.000    9.000    9.000
89        0.000   12.000   12.000
90        0.000   15.000   15.000
91        0.000   12.000   12.000
92        0.000   17.000   17.000
93        0.000    6.000    6.000
94        0.000    7.000    0.000
95        0.000    8.000    8.000
96        0.000    8.000    8.000
97        0.000    8.000    8.000
98        0.000    3.000    3.000
99        0.000    6.000    6.000
100       0.000    5.000    0.000
101       0.000    1.000    0.000
102       0.000    3.000    3.000
103       0.000    2.000    0.000
104       0.000    1.000    0.000
105       0.000    2.000    0.000
106       0.000    1.000    0.000
107       0.000    1.000    1.000
108       0.000    0.000    0.000
109       0.000    2.000    2.000
110       0.000    0.000    0.000
111       0.000    0.000    0.000
112       0.000    0.000    0.000
113       0.000    0.000    0.000
114       0.000    0.000    0.000
115       0.000    0.000    0.000
116       0.000    0.000    0.000
117       0.000    0.000    0.000
118       0.000    0.000    0.000
119       0.000    0.000    0.000
120       0.000    0.000    0.000
121       0.000    0.000    0.000
122       0.000    0.000    0.000
123       0.000    0.000    0.000
124       0.000    0.000    0.000
125       0.000    0.000    0.000
126       0.000    0.000    0.000
127       0.000    0.000    0.000
128       0.000    0.000    0.000
129       0.000    0.000    0.000
130       0.000    0.000    0.000
131       0.000    0.000    0.000
132       0.000    0.000    0.000
133       0.000    0.000    0.000
134       0.000    0.000    0.000
135       0.000    0.000    0.000
136       0.000    0.000    0.000
137       0.000    0.000    0.000
138       0.000    0.000    0.000
139       0.000    0.000    0.000
140       0.000    0.000    0.000
141       0.000    0.000    0.000
142       0.000    0.000    0.000
143       0.000    0.000    0.000
144       0.000    0.000    0.000
145       0.000    0.000    0.000
146       0.000    0.000    0.000
147       0.000    0.000    0.000
148       0.000    0.000    0.000
149       0.000    0.000    0.000
150       0.000    0.000    0.000
Sum       0.000 2357.000 2263.000
mW        0.000    0.000    0.000
mL        0.000    0.000    0.000
pA        0.000    0.000    0.000
tot.mW 2082.747 2082.747 2082.747
tot.mL   62.342   62.342   62.342

$ALD.j
              0        1        2        3        4        5        6        7        8        9       10       11       12       13       14
1         0.000    0.000    0.000    0.000    0.000    0.000    0.000    0.000    0.000    0.000    0.000    0.000    0.000    0.000    0.000
2         0.000    0.000    0.000    0.000    0.000    0.000    0.000    0.000    0.000    0.000    0.000    0.000    0.000    0.000    0.000
3         0.000    0.000    0.000    0.000    0.000    0.000    0.000    0.000    0.000    0.000    0.000    0.000    0.000    0.000    0.000
4         0.000    0.000    0.000    0.000    0.000    0.000    0.000    0.000    0.000    0.000    0.000    0.000    0.000    0.000    0.000
5         0.000    0.000    0.000    0.000    0.000    0.000    0.000    0.000    0.000    0.000    0.000    0.000    0.000    0.000    0.000
6         0.000    0.000    0.000    0.000    0.000    0.000    0.000    0.000    0.000    0.000    0.000    0.000    0.000    0.000    0.000
7         0.000    0.000    0.000    0.000    0.000    0.000    0.000    0.000    0.000    0.000    0.000    0.000    0.000    0.000    0.000
8         0.000    0.000    0.000    0.000    0.000    0.000    0.000    0.000    0.000    0.000    0.000    0.000    0.000    0.000    0.000
9         0.000    0.000    0.000    0.000    0.000    0.000    0.000    0.000    0.000    0.000    0.000    0.000    0.000    0.000    0.000
10        0.000    0.000    0.000    0.000    0.000    0.000    0.000    0.000    0.000    0.000    0.000    0.000    0.000    0.000    0.000
11        0.000    0.000    0.000    0.000    0.000    0.000    0.000    0.000    0.000    0.000    0.000    0.000    0.000    0.000    0.000
12        0.000    0.000    0.000    0.000    0.000    0.000    0.000    0.000    0.000    0.000    0.000    0.000    0.000    0.000    0.000
13        0.000    0.000    0.000    0.000    0.000    0.000    0.000    0.000    0.000    0.000    0.000    0.000    0.000    0.000    0.000
14        0.000    0.000    0.000    0.000    0.000    0.000    0.000    0.000    0.000    0.000    0.000    0.000    0.000    0.000    0.000
15        0.000    0.000    0.000    0.000    0.000    0.000    0.000    0.000    0.000    0.000    0.000    0.000    0.000    0.000    0.000
16        0.000    0.000    0.000    0.000    0.000    0.000    0.000    0.000    0.000    0.000    0.000    0.000    0.000    0.000    0.000
17        0.000    0.000    0.000    0.000    0.000    0.000    0.000    0.000    0.000    0.000    0.000    0.000    0.000    0.000    0.000
18        0.000    0.000    0.000    0.000    0.000    0.000    0.000    0.000    0.000    0.000    0.000    0.000    0.000    0.000    0.000
19        0.000    0.000    0.000    0.000    0.000    0.000    0.000    0.000    0.000    0.000    0.000    0.000    0.000    0.000    0.000
20        0.000    0.000    0.000    0.000    0.000    0.000    0.000    0.000    0.000    0.000    0.000    0.000    0.000    0.000    0.000
21        0.000    0.000    0.000    0.000    0.000    0.000    0.000    0.000    0.000    0.000    0.000    0.000    0.000    0.000    0.000
22        0.000    0.000    0.000    0.000    0.000    0.000    0.000    0.000    0.000    0.000    0.000    0.000    0.000    0.000    0.000
23        0.000    0.000    0.000    0.000    0.000    0.000    0.000    0.000    0.000    0.000    0.000    0.000    0.000    0.000    0.000
24        0.000    0.000    0.000    0.000    0.000    0.000    0.000    0.000    0.000    0.000    0.000    0.000    0.000    0.000    0.000
25        0.000    0.000    0.000    0.000    0.000    0.000    0.000    0.000    0.000    0.000    0.000    0.000    0.000    0.000    0.000
26        0.000    0.000    0.000    0.000    0.000    0.000    0.000    0.000    0.000    0.000    0.000    0.000    0.000    0.000    0.000
27        0.000    0.000    0.000    0.000    0.000    0.000    0.000    0.000    0.000    0.000    0.000    0.000    0.000    0.000    0.000
28        0.000    0.000    0.000    0.000    0.000    0.000    0.000    0.000    0.000    0.000    0.000    0.000    0.000    0.000    0.000
29        0.000    0.000    0.000    0.000    0.000    0.000    0.000    0.000    0.000    0.000    0.000    0.000    0.000    0.000    0.000
30        0.000    0.000    0.000    0.000    0.000    0.000    0.000    0.000    0.000    0.000    0.000    0.000    0.000    0.000    0.000
31        0.000    0.000    0.000    0.000    0.000    0.000    0.000    0.000    0.000    0.000    0.000    0.000    0.000    0.000    0.000
32        0.000    0.000    0.000    0.000    0.000    0.000    0.000    0.000    0.000    0.000    0.000    0.000    0.000    0.000    0.000
33        0.000    0.000    0.000    0.000    0.000    0.000    0.000    0.000    0.000    0.000    0.000    0.000    0.000    0.000    0.000
34        0.000    0.000    0.000    0.000    0.000    0.000    0.000    0.000    0.000    0.000    0.000    0.000    0.000    0.000    0.000
35        0.000    0.000    0.000    0.000    0.000    0.000    0.000    0.000    0.000    0.000    0.000    0.000    0.000    0.000    0.000
36        0.000    0.000    0.000    0.000    0.000    0.000    0.000    0.000    0.000    0.000    0.000    0.000    0.000    0.000    0.000
37        0.000    0.000    0.000    0.000    0.000    0.000    0.000    0.000    0.000    0.000    0.000    0.000    0.000    0.000    0.000
38        0.000    0.000    0.000    0.000    0.000    0.000    0.000    0.000    0.000    0.000    0.000    0.000    0.000    0.000    0.000
39        0.000    0.000    0.000    0.606    0.362    0.027    0.001    0.004    0.000    0.000    0.000    0.000    0.000    0.000    0.000
40        0.000    0.000    0.000    4.027    2.730    0.211    0.006    0.026    0.000    0.000    0.000    0.000    0.000    0.000    0.000
41        0.000    0.000    0.000    4.867    3.781    0.313    0.010    0.030    0.000    0.000    0.000    0.000    0.000    0.000    0.000
42        0.000    0.000    0.000    6.031    5.428    0.488    0.016    0.037    0.000    0.000    0.000    0.000    0.000    0.000    0.000
43        0.000    0.000    0.000    4.611    4.861    0.482    0.016    0.030    0.000    0.000    0.000    0.000    0.000    0.000    0.000
44        0.000    0.000    0.000    6.254    7.807    0.864    0.031    0.044    0.000    0.000    0.000    0.000    0.000    0.000    0.000
45        0.000    0.000    0.000    6.675    9.974    1.250    0.047    0.054    0.000    0.000    0.000    0.000    0.000    0.000    0.000
46        0.000    0.000    0.000    5.828   10.537    1.516    0.061    0.057    0.000    0.000    0.000    0.000    0.000    0.000    0.000
47        0.000    0.000    0.000    9.138   20.213    3.387    0.148    0.114    0.000    0.000    0.000    0.000    0.000    0.000    0.000
48        0.000    0.000    0.000    9.956   27.234    5.388    0.257    0.166    0.000    0.000    0.000    0.000    0.000    0.000    0.000
49        0.000    0.000    0.000    5.476   18.728    4.436    0.233    0.127    0.000    0.000    0.000    0.000    0.000    0.000    0.000
50        0.000    0.000    0.000    6.445   27.859    8.011    0.466    0.219    0.000    0.000    0.000    0.000    0.000    0.000    0.000
51        0.000    0.000    0.000    6.121   33.811   11.970    0.779    0.319    0.000    0.000    0.000    0.000    0.000    0.000    0.000
52        0.000    0.000    0.000    5.947   42.426   18.752    1.377    0.498    0.000    0.000    0.000    0.000    0.000    0.000    0.000
53        0.000    0.000    0.000    4.843   45.118   25.245    2.109    0.685    0.000    0.000    0.000    0.000    0.000    0.000    0.000
54        0.000    0.000    0.000    4.950   60.887   43.734    4.192    1.238    0.000    0.000    0.000    0.000    0.000    0.000    0.000
55        0.000    0.000    0.000    3.378   55.455   51.851    5.750    1.566    0.000    0.000    0.000    0.000    0.000    0.000    0.000
56        0.000    0.000    0.000    1.693   37.503   46.287    5.990    1.526    0.000    0.000    0.000    0.000    0.000    0.000    0.000
57        0.000    0.000    0.000    1.469   44.370   73.301   11.161    2.699    0.000    0.000    0.000    0.000    0.000    0.000    0.000
58        0.000    0.000    0.000    0.689   28.680   64.309   11.619    2.704    0.000    0.000    0.000    0.000    0.000    0.000    0.000
59        0.000    0.000    0.000    0.346   20.113   62.073   13.419    3.049    0.000    0.000    0.000    0.000    0.000    0.000    0.000
60        0.000    0.000    0.000    0.206   16.876   72.690   18.962    4.266    0.000    0.000    0.000    0.000    0.000    0.000    0.000
61        0.000    0.000    0.000    0.093   10.868   66.255   21.031    4.752    0.000    0.000    0.000    0.000    0.000    0.000    0.000
62        0.000    0.000    0.000    0.045    7.529   65.865   25.656    5.905    0.000    0.000    0.000    0.000    0.000    0.000    0.000
63        0.000    0.000    0.000    0.016    3.938   50.134   24.166    5.746    0.000    0.000    0.000    0.000    0.000    0.000    0.000
64        0.000    0.000    0.000    0.006    2.094   39.340   23.663    5.897    0.000    0.000    0.000    0.000    0.000    0.000    0.000
65        0.000    0.000    0.000    0.003    1.517   42.648   32.282    8.550    0.000    0.000    0.000    0.001    0.000    0.000    0.000
66        0.000    0.000    0.000    0.001    0.560   23.911   22.969    6.557    0.000    0.000    0.000    0.001    0.000    0.000    0.000
67        0.000    0.000    0.000    0.000    0.319   20.926   25.723    8.030    0.000    0.000    0.000    0.002    0.000    0.000    0.000
68        0.000    0.000    0.000    0.000    0.152   15.577   24.712    8.554    0.000    0.000    0.001    0.003    0.000    0.000    0.000
69        0.000    0.000    0.000    0.000    0.103   16.773   34.629   13.483    0.001    0.000    0.003    0.007    0.000    0.000    0.000
70        0.000    0.000    0.000    0.000    0.042   10.979   29.746   13.213    0.004    0.000    0.005    0.011    0.000    0.000    0.000
71        0.000    0.000    0.000    0.000    0.010    4.350   15.599    8.017    0.007    0.000    0.005    0.011    0.000    0.000    0.000
72        0.000    0.000    0.000    0.000    0.005    3.567   17.070   10.297    0.028    0.000    0.012    0.021    0.000    0.000    0.000
73        0.000    0.000    0.000    0.000    0.002    2.309   14.874   10.679    0.078    0.000    0.023    0.035    0.000    0.000    0.000
74        0.000    0.000    0.000    0.000    0.001    1.426   12.468   10.808    0.199    0.000    0.042    0.055    0.000    0.000    0.000
75        0.000    0.000    0.000    0.000    0.000    0.719    8.607    9.137    0.397    0.000    0.064    0.074    0.001    0.000    0.000
76        0.000    0.000    0.000    0.000    0.000    0.453    7.485    9.868    0.940    0.001    0.124    0.126    0.002    0.000    0.000
77        0.000    0.000    0.000    0.000    0.000    0.197    4.517    7.502    1.457    0.003    0.167    0.154    0.004    0.001    0.000
78        0.000    0.000    0.000    0.000    0.000    0.061    1.954    4.146    1.527    0.008    0.164    0.136    0.004    0.001    0.000
79        0.000    0.000    0.000    0.000    0.000    0.026    1.181    3.249    2.110    0.026    0.226    0.172    0.008    0.002    0.000
80        0.000    0.000    0.000    0.000    0.000    0.025    1.601    5.786    6.163    0.184    0.708    0.498    0.030    0.007    0.000
81        0.000    0.000    0.000    0.000    0.000    0.007    0.626    3.017    4.903    0.335    0.645    0.424    0.034    0.009    0.000
82        0.000    0.000    0.000    0.000    0.000    0.005    0.623    4.057    9.355    1.391    1.509    0.935    0.098    0.029    0.000
83        0.000    0.000    0.000    0.000    0.000    0.001    0.271    2.425    7.379    2.275    1.563    0.920    0.125    0.042    0.000
84        0.000    0.000    0.000    0.000    0.000    0.000    0.090    1.114    4.160    2.531    1.238    0.700    0.121    0.045    0.000
85        0.000    0.000    0.000    0.000    0.000    0.000    0.072    1.261    5.380    6.150    2.409    1.320    0.288    0.119    0.000
86        0.000    0.000    0.000    0.000    0.000    0.000    0.016    0.390    1.764    3.607    1.272    0.682    0.185    0.084    0.000
87        0.000    0.000    0.000    0.000    0.000    0.000    0.012    0.451    2.018    7.024    2.507    1.328    0.442    0.218    0.000
88        0.000    0.000    0.000    0.000    0.000    0.000    0.004    0.197    0.808    4.559    1.852    0.978    0.394    0.209    0.000
89        0.000    0.000    0.000    0.000    0.000    0.000    0.002    0.182    0.640    5.575    2.900    1.542    0.740    0.418    0.000
90        0.000    0.000    0.000    0.000    0.000    0.000    0.001    0.160    0.447    5.715    4.279    2.312    1.305    0.780    0.000
91        0.000    0.000    0.000    0.000    0.000    0.000    0.000    0.088    0.182    3.259    3.950    2.189    1.434    0.897    0.000
92        0.000    0.000    0.000    0.000    0.000    0.000    0.000    0.082    0.117    2.783    6.139    3.524    2.640    1.715    0.000
93        0.000    0.000    0.000    0.000    0.000    0.000    0.000    0.018    0.016    0.495    2.236    1.342    1.134    0.758    0.000
94        0.000    0.000    0.000    0.000    0.000    0.000    0.000    0.013    0.007    0.246    2.556    1.619    1.522    1.037    0.000
95        0.000    0.000    0.000    0.000    0.000    0.000    0.000    0.008    0.002    0.103    2.767    1.868    1.926    1.326    0.000
96        0.000    0.000    0.000    0.000    0.000    0.000    0.000    0.005    0.001    0.033    2.573    1.868    2.084    1.436    0.000
97        0.000    0.000    0.000    0.000    0.000    0.000    0.000    0.003    0.000    0.009    2.371    1.870    2.225    1.521    0.000
98        0.000    0.000    0.000    0.000    0.000    0.000    0.000    0.001    0.000    0.001    0.816    0.705    0.883    0.594    0.000
99        0.000    0.000    0.000    0.000    0.000    0.000    0.000    0.001    0.000    0.000    1.495    1.430    1.858    1.217    0.000
100       0.000    0.000    0.000    0.000    0.000    0.000    0.000    0.000    0.000    0.000    1.139    1.217    1.619    1.024    0.000
101       0.000    0.000    0.000    0.000    0.000    0.000    0.000    0.000    0.000    0.000    0.208    0.251    0.337    0.204    0.000
102       0.000    0.000    0.000    0.000    0.000    0.000    0.000    0.000    0.000    0.000    0.571    0.783    1.046    0.600    0.000
103       0.000    0.000    0.000    0.000    0.000    0.000    0.000    0.000    0.000    0.000    0.347    0.548    0.718    0.387    0.000
104       0.000    0.000    0.000    0.000    0.000    0.000    0.000    0.000    0.000    0.000    0.158    0.290    0.367    0.185    0.000
105       0.000    0.000    0.000    0.000    0.000    0.000    0.000    0.000    0.000    0.000    0.288    0.617    0.748    0.347    0.000
106       0.000    0.000    0.000    0.000    0.000    0.000    0.000    0.000    0.000    0.000    0.131    0.331    0.378    0.160    0.000
107       0.000    0.000    0.000    0.000    0.000    0.000    0.000    0.000    0.000    0.000    0.118    0.358    0.379    0.146    0.000
108       0.000    0.000    0.000    0.000    0.000    0.000    0.000    0.000    0.000    0.000    0.000    0.000    0.000    0.000    0.000
109       0.000    0.000    0.000    0.000    0.000    0.000    0.000    0.000    0.000    0.000    0.190    0.844    0.739    0.227    0.000
110       0.000    0.000    0.000    0.000    0.000    0.000    0.000    0.000    0.000    0.000    0.000    0.000    0.000    0.000    0.000
111       0.000    0.000    0.000    0.000    0.000    0.000    0.000    0.000    0.000    0.000    0.000    0.000    0.000    0.000    0.000
112       0.000    0.000    0.000    0.000    0.000    0.000    0.000    0.000    0.000    0.000    0.000    0.000    0.000    0.000    0.000
113       0.000    0.000    0.000    0.000    0.000    0.000    0.000    0.000    0.000    0.000    0.000    0.000    0.000    0.000    0.000
114       0.000    0.000    0.000    0.000    0.000    0.000    0.000    0.000    0.000    0.000    0.000    0.000    0.000    0.000    0.000
115       0.000    0.000    0.000    0.000    0.000    0.000    0.000    0.000    0.000    0.000    0.000    0.000    0.000    0.000    0.000
116       0.000    0.000    0.000    0.000    0.000    0.000    0.000    0.000    0.000    0.000    0.000    0.000    0.000    0.000    0.000
117       0.000    0.000    0.000    0.000    0.000    0.000    0.000    0.000    0.000    0.000    0.000    0.000    0.000    0.000    0.000
118       0.000    0.000    0.000    0.000    0.000    0.000    0.000    0.000    0.000    0.000    0.000    0.000    0.000    0.000    0.000
119       0.000    0.000    0.000    0.000    0.000    0.000    0.000    0.000    0.000    0.000    0.000    0.000    0.000    0.000    0.000
120       0.000    0.000    0.000    0.000    0.000    0.000    0.000    0.000    0.000    0.000    0.000    0.000    0.000    0.000    0.000
121       0.000    0.000    0.000    0.000    0.000    0.000    0.000    0.000    0.000    0.000    0.000    0.000    0.000    0.000    0.000
122       0.000    0.000    0.000    0.000    0.000    0.000    0.000    0.000    0.000    0.000    0.000    0.000    0.000    0.000    0.000
123       0.000    0.000    0.000    0.000    0.000    0.000    0.000    0.000    0.000    0.000    0.000    0.000    0.000    0.000    0.000
124       0.000    0.000    0.000    0.000    0.000    0.000    0.000    0.000    0.000    0.000    0.000    0.000    0.000    0.000    0.000
125       0.000    0.000    0.000    0.000    0.000    0.000    0.000    0.000    0.000    0.000    0.000    0.000    0.000    0.000    0.000
126       0.000    0.000    0.000    0.000    0.000    0.000    0.000    0.000    0.000    0.000    0.000    0.000    0.000    0.000    0.000
127       0.000    0.000    0.000    0.000    0.000    0.000    0.000    0.000    0.000    0.000    0.000    0.000    0.000    0.000    0.000
128       0.000    0.000    0.000    0.000    0.000    0.000    0.000    0.000    0.000    0.000    0.000    0.000    0.000    0.000    0.000
129       0.000    0.000    0.000    0.000    0.000    0.000    0.000    0.000    0.000    0.000    0.000    0.000    0.000    0.000    0.000
130       0.000    0.000    0.000    0.000    0.000    0.000    0.000    0.000    0.000    0.000    0.000    0.000    0.000    0.000    0.000
131       0.000    0.000    0.000    0.000    0.000    0.000    0.000    0.000    0.000    0.000    0.000    0.000    0.000    0.000    0.000
132       0.000    0.000    0.000    0.000    0.000    0.000    0.000    0.000    0.000    0.000    0.000    0.000    0.000    0.000    0.000
133       0.000    0.000    0.000    0.000    0.000    0.000    0.000    0.000    0.000    0.000    0.000    0.000    0.000    0.000    0.000
134       0.000    0.000    0.000    0.000    0.000    0.000    0.000    0.000    0.000    0.000    0.000    0.000    0.000    0.000    0.000
135       0.000    0.000    0.000    0.000    0.000    0.000    0.000    0.000    0.000    0.000    0.000    0.000    0.000    0.000    0.000
136       0.000    0.000    0.000    0.000    0.000    0.000    0.000    0.000    0.000    0.000    0.000    0.000    0.000    0.000    0.000
137       0.000    0.000    0.000    0.000    0.000    0.000    0.000    0.000    0.000    0.000    0.000    0.000    0.000    0.000    0.000
138       0.000    0.000    0.000    0.000    0.000    0.000    0.000    0.000    0.000    0.000    0.000    0.000    0.000    0.000    0.000
139       0.000    0.000    0.000    0.000    0.000    0.000    0.000    0.000    0.000    0.000    0.000    0.000    0.000    0.000    0.000
140       0.000    0.000    0.000    0.000    0.000    0.000    0.000    0.000    0.000    0.000    0.000    0.000    0.000    0.000    0.000
141       0.000    0.000    0.000    0.000    0.000    0.000    0.000    0.000    0.000    0.000    0.000    0.000    0.000    0.000    0.000
142       0.000    0.000    0.000    0.000    0.000    0.000    0.000    0.000    0.000    0.000    0.000    0.000    0.000    0.000    0.000
143       0.000    0.000    0.000    0.000    0.000    0.000    0.000    0.000    0.000    0.000    0.000    0.000    0.000    0.000    0.000
144       0.000    0.000    0.000    0.000    0.000    0.000    0.000    0.000    0.000    0.000    0.000    0.000    0.000    0.000    0.000
145       0.000    0.000    0.000    0.000    0.000    0.000    0.000    0.000    0.000    0.000    0.000    0.000    0.000    0.000    0.000
146       0.000    0.000    0.000    0.000    0.000    0.000    0.000    0.000    0.000    0.000    0.000    0.000    0.000    0.000    0.000
147       0.000    0.000    0.000    0.000    0.000    0.000    0.000    0.000    0.000    0.000    0.000    0.000    0.000    0.000    0.000
148       0.000    0.000    0.000    0.000    0.000    0.000    0.000    0.000    0.000    0.000    0.000    0.000    0.000    0.000    0.000
149       0.000    0.000    0.000    0.000    0.000    0.000    0.000    0.000    0.000    0.000    0.000    0.000    0.000    0.000    0.000
150       0.000    0.000    0.000    0.000    0.000    0.000    0.000    0.000    0.000    0.000    0.000    0.000    0.000    0.000    0.000
Sum       0.000    0.000    0.000   99.722  551.894  862.138  428.299  193.106   50.091   46.313   49.774   34.104   25.817   15.743    0.000
mW        0.000    0.000    0.000    0.932    1.258    1.728    2.294    2.748    4.235    5.024    5.666    5.972    6.563    6.512    0.000
mL        0.000    0.000    0.000   47.545   53.295   59.642   65.885   70.371   82.310   87.425   91.083   92.529   95.286   96.143    0.000
pA        0.000    0.000    0.000    0.042    0.234    0.366    0.182    0.082    0.021    0.020    0.021    0.014    0.011    0.007    0.000
tot.mW 2118.263 2118.263 2118.263 2118.263 2118.263 2118.263 2118.263 2118.263 2118.263 2118.263 2118.263 2118.263 2118.263 2118.263 2118.263
tot.mL   62.451   62.451   62.451   62.451   62.451   62.451   62.451   62.451   62.451   62.451   62.451   62.451   62.451   62.451   62.451
             15    Matad      Sum
1         0.000    0.000    0.000
2         0.000    0.000    0.000
3         0.000    0.000    0.000
4         0.000    0.000    0.000
5         0.000    0.000    0.000
6         0.000    0.000    0.000
7         0.000    0.000    0.000
8         0.000    0.000    0.000
9         0.000    0.000    0.000
10        0.000    0.000    0.000
11        0.000    0.000    0.000
12        0.000    0.000    0.000
13        0.000    0.000    0.000
14        0.000    0.000    0.000
15        0.000    0.000    0.000
16        0.000    0.000    0.000
17        0.000    0.000    0.000
18        0.000    0.000    0.000
19        0.000    0.000    0.000
20        0.000    0.000    0.000
21        0.000    0.000    0.000
22        0.000    0.000    0.000
23        0.000    0.000    0.000
24        0.000    0.000    0.000
25        0.000    0.000    0.000
26        0.000    0.000    0.000
27        0.000    0.000    0.000
28        0.000    0.000    0.000
29        0.000    0.000    0.000
30        0.000    0.000    0.000
31        0.000    0.000    0.000
32        0.000    0.000    0.000
33        0.000    0.000    0.000
34        0.000    0.000    0.000
35        0.000    0.000    0.000
36        0.000    0.000    0.000
37        0.000    0.000    0.000
38        0.000    0.000    0.000
39        0.000    1.000    1.000
40        0.000    7.000    7.000
41        0.000    9.000    9.000
42        0.000   12.000   12.000
43        0.000   10.000   10.000
44        0.000   15.000   15.000
45        0.000   18.000   18.000
46        0.000   18.000   18.000
47        0.000   33.000   33.000
48        0.000   43.000   43.000
49        0.000   29.000   29.000
50        0.000   43.000   43.000
51        0.000   53.000   53.000
52        0.000   69.000   69.000
53        0.000   78.000   78.000
54        0.000  115.000  115.000
55        0.000  118.000  118.000
56        0.000   93.000   93.000
57        0.000  133.000  133.000
58        0.000  108.000  108.000
59        0.000   99.000   99.000
60        0.000  113.000  113.000
61        0.000  103.000  103.000
62        0.000  105.000  105.000
63        0.000   84.000   84.000
64        0.000   71.000   71.000
65        0.000   85.000   85.000
66        0.000   54.000   54.000
67        0.000   55.000   55.000
68        0.000   49.000   49.000
69        0.000   65.000   65.000
70        0.000   54.000   54.000
71        0.000   28.000   28.000
72        0.000   31.000   31.000
73        0.000   28.000   28.000
74        0.000   25.000   25.000
75        0.000   19.000   19.000
76        0.000   19.000   19.000
77        0.000   14.000   14.000
78        0.000    8.000    8.000
79        0.000    7.000    7.000
80        0.000   15.000   15.000
81        0.000   10.000   10.000
82        0.000   18.000   18.000
83        0.000   15.000   15.000
84        0.000   10.000   10.000
85        0.000   17.000   17.000
86        0.000    8.000    8.000
87        0.000   14.000   14.000
88        0.000    9.000    9.000
89        0.000   12.000   12.000
90        0.000   15.000   15.000
91        0.000   12.000   12.000
92        0.000   17.000   17.000
93        0.000    6.000    6.000
94        0.000    7.000    7.000
95        0.000    8.000    8.000
96        0.000    8.000    8.000
97        0.000    8.000    8.000
98        0.000    3.000    3.000
99        0.000    6.000    6.000
100       0.000    5.000    5.000
101       0.000    1.000    1.000
102       0.000    3.000    3.000
103       0.000    2.000    2.000
104       0.000    1.000    1.000
105       0.000    2.000    2.000
106       0.000    1.000    1.000
107       0.000    1.000    1.000
108       0.000    0.000    0.000
109       0.000    2.000    2.000
110       0.000    0.000    0.000
111       0.000    0.000    0.000
112       0.000    0.000    0.000
113       0.000    0.000    0.000
114       0.000    0.000    0.000
115       0.000    0.000    0.000
116       0.000    0.000    0.000
117       0.000    0.000    0.000
118       0.000    0.000    0.000
119       0.000    0.000    0.000
120       0.000    0.000    0.000
121       0.000    0.000    0.000
122       0.000    0.000    0.000
123       0.000    0.000    0.000
124       0.000    0.000    0.000
125       0.000    0.000    0.000
126       0.000    0.000    0.000
127       0.000    0.000    0.000
128       0.000    0.000    0.000
129       0.000    0.000    0.000
130       0.000    0.000    0.000
131       0.000    0.000    0.000
132       0.000    0.000    0.000
133       0.000    0.000    0.000
134       0.000    0.000    0.000
135       0.000    0.000    0.000
136       0.000    0.000    0.000
137       0.000    0.000    0.000
138       0.000    0.000    0.000
139       0.000    0.000    0.000
140       0.000    0.000    0.000
141       0.000    0.000    0.000
142       0.000    0.000    0.000
143       0.000    0.000    0.000
144       0.000    0.000    0.000
145       0.000    0.000    0.000
146       0.000    0.000    0.000
147       0.000    0.000    0.000
148       0.000    0.000    0.000
149       0.000    0.000    0.000
150       0.000    0.000    0.000
Sum       0.000 2357.000 2357.000
mW        0.000    0.000    0.000
mL        0.000    0.000    0.000
pA        0.000    0.000    0.000
tot.mW 2118.263 2118.263 2118.263
tot.mL   62.451   62.451   62.451


 .... [TRUNCATED] 
>>>>>>>>>>>>>>>>>>>>>>>>>>>>>>>>>>>>>>>>>>>>>>>>>>>>>>>>>>>>>> 
 > Dato                :  Tue Dec  2 15:50:07 2014 
 > Slag                :  UP 
 > ?r                  :  2014 
 > Ti?arskei?          :  JAN-MAY 
 > Skipab?lk/-ar       :  20 
 > Skipab?lk/-ar (l?n) :  0 
 > ICES-?ki            :  VB1 
 <<<<<<<<<<<<<<<<<<<<<<<<<<<<<<<<<<<<<<<<<<<<<<<<<<<<<<<<<<<<<< 

$URSLITID
   aldur tal_matad tal_fiskad midal_longd midal_vekt roknad_veida
0      0         0          0        0.00      0.000            0
1      1         0          0        0.00      0.000            0
2      2         0          0        0.00      0.000            0
3      3        75        882       49.34      1.009          890
4      4       535       6303       53.50      1.271         8010
5      5       872      10284       60.03      1.761        18113
6      6       413       4866       65.95      2.299        11185
7      7       177       2086       69.96      2.717         5668
8      8        48        568       80.04      3.919         2227
9      9        36        429       87.23      4.968         2131
10    10        45        529       89.05      5.374         2845
11    11        30        359       92.14      5.846         2096
12    12        20        235       95.53      6.435         1511
13    13        11        133       96.55      6.627          879
14    14         0          0        0.00      0.000            0
15    15         0          0        0.00      0.000            0
17   Sum      2262      26674       62.34      2.083        55555

$URSLITID.j
   aldur tal_matad tal_fiskad midal_longd midal_vekt roknad_veida
0      0         0          0        0.00      0.000            0
1      1         0          0        0.00      0.000            0
2      2         0          0        0.00      0.000            0
3      3       100       1110       47.55      0.932         1034
4      4       552       6141       53.30      1.258         7727
5      5       862       9593       59.64      1.728        16578
6      6       428       4766       65.89      2.294        10932
7      7       193       2149       70.37      2.748         5905
8      8        50        557       82.31      4.235         2361
9      9        46        515       87.42      5.024         2589
10    10        50        554       91.08      5.666         3138
11    11        34        379       92.53      5.972         2266
12    12        26        287       95.29      6.563         1885
13    13        16        175       96.14      6.512         1141
14    14         0          0        0.00      0.000            0
15    15         0          0        0.00      0.000            0
17   Sum      2357      26226       62.45      2.118        55556


 .... [TRUNCATED] 
