
> cat("\n", "<< ..." ... [TRUNCATED] 

 <<<<<<<<<<<<<<<<<<<<<<<<<<<<<<<<<<<<<<<<<<<<<<<<<<<<<<<<<<<<<<<<<<<<<<<< 
 > Dato                                      :  Thu Jan 16 14:41:53 2014 
 > Slag                                      :  HY 
 > Ár                                        :  2012 
 > Skipabólk/-ar                             :  1 2 4 
 > Byrjanar og enda mánaŵ fyri ALK/ALD       :  JAN-DEC 
 > Skipabólk/-ar, sum longdir eru lántar frá :  0 
 > Skipabólk/-ar, sum vektir eru lántar frá  :  0 
 > Skipabólk/-ar, sum aldrar eru lántar frá  :  0 
 > ICES-øki                                  :  VB1 
 <<<<<<<<<<<<<<<<<<<<<<<<<<<<<<<<<<<<<<<<<<<<<<<<<<<<<<<<<<<<<<<<<<<<<<<< 

> cat("\n>>>>>> ..." ... [TRUNCATED] 

>>>>>>>>>>>>>>>>>>>>>>>>>>>>>>>>>>>>> 
> Alpha	 = 0.02019525
> Beta	 = 2.805357
> R^2	 = 0.9567626
> N	 = 1867
> Veida (kg.)	  = 529947
> Rundveida (kg.) = 588241.2
<<<<<<<<<<<<<<<<<<<<<<<<<<<<<<<<<<<<< 


> cat("\n",">>> ..." ... [TRUNCATED] 

 >>>>>>>>>>>>>> 	 ALK-lykil 	 <<<<<<<<<<<< 

> lapply(tmp1,r .... [TRUNCATED] 
$ALK
    longd 0 1 2  3 4 5 6 7 8 9 10 11 12 13 14 15 Sum Matad
1       1 0 0 0  0 0 0 0 0 0 0  0  0  0  0  0  0   0     0
2       2 0 0 0  0 0 0 0 0 0 0  0  0  0  0  0  0   0     0
3       3 0 0 0  0 0 0 0 0 0 0  0  0  0  0  0  0   0     0
4       4 0 0 0  0 0 0 0 0 0 0  0  0  0  0  0  0   0     0
5       5 0 0 0  0 0 0 0 0 0 0  0  0  0  0  0  0   0     0
6       6 0 0 0  0 0 0 0 0 0 0  0  0  0  0  0  0   0     0
7       7 0 0 0  0 0 0 0 0 0 0  0  0  0  0  0  0   0     0
8       8 0 0 0  0 0 0 0 0 0 0  0  0  0  0  0  0   0     0
9       9 0 0 0  0 0 0 0 0 0 0  0  0  0  0  0  0   0     0
10     10 0 0 0  0 0 0 0 0 0 0  0  0  0  0  0  0   0     0
11     11 0 0 0  0 0 0 0 0 0 0  0  0  0  0  0  0   0     0
12     12 0 0 0  0 0 0 0 0 0 0  0  0  0  0  0  0   0     0
13     13 0 0 0  0 0 0 0 0 0 0  0  0  0  0  0  0   0     0
14     14 0 0 0  0 0 0 0 0 0 0  0  0  0  0  0  0   0     0
15     15 0 0 0  0 0 0 0 0 0 0  0  0  0  0  0  0   0     0
16     16 0 0 0  0 0 0 0 0 0 0  0  0  0  0  0  0   0     0
17     17 0 0 0  0 0 0 0 0 0 0  0  0  0  0  0  0   0     0
18     18 0 0 0  0 0 0 0 0 0 0  0  0  0  0  0  0   0     0
19     19 0 0 0  0 0 0 0 0 0 0  0  0  0  0  0  0   0     0
20     20 0 0 0  0 0 0 0 0 0 0  0  0  0  0  0  0   0     0
21     21 0 0 0  0 0 0 0 0 0 0  0  0  0  0  0  0   0     0
22     22 0 0 0  0 0 0 0 0 0 0  0  0  0  0  0  0   0     0
23     23 0 0 0  0 0 0 0 0 0 0  0  0  0  0  0  0   0     0
24     24 0 0 0  0 0 0 0 0 0 0  0  0  0  0  0  0   0     0
25     25 0 0 0  0 0 0 0 0 0 0  0  0  0  0  0  0   0     0
26     26 0 0 0  0 0 0 0 0 0 0  0  0  0  0  0  0   0     0
27     27 0 0 0  0 0 0 0 0 0 0  0  0  0  0  0  0   0     0
28     28 0 0 0  0 0 0 0 0 0 0  0  0  0  0  0  0   0     0
29     29 0 0 0  0 0 0 0 0 0 0  0  0  0  0  0  0   0     0
30     30 0 0 0  0 0 0 0 0 0 0  0  0  0  0  0  0   0     0
31     31 0 1 0  0 0 0 0 0 0 0  0  0  0  0  0  0   1     1
32     32 0 0 0  0 0 0 0 0 0 0  0  0  0  0  0  0   0     1
33     33 0 0 0  0 0 0 0 0 0 0  0  0  0  0  0  0   0     2
34     34 0 0 0  0 0 0 0 0 0 0  0  0  0  0  0  0   0    10
35     35 0 0 0  1 0 0 0 0 0 0  0  0  0  0  0  0   1    31
36     36 0 0 0  6 0 0 0 0 0 0  0  0  0  0  0  0   6    58
37     37 0 0 1 14 0 0 0 0 0 0  0  0  0  0  0  0  15    75
38     38 0 0 0 17 1 0 0 0 0 0  0  0  0  0  0  0  18    85
39     39 0 0 1 15 0 0 0 0 0 0  0  0  0  0  0  0  16    73
40     40 0 0 1  9 0 0 0 0 0 0  0  0  0  0  0  0  10    76
41     41 0 0 0 18 0 0 0 0 0 0  0  0  0  0  0  0  18    92
42     42 0 0 0 21 6 0 0 0 0 0  0  0  0  0  0  0  27   126
43     43 0 0 0 15 4 0 0 0 0 0  0  0  0  0  0  0  19   121
44     44 0 0 0 27 8 0 0 0 0 0  0  0  0  0  0  0  35   160
45     45 0 0 0 20 8 1 0 0 0 0  0  0  0  0  0  0  29   126
46     46 0 0 0 18 7 0 0 0 0 1  0  0  0  0  0  0  26   137
47     47 0 0 0  4 5 1 0 0 1 0  0  0  0  0  0  0  11    98
48     48 0 0 0  5 9 3 0 0 0 1  0  0  0  0  0  0  18    86
49     49 0 0 0  2 9 0 0 1 0 1  0  0  0  0  0  0  13    70
50     50 0 0 0  0 3 4 2 1 0 0  2  0  0  0  0  0  12    69
51     51 0 0 0  0 5 3 0 1 0 2  2  0  0  0  0  0  13    55
52     52 0 0 0  1 3 1 0 0 1 3  1  0  0  0  0  0  10    42
53     53 0 0 0  0 2 2 0 0 2 2  0  0  0  0  0  0   8    46
54     54 0 0 0  0 2 4 3 1 1 2  0  0  0  0  0  0  13    52
55     55 0 0 0  0 1 5 0 0 1 0  1  1  0  0  0  0   9    38
56     56 0 0 0  0 0 1 0 0 2 1  0  0  0  0  0  0   4    28
57     57 0 0 0  0 0 0 0 1 2 0  1  0  0  0  0  0   4    19
58     58 0 0 0  0 0 0 0 1 1 0  1  0  0  0  0  0   3    23
59     59 0 0 0  0 0 0 1 1 0 0  1  0  0  0  0  0   3    16
60     60 0 0 0  0 0 0 1 0 0 1  1  0  0  0  0  0   3    18
61     61 0 0 0  0 0 1 0 0 0 2  1  0  0  0  0  0   4     7
62     62 0 0 0  0 0 0 0 0 0 0  0  0  0  0  0  0   0     6
63     63 0 0 0  0 0 0 0 0 0 1  1  0  0  0  0  0   2     8
64     64 0 0 0  0 0 0 0 0 0 1  1  0  1  0  0  0   3     4
65     65 0 0 0  0 0 0 0 0 1 0  0  1  0  0  0  0   2     2
66     66 0 0 0  0 0 0 0 0 0 1  0  0  0  0  0  0   1     4
67     67 0 0 0  0 0 0 0 0 0 1  0  0  0  0  0  0   1     1
68     68 0 0 0  0 0 0 0 0 0 0  1  0  0  0  0  0   1     1
69     69 0 0 0  0 0 0 0 0 0 0  0  0  0  0  0  0   0     0
70     70 0 0 0  0 0 0 0 0 0 0  0  0  0  0  0  0   0     0
71     71 0 0 0  0 0 0 0 0 0 0  0  0  0  0  0  0   0     0
72     72 0 0 0  0 0 0 0 0 0 0  0  0  0  0  0  0   0     0
73     73 0 0 0  0 0 0 0 0 0 0  0  0  0  0  0  0   0     0
74     74 0 0 0  0 0 0 0 0 0 0  0  0  0  0  0  0   0     0
75     75 0 0 0  0 0 0 0 0 0 0  0  0  0  0  0  0   0     0
76     76 0 0 0  0 0 0 0 0 0 0  0  0  0  0  0  0   0     0
77     77 0 0 0  0 0 0 0 0 0 0  0  0  0  0  0  0   0     0
78     78 0 0 0  0 0 0 0 0 0 0  0  0  0  0  0  0   0     0
79     79 0 0 0  0 0 0 0 0 0 0  0  0  0  0  0  0   0     0
80     80 0 0 0  0 0 0 0 0 0 0  0  0  0  0  0  0   0     0
81     81 0 0 0  0 0 0 0 0 0 0  0  0  0  0  0  0   0     0
82     82 0 0 0  0 0 0 0 0 0 0  0  0  0  0  0  0   0     0
83     83 0 0 0  0 0 0 0 0 0 0  0  0  0  0  0  0   0     0
84     84 0 0 0  0 0 0 0 0 0 0  0  0  0  0  0  0   0     0
85     85 0 0 0  0 0 0 0 0 0 0  0  0  0  0  0  0   0     0
86     86 0 0 0  0 0 0 0 0 0 0  0  0  0  0  0  0   0     0
87     87 0 0 0  0 0 0 0 0 0 0  0  0  0  0  0  0   0     0
88     88 0 0 0  0 0 0 0 0 0 0  0  0  0  0  0  0   0     0
89     89 0 0 0  0 0 0 0 0 0 0  0  0  0  0  0  0   0     0
90     90 0 0 0  0 0 0 0 0 0 0  0  0  0  0  0  0   0     0
91     91 0 0 0  0 0 0 0 0 0 0  0  0  0  0  0  0   0     0
92     92 0 0 0  0 0 0 0 0 0 0  0  0  0  0  0  0   0     0
93     93 0 0 0  0 0 0 0 0 0 0  0  0  0  0  0  0   0     0
94     94 0 0 0  0 0 0 0 0 0 0  0  0  0  0  0  0   0     0
95     95 0 0 0  0 0 0 0 0 0 0  0  0  0  0  0  0   0     0
96     96 0 0 0  0 0 0 0 0 0 0  0  0  0  0  0  0   0     0
97     97 0 0 0  0 0 0 0 0 0 0  0  0  0  0  0  0   0     0
98     98 0 0 0  0 0 0 0 0 0 0  0  0  0  0  0  0   0     0
99     99 0 0 0  0 0 0 0 0 0 0  0  0  0  0  0  0   0     0
100   100 0 0 0  0 0 0 0 0 0 0  0  0  0  0  0  0   0     0
101   101 0 0 0  0 0 0 0 0 0 0  0  0  0  0  0  0   0     0
102   102 0 0 0  0 0 0 0 0 0 0  0  0  0  0  0  0   0     0
103   103 0 0 0  0 0 0 0 0 0 0  0  0  0  0  0  0   0     0
104   104 0 0 0  0 0 0 0 0 0 0  0  0  0  0  0  0   0     0
105   105 0 0 0  0 0 0 0 0 0 0  0  0  0  0  0  0   0     0
106   106 0 0 0  0 0 0 0 0 0 0  0  0  0  0  0  0   0     0
107   107 0 0 0  0 0 0 0 0 0 0  0  0  0  0  0  0   0     0
108   108 0 0 0  0 0 0 0 0 0 0  0  0  0  0  0  0   0     0
109   109 0 0 0  0 0 0 0 0 0 0  0  0  0  0  0  0   0     0
110   110 0 0 0  0 0 0 0 0 0 0  0  0  0  0  0  0   0     0
111   111 0 0 0  0 0 0 0 0 0 0  0  0  0  0  0  0   0     0
112   112 0 0 0  0 0 0 0 0 0 0  0  0  0  0  0  0   0     0
113   113 0 0 0  0 0 0 0 0 0 0  0  0  0  0  0  0   0     0
114   114 0 0 0  0 0 0 0 0 0 0  0  0  0  0  0  0   0     0
115   115 0 0 0  0 0 0 0 0 0 0  0  0  0  0  0  0   0     0
116   116 0 0 0  0 0 0 0 0 0 0  0  0  0  0  0  0   0     0
117   117 0 0 0  0 0 0 0 0 0 0  0  0  0  0  0  0   0     0
118   118 0 0 0  0 0 0 0 0 0 0  0  0  0  0  0  0   0     0
119   119 0 0 0  0 0 0 0 0 0 0  0  0  0  0  0  0   0     0
120   120 0 0 0  0 0 0 0 0 0 0  0  0  0  0  0  0   0     0
121   121 0 0 0  0 0 0 0 0 0 0  0  0  0  0  0  0   0     0
122   122 0 0 0  0 0 0 0 0 0 0  0  0  0  0  0  0   0     0
123   123 0 0 0  0 0 0 0 0 0 0  0  0  0  0  0  0   0     0
124   124 0 0 0  0 0 0 0 0 0 0  0  0  0  0  0  0   0     0
125   125 0 0 0  0 0 0 0 0 0 0  0  0  0  0  0  0   0     0
126   126 0 0 0  0 0 0 0 0 0 0  0  0  0  0  0  0   0     0
127   127 0 0 0  0 0 0 0 0 0 0  0  0  0  0  0  0   0     0
128   128 0 0 0  0 0 0 0 0 0 0  0  0  0  0  0  0   0     0
129   129 0 0 0  0 0 0 0 0 0 0  0  0  0  0  0  0   0     0
130   130 0 0 0  0 0 0 0 0 0 0  0  0  0  0  0  0   0     0
131   131 0 0 0  0 0 0 0 0 0 0  0  0  0  0  0  0   0     0
132   132 0 0 0  0 0 0 0 0 0 0  0  0  0  0  0  0   0     0
133   133 0 0 0  0 0 0 0 0 0 0  0  0  0  0  0  0   0     0
134   134 0 0 0  0 0 0 0 0 0 0  0  0  0  0  0  0   0     0
135   135 0 0 0  0 0 0 0 0 0 0  0  0  0  0  0  0   0     0
136   136 0 0 0  0 0 0 0 0 0 0  0  0  0  0  0  0   0     0
137   137 0 0 0  0 0 0 0 0 0 0  0  0  0  0  0  0   0     0
138   138 0 0 0  0 0 0 0 0 0 0  0  0  0  0  0  0   0     0
139   139 0 0 0  0 0 0 0 0 0 0  0  0  0  0  0  0   0     0
140   140 0 0 0  0 0 0 0 0 0 0  0  0  0  0  0  0   0     0
141   141 0 0 0  0 0 0 0 0 0 0  0  0  0  0  0  0   0     0
142   142 0 0 0  0 0 0 0 0 0 0  0  0  0  0  0  0   0     0
143   143 0 0 0  0 0 0 0 0 0 0  0  0  0  0  0  0   0     0
144   144 0 0 0  0 0 0 0 0 0 0  0  0  0  0  0  0   0     0
145   145 0 0 0  0 0 0 0 0 0 0  0  0  0  0  0  0   0     0
146   146 0 0 0  0 0 0 0 0 0 0  0  0  0  0  0  0   0     0
147   147 0 0 0  0 0 0 0 0 0 0  0  0  0  0  0  0   0     0
148   148 0 0 0  0 0 0 0 0 0 0  0  0  0  0  0  0   0     0
149   149 0 0 0  0 0 0 0 0 0 0  0  0  0  0  0  0   0     0
150   150 0 0 0  0 0 0 0 0 0 0  0  0  0  0  0  0   0     0

$ALK.j
    longd 0 1     2      3     4     5     6     7     8     9    10    11 12
1       1 0 0 0.000  0.000 0.000 0.000 0.000 0.000 0.000 0.000 0.000 0.000  0
2       2 0 0 0.000  0.000 0.000 0.000 0.000 0.000 0.000 0.000 0.000 0.000  0
3       3 0 0 0.000  0.000 0.000 0.000 0.000 0.000 0.000 0.000 0.000 0.000  0
4       4 0 0 0.000  0.000 0.000 0.000 0.000 0.000 0.000 0.000 0.000 0.000  0
5       5 0 0 0.000  0.000 0.000 0.000 0.000 0.000 0.000 0.000 0.000 0.000  0
6       6 0 0 0.000  0.000 0.000 0.000 0.000 0.000 0.000 0.000 0.000 0.000  0
7       7 0 0 0.000  0.000 0.000 0.000 0.000 0.000 0.000 0.000 0.000 0.000  0
8       8 0 0 0.000  0.000 0.000 0.000 0.000 0.000 0.000 0.000 0.000 0.000  0
9       9 0 0 0.000  0.000 0.000 0.000 0.000 0.000 0.000 0.000 0.000 0.000  0
10     10 0 0 0.000  0.000 0.000 0.000 0.000 0.000 0.000 0.000 0.000 0.000  0
11     11 0 0 0.000  0.000 0.000 0.000 0.000 0.000 0.000 0.000 0.000 0.000  0
12     12 0 0 0.000  0.000 0.000 0.000 0.000 0.000 0.000 0.000 0.000 0.000  0
13     13 0 0 0.000  0.000 0.000 0.000 0.000 0.000 0.000 0.000 0.000 0.000  0
14     14 0 0 0.000  0.000 0.000 0.000 0.000 0.000 0.000 0.000 0.000 0.000  0
15     15 0 0 0.000  0.000 0.000 0.000 0.000 0.000 0.000 0.000 0.000 0.000  0
16     16 0 0 0.000  0.000 0.000 0.000 0.000 0.000 0.000 0.000 0.000 0.000  0
17     17 0 0 0.000  0.000 0.000 0.000 0.000 0.000 0.000 0.000 0.000 0.000  0
18     18 0 0 0.000  0.000 0.000 0.000 0.000 0.000 0.000 0.000 0.000 0.000  0
19     19 0 0 0.000  0.000 0.000 0.000 0.000 0.000 0.000 0.000 0.000 0.000  0
20     20 0 0 0.000  0.000 0.000 0.000 0.000 0.000 0.000 0.000 0.000 0.000  0
21     21 0 0 0.000  0.000 0.000 0.000 0.000 0.000 0.000 0.000 0.000 0.000  0
22     22 0 0 0.000  0.000 0.000 0.000 0.000 0.000 0.000 0.000 0.000 0.000  0
23     23 0 0 0.000  0.000 0.000 0.000 0.000 0.000 0.000 0.000 0.000 0.000  0
24     24 0 0 0.000  0.000 0.000 0.000 0.000 0.000 0.000 0.000 0.000 0.000  0
25     25 0 0 0.000  0.000 0.000 0.000 0.000 0.000 0.000 0.000 0.000 0.000  0
26     26 0 0 0.000  0.000 0.000 0.000 0.000 0.000 0.000 0.000 0.000 0.000  0
27     27 0 0 0.000  0.001 0.000 0.000 0.000 0.000 0.000 0.000 0.000 0.000  0
28     28 0 0 0.000  0.003 0.000 0.000 0.000 0.000 0.000 0.000 0.000 0.000  0
29     29 0 0 0.000  0.011 0.000 0.000 0.000 0.000 0.000 0.000 0.000 0.000  0
30     30 0 0 0.000  0.034 0.000 0.000 0.000 0.000 0.000 0.000 0.000 0.000  0
31     31 0 1 0.000  0.096 0.000 0.000 0.000 0.000 0.000 0.000 0.000 0.000  0
32     32 0 0 0.000  0.246 0.001 0.000 0.000 0.000 0.000 0.001 0.000 0.000  0
33     33 0 0 0.001  0.580 0.002 0.000 0.000 0.000 0.000 0.002 0.000 0.000  0
34     34 0 0 0.007  1.250 0.007 0.000 0.000 0.000 0.000 0.003 0.000 0.000  0
35     35 0 0 0.044  2.462 0.020 0.000 0.000 0.000 0.000 0.005 0.001 0.000  0
36     36 0 0 0.171  4.433 0.053 0.000 0.000 0.000 0.000 0.009 0.001 0.000  0
37     37 0 0 0.432  7.298 0.128 0.000 0.000 0.000 0.000 0.014 0.002 0.001  0
38     38 0 0 0.712 10.985 0.282 0.001 0.000 0.000 0.000 0.023 0.004 0.001  0
39     39 0 0 0.765 15.120 0.572 0.002 0.000 0.001 0.001 0.036 0.007 0.001  0
40     40 0 0 0.535 19.028 1.071 0.007 0.001 0.002 0.002 0.054 0.012 0.002  0
41     41 0 0 0.244 21.895 1.844 0.018 0.002 0.004 0.004 0.080 0.020 0.003  0
42     42 0 0 0.072 23.036 2.921 0.042 0.005 0.009 0.009 0.115 0.032 0.004  0
43     43 0 0 0.014 22.160 4.260 0.095 0.010 0.018 0.018 0.162 0.050 0.006  0
44     44 0 0 0.002 19.492 5.716 0.193 0.020 0.034 0.035 0.222 0.075 0.009  0
45     45 0 0 0.000 15.677 7.060 0.364 0.039 0.060 0.063 0.296 0.109 0.012  0
46     46 0 0 0.000 11.528 8.024 0.632 0.070 0.100 0.107 0.385 0.155 0.016  0
47     47 0 0 0.000  7.751 8.392 1.008 0.117 0.157 0.173 0.488 0.212 0.021  0
48     48 0 0 0.000  4.765 8.079 1.479 0.185 0.232 0.265 0.602 0.282 0.027  0
49     49 0 0 0.000  2.679 7.157 1.998 0.272 0.323 0.384 0.724 0.365 0.034  0
50     50 0 0 0.000  1.377 5.835 2.483 0.376 0.423 0.526 0.849 0.457 0.042  0
51     51 0 0 0.000  0.647 4.378 2.840 0.486 0.522 0.683 0.970 0.557 0.050  0
52     52 0 0 0.000  0.278 3.023 2.989 0.589 0.607 0.839 1.080 0.657 0.059  0
53     53 0 0 0.000  0.109 1.921 2.895 0.668 0.664 0.976 1.172 0.754 0.069  0
54     54 0 0 0.000  0.039 1.123 2.580 0.710 0.684 1.075 1.239 0.839 0.079  0
55     55 0 0 0.000  0.013 0.605 2.116 0.707 0.664 1.120 1.276 0.906 0.088  0
56     56 0 0 0.000  0.004 0.299 1.597 0.659 0.607 1.105 1.281 0.949 0.096  0
57     57 0 0 0.000  0.001 0.137 1.109 0.575 0.522 1.032 1.253 0.966 0.103  0
58     58 0 0 0.000  0.000 0.057 0.709 0.471 0.423 0.912 1.195 0.953 0.108  0
59     59 0 0 0.000  0.000 0.022 0.417 0.361 0.323 0.763 1.110 0.913 0.112  0
60     60 0 0 0.000  0.000 0.008 0.226 0.259 0.232 0.604 1.005 0.849 0.113  0
61     61 0 0 0.000  0.000 0.003 0.112 0.174 0.157 0.453 0.886 0.767 0.112  0
62     62 0 0 0.000  0.000 0.001 0.051 0.110 0.100 0.321 0.762 0.672 0.108  0
63     63 0 0 0.000  0.000 0.000 0.022 0.065 0.060 0.216 0.638 0.571 0.103  0
64     64 0 0 0.000  0.000 0.000 0.008 0.036 0.034 0.137 0.521 0.471 0.096  1
65     65 0 0 0.000  0.000 0.000 0.003 0.018 0.018 0.082 0.414 0.377 0.088  0
66     66 0 0 0.000  0.000 0.000 0.001 0.009 0.009 0.047 0.321 0.293 0.079  0
67     67 0 0 0.000  0.000 0.000 0.000 0.004 0.004 0.025 0.243 0.221 0.069  0
68     68 0 0 0.000  0.000 0.000 0.000 0.002 0.002 0.013 0.178 0.162 0.059  0
69     69 0 0 0.000  0.000 0.000 0.000 0.001 0.001 0.006 0.128 0.115 0.050  0
70     70 0 0 0.000  0.000 0.000 0.000 0.000 0.000 0.003 0.089 0.079 0.042  0
71     71 0 0 0.000  0.000 0.000 0.000 0.000 0.000 0.001 0.061 0.053 0.034  0
72     72 0 0 0.000  0.000 0.000 0.000 0.000 0.000 0.001 0.040 0.035 0.027  0
73     73 0 0 0.000  0.000 0.000 0.000 0.000 0.000 0.000 0.026 0.022 0.021  0
74     74 0 0 0.000  0.000 0.000 0.000 0.000 0.000 0.000 0.016 0.013 0.016  0
75     75 0 0 0.000  0.000 0.000 0.000 0.000 0.000 0.000 0.010 0.008 0.012  0
76     76 0 0 0.000  0.000 0.000 0.000 0.000 0.000 0.000 0.006 0.005 0.009  0
77     77 0 0 0.000  0.000 0.000 0.000 0.000 0.000 0.000 0.004 0.003 0.006  0
78     78 0 0 0.000  0.000 0.000 0.000 0.000 0.000 0.000 0.002 0.001 0.004  0
79     79 0 0 0.000  0.000 0.000 0.000 0.000 0.000 0.000 0.001 0.001 0.003  0
80     80 0 0 0.000  0.000 0.000 0.000 0.000 0.000 0.000 0.001 0.000 0.002  0
81     81 0 0 0.000  0.000 0.000 0.000 0.000 0.000 0.000 0.000 0.000 0.001  0
82     82 0 0 0.000  0.000 0.000 0.000 0.000 0.000 0.000 0.000 0.000 0.001  0
83     83 0 0 0.000  0.000 0.000 0.000 0.000 0.000 0.000 0.000 0.000 0.001  0
84     84 0 0 0.000  0.000 0.000 0.000 0.000 0.000 0.000 0.000 0.000 0.000  0
85     85 0 0 0.000  0.000 0.000 0.000 0.000 0.000 0.000 0.000 0.000 0.000  0
86     86 0 0 0.000  0.000 0.000 0.000 0.000 0.000 0.000 0.000 0.000 0.000  0
87     87 0 0 0.000  0.000 0.000 0.000 0.000 0.000 0.000 0.000 0.000 0.000  0
88     88 0 0 0.000  0.000 0.000 0.000 0.000 0.000 0.000 0.000 0.000 0.000  0
89     89 0 0 0.000  0.000 0.000 0.000 0.000 0.000 0.000 0.000 0.000 0.000  0
90     90 0 0 0.000  0.000 0.000 0.000 0.000 0.000 0.000 0.000 0.000 0.000  0
91     91 0 0 0.000  0.000 0.000 0.000 0.000 0.000 0.000 0.000 0.000 0.000  0
92     92 0 0 0.000  0.000 0.000 0.000 0.000 0.000 0.000 0.000 0.000 0.000  0
93     93 0 0 0.000  0.000 0.000 0.000 0.000 0.000 0.000 0.000 0.000 0.000  0
94     94 0 0 0.000  0.000 0.000 0.000 0.000 0.000 0.000 0.000 0.000 0.000  0
95     95 0 0 0.000  0.000 0.000 0.000 0.000 0.000 0.000 0.000 0.000 0.000  0
96     96 0 0 0.000  0.000 0.000 0.000 0.000 0.000 0.000 0.000 0.000 0.000  0
97     97 0 0 0.000  0.000 0.000 0.000 0.000 0.000 0.000 0.000 0.000 0.000  0
98     98 0 0 0.000  0.000 0.000 0.000 0.000 0.000 0.000 0.000 0.000 0.000  0
99     99 0 0 0.000  0.000 0.000 0.000 0.000 0.000 0.000 0.000 0.000 0.000  0
100   100 0 0 0.000  0.000 0.000 0.000 0.000 0.000 0.000 0.000 0.000 0.000  0
101   101 0 0 0.000  0.000 0.000 0.000 0.000 0.000 0.000 0.000 0.000 0.000  0
102   102 0 0 0.000  0.000 0.000 0.000 0.000 0.000 0.000 0.000 0.000 0.000  0
103   103 0 0 0.000  0.000 0.000 0.000 0.000 0.000 0.000 0.000 0.000 0.000  0
104   104 0 0 0.000  0.000 0.000 0.000 0.000 0.000 0.000 0.000 0.000 0.000  0
105   105 0 0 0.000  0.000 0.000 0.000 0.000 0.000 0.000 0.000 0.000 0.000  0
106   106 0 0 0.000  0.000 0.000 0.000 0.000 0.000 0.000 0.000 0.000 0.000  0
107   107 0 0 0.000  0.000 0.000 0.000 0.000 0.000 0.000 0.000 0.000 0.000  0
108   108 0 0 0.000  0.000 0.000 0.000 0.000 0.000 0.000 0.000 0.000 0.000  0
109   109 0 0 0.000  0.000 0.000 0.000 0.000 0.000 0.000 0.000 0.000 0.000  0
110   110 0 0 0.000  0.000 0.000 0.000 0.000 0.000 0.000 0.000 0.000 0.000  0
111   111 0 0 0.000  0.000 0.000 0.000 0.000 0.000 0.000 0.000 0.000 0.000  0
112   112 0 0 0.000  0.000 0.000 0.000 0.000 0.000 0.000 0.000 0.000 0.000  0
113   113 0 0 0.000  0.000 0.000 0.000 0.000 0.000 0.000 0.000 0.000 0.000  0
114   114 0 0 0.000  0.000 0.000 0.000 0.000 0.000 0.000 0.000 0.000 0.000  0
115   115 0 0 0.000  0.000 0.000 0.000 0.000 0.000 0.000 0.000 0.000 0.000  0
116   116 0 0 0.000  0.000 0.000 0.000 0.000 0.000 0.000 0.000 0.000 0.000  0
117   117 0 0 0.000  0.000 0.000 0.000 0.000 0.000 0.000 0.000 0.000 0.000  0
118   118 0 0 0.000  0.000 0.000 0.000 0.000 0.000 0.000 0.000 0.000 0.000  0
119   119 0 0 0.000  0.000 0.000 0.000 0.000 0.000 0.000 0.000 0.000 0.000  0
120   120 0 0 0.000  0.000 0.000 0.000 0.000 0.000 0.000 0.000 0.000 0.000  0
121   121 0 0 0.000  0.000 0.000 0.000 0.000 0.000 0.000 0.000 0.000 0.000  0
122   122 0 0 0.000  0.000 0.000 0.000 0.000 0.000 0.000 0.000 0.000 0.000  0
123   123 0 0 0.000  0.000 0.000 0.000 0.000 0.000 0.000 0.000 0.000 0.000  0
124   124 0 0 0.000  0.000 0.000 0.000 0.000 0.000 0.000 0.000 0.000 0.000  0
125   125 0 0 0.000  0.000 0.000 0.000 0.000 0.000 0.000 0.000 0.000 0.000  0
126   126 0 0 0.000  0.000 0.000 0.000 0.000 0.000 0.000 0.000 0.000 0.000  0
127   127 0 0 0.000  0.000 0.000 0.000 0.000 0.000 0.000 0.000 0.000 0.000  0
128   128 0 0 0.000  0.000 0.000 0.000 0.000 0.000 0.000 0.000 0.000 0.000  0
129   129 0 0 0.000  0.000 0.000 0.000 0.000 0.000 0.000 0.000 0.000 0.000  0
130   130 0 0 0.000  0.000 0.000 0.000 0.000 0.000 0.000 0.000 0.000 0.000  0
131   131 0 0 0.000  0.000 0.000 0.000 0.000 0.000 0.000 0.000 0.000 0.000  0
132   132 0 0 0.000  0.000 0.000 0.000 0.000 0.000 0.000 0.000 0.000 0.000  0
133   133 0 0 0.000  0.000 0.000 0.000 0.000 0.000 0.000 0.000 0.000 0.000  0
134   134 0 0 0.000  0.000 0.000 0.000 0.000 0.000 0.000 0.000 0.000 0.000  0
135   135 0 0 0.000  0.000 0.000 0.000 0.000 0.000 0.000 0.000 0.000 0.000  0
136   136 0 0 0.000  0.000 0.000 0.000 0.000 0.000 0.000 0.000 0.000 0.000  0
137   137 0 0 0.000  0.000 0.000 0.000 0.000 0.000 0.000 0.000 0.000 0.000  0
138   138 0 0 0.000  0.000 0.000 0.000 0.000 0.000 0.000 0.000 0.000 0.000  0
139   139 0 0 0.000  0.000 0.000 0.000 0.000 0.000 0.000 0.000 0.000 0.000  0
140   140 0 0 0.000  0.000 0.000 0.000 0.000 0.000 0.000 0.000 0.000 0.000  0
141   141 0 0 0.000  0.000 0.000 0.000 0.000 0.000 0.000 0.000 0.000 0.000  0
142   142 0 0 0.000  0.000 0.000 0.000 0.000 0.000 0.000 0.000 0.000 0.000  0
143   143 0 0 0.000  0.000 0.000 0.000 0.000 0.000 0.000 0.000 0.000 0.000  0
144   144 0 0 0.000  0.000 0.000 0.000 0.000 0.000 0.000 0.000 0.000 0.000  0
145   145 0 0 0.000  0.000 0.000 0.000 0.000 0.000 0.000 0.000 0.000 0.000  0
146   146 0 0 0.000  0.000 0.000 0.000 0.000 0.000 0.000 0.000 0.000 0.000  0
147   147 0 0 0.000  0.000 0.000 0.000 0.000 0.000 0.000 0.000 0.000 0.000  0
148   148 0 0 0.000  0.000 0.000 0.000 0.000 0.000 0.000 0.000 0.000 0.000  0
149   149 0 0 0.000  0.000 0.000 0.000 0.000 0.000 0.000 0.000 0.000 0.000  0
150   150 0 0 0.000  0.000 0.000 0.000 0.000 0.000 0.000 0.000 0.000 0.000  0
    13 14 15    Sum Matad
1    0  0  0  0.000     0
2    0  0  0  0.000     0
3    0  0  0  0.000     0
4    0  0  0  0.000     0
5    0  0  0  0.000     0
6    0  0  0  0.000     0
7    0  0  0  0.000     0
8    0  0  0  0.000     0
9    0  0  0  0.000     0
10   0  0  0  0.000     0
11   0  0  0  0.000     0
12   0  0  0  0.000     0
13   0  0  0  0.000     0
14   0  0  0  0.000     0
15   0  0  0  0.000     0
16   0  0  0  0.000     0
17   0  0  0  0.000     0
18   0  0  0  0.000     0
19   0  0  0  0.000     0
20   0  0  0  0.000     0
21   0  0  0  0.000     0
22   0  0  0  0.000     0
23   0  0  0  0.000     0
24   0  0  0  0.000     0
25   0  0  0  0.000     0
26   0  0  0  0.000     0
27   0  0  0  0.001     0
28   0  0  0  0.003     0
29   0  0  0  0.011     0
30   0  0  0  0.034     0
31   0  0  0  1.096     1
32   0  0  0  0.248     1
33   0  0  0  0.586     2
34   0  0  0  1.268    10
35   0  0  0  2.532    31
36   0  0  0  4.667    58
37   0  0  0  7.875    75
38   0  0  0 12.009    85
39   0  0  0 16.506    73
40   0  0  0 20.714    76
41   0  0  0 24.114    92
42   0  0  0 26.247   126
43   0  0  0 26.793   121
44   0  0  0 25.799   160
45   0  0  0 23.680   126
46   0  0  0 21.016   137
47   0  0  0 18.320    98
48   0  0  0 15.916    86
49   0  0  0 13.935    70
50   0  0  0 12.368    69
51   0  0  0 11.134    55
52   0  0  0 10.122    42
53   0  0  0  9.228    46
54   0  0  0  8.368    52
55   0  0  0  7.494    38
56   0  0  0  6.597    28
57   0  0  0  5.698    19
58   0  0  0  4.828    23
59   0  0  0  4.020    16
60   0  0  0  3.295    18
61   0  0  0  2.663     7
62   0  0  0  2.125     6
63   0  0  0  1.675     8
64   0  0  0  2.303     4
65   0  0  0  1.002     2
66   0  0  0  0.759     4
67   0  0  0  0.567     1
68   0  0  0  0.417     1
69   0  0  0  0.301     0
70   0  0  0  0.214     0
71   0  0  0  0.149     0
72   0  0  0  0.102     0
73   0  0  0  0.069     0
74   0  0  0  0.046     0
75   0  0  0  0.030     0
76   0  0  0  0.019     0
77   0  0  0  0.012     0
78   0  0  0  0.008     0
79   0  0  0  0.005     0
80   0  0  0  0.003     0
81   0  0  0  0.002     0
82   0  0  0  0.001     0
83   0  0  0  0.001     0
84   0  0  0  0.000     0
85   0  0  0  0.000     0
86   0  0  0  0.000     0
87   0  0  0  0.000     0
88   0  0  0  0.000     0
89   0  0  0  0.000     0
90   0  0  0  0.000     0
91   0  0  0  0.000     0
92   0  0  0  0.000     0
93   0  0  0  0.000     0
94   0  0  0  0.000     0
95   0  0  0  0.000     0
96   0  0  0  0.000     0
97   0  0  0  0.000     0
98   0  0  0  0.000     0
99   0  0  0  0.000     0
100  0  0  0  0.000     0
101  0  0  0  0.000     0
102  0  0  0  0.000     0
103  0  0  0  0.000     0
104  0  0  0  0.000     0
105  0  0  0  0.000     0
106  0  0  0  0.000     0
107  0  0  0  0.000     0
108  0  0  0  0.000     0
109  0  0  0  0.000     0
110  0  0  0  0.000     0
111  0  0  0  0.000     0
112  0  0  0  0.000     0
113  0  0  0  0.000     0
114  0  0  0  0.000     0
115  0  0  0  0.000     0
116  0  0  0  0.000     0
117  0  0  0  0.000     0
118  0  0  0  0.000     0
119  0  0  0  0.000     0
120  0  0  0  0.000     0
121  0  0  0  0.000     0
122  0  0  0  0.000     0
123  0  0  0  0.000     0
124  0  0  0  0.000     0
125  0  0  0  0.000     0
126  0  0  0  0.000     0
127  0  0  0  0.000     0
128  0  0  0  0.000     0
129  0  0  0  0.000     0
130  0  0  0  0.000     0
131  0  0  0  0.000     0
132  0  0  0  0.000     0
133  0  0  0  0.000     0
134  0  0  0  0.000     0
135  0  0  0  0.000     0
136  0  0  0  0.000     0
137  0  0  0  0.000     0
138  0  0  0  0.000     0
139  0  0  0  0.000     0
140  0  0  0  0.000     0
141  0  0  0  0.000     0
142  0  0  0  0.000     0
143  0  0  0  0.000     0
144  0  0  0  0.000     0
145  0  0  0  0.000     0
146  0  0  0  0.000     0
147  0  0  0  0.000     0
148  0  0  0  0.000     0
149  0  0  0  0.000     0
150  0  0  0  0.000     0


> cat("\n",">>> ..." ... [TRUNCATED] 

 >>>>>>>>>>>>>> 	 ALD-lykil 	 <<<<<<<<<<<< 

> lapply(tmp2,r .... [TRUNCATED] 
$ALD
             0       1       2        3       4       5       6       7       8
1        0.000   0.000   0.000    0.000   0.000   0.000   0.000   0.000   0.000
2        0.000   0.000   0.000    0.000   0.000   0.000   0.000   0.000   0.000
3        0.000   0.000   0.000    0.000   0.000   0.000   0.000   0.000   0.000
4        0.000   0.000   0.000    0.000   0.000   0.000   0.000   0.000   0.000
5        0.000   0.000   0.000    0.000   0.000   0.000   0.000   0.000   0.000
6        0.000   0.000   0.000    0.000   0.000   0.000   0.000   0.000   0.000
7        0.000   0.000   0.000    0.000   0.000   0.000   0.000   0.000   0.000
8        0.000   0.000   0.000    0.000   0.000   0.000   0.000   0.000   0.000
9        0.000   0.000   0.000    0.000   0.000   0.000   0.000   0.000   0.000
10       0.000   0.000   0.000    0.000   0.000   0.000   0.000   0.000   0.000
11       0.000   0.000   0.000    0.000   0.000   0.000   0.000   0.000   0.000
12       0.000   0.000   0.000    0.000   0.000   0.000   0.000   0.000   0.000
13       0.000   0.000   0.000    0.000   0.000   0.000   0.000   0.000   0.000
14       0.000   0.000   0.000    0.000   0.000   0.000   0.000   0.000   0.000
15       0.000   0.000   0.000    0.000   0.000   0.000   0.000   0.000   0.000
16       0.000   0.000   0.000    0.000   0.000   0.000   0.000   0.000   0.000
17       0.000   0.000   0.000    0.000   0.000   0.000   0.000   0.000   0.000
18       0.000   0.000   0.000    0.000   0.000   0.000   0.000   0.000   0.000
19       0.000   0.000   0.000    0.000   0.000   0.000   0.000   0.000   0.000
20       0.000   0.000   0.000    0.000   0.000   0.000   0.000   0.000   0.000
21       0.000   0.000   0.000    0.000   0.000   0.000   0.000   0.000   0.000
22       0.000   0.000   0.000    0.000   0.000   0.000   0.000   0.000   0.000
23       0.000   0.000   0.000    0.000   0.000   0.000   0.000   0.000   0.000
24       0.000   0.000   0.000    0.000   0.000   0.000   0.000   0.000   0.000
25       0.000   0.000   0.000    0.000   0.000   0.000   0.000   0.000   0.000
26       0.000   0.000   0.000    0.000   0.000   0.000   0.000   0.000   0.000
27       0.000   0.000   0.000    0.000   0.000   0.000   0.000   0.000   0.000
28       0.000   0.000   0.000    0.000   0.000   0.000   0.000   0.000   0.000
29       0.000   0.000   0.000    0.000   0.000   0.000   0.000   0.000   0.000
30       0.000   0.000   0.000    0.000   0.000   0.000   0.000   0.000   0.000
31       0.000   1.000   0.000    0.000   0.000   0.000   0.000   0.000   0.000
32       0.000   0.000   0.000    0.000   0.000   0.000   0.000   0.000   0.000
33       0.000   0.000   0.000    0.000   0.000   0.000   0.000   0.000   0.000
34       0.000   0.000   0.000    0.000   0.000   0.000   0.000   0.000   0.000
35       0.000   0.000   0.000   31.000   0.000   0.000   0.000   0.000   0.000
36       0.000   0.000   0.000   58.000   0.000   0.000   0.000   0.000   0.000
37       0.000   0.000   5.000   70.000   0.000   0.000   0.000   0.000   0.000
38       0.000   0.000   0.000   80.278   4.722   0.000   0.000   0.000   0.000
39       0.000   0.000   4.562   68.438   0.000   0.000   0.000   0.000   0.000
40       0.000   0.000   7.600   68.400   0.000   0.000   0.000   0.000   0.000
41       0.000   0.000   0.000   92.000   0.000   0.000   0.000   0.000   0.000
42       0.000   0.000   0.000   98.000  28.000   0.000   0.000   0.000   0.000
43       0.000   0.000   0.000   95.526  25.474   0.000   0.000   0.000   0.000
44       0.000   0.000   0.000  123.429  36.571   0.000   0.000   0.000   0.000
45       0.000   0.000   0.000   86.897  34.759   4.345   0.000   0.000   0.000
46       0.000   0.000   0.000   94.846  36.885   0.000   0.000   0.000   0.000
47       0.000   0.000   0.000   35.636  44.545   8.909   0.000   0.000   8.909
48       0.000   0.000   0.000   23.889  43.000  14.333   0.000   0.000   0.000
49       0.000   0.000   0.000   10.769  48.462   0.000   0.000   5.385   0.000
50       0.000   0.000   0.000    0.000  17.250  23.000  11.500   5.750   0.000
51       0.000   0.000   0.000    0.000  21.154  12.692   0.000   4.231   0.000
52       0.000   0.000   0.000    4.200  12.600   4.200   0.000   0.000   4.200
53       0.000   0.000   0.000    0.000  11.500  11.500   0.000   0.000  11.500
54       0.000   0.000   0.000    0.000   8.000  16.000  12.000   4.000   4.000
55       0.000   0.000   0.000    0.000   4.222  21.111   0.000   0.000   4.222
56       0.000   0.000   0.000    0.000   0.000   7.000   0.000   0.000  14.000
57       0.000   0.000   0.000    0.000   0.000   0.000   0.000   4.750   9.500
58       0.000   0.000   0.000    0.000   0.000   0.000   0.000   7.667   7.667
59       0.000   0.000   0.000    0.000   0.000   0.000   5.333   5.333   0.000
60       0.000   0.000   0.000    0.000   0.000   0.000   6.000   0.000   0.000
61       0.000   0.000   0.000    0.000   0.000   1.750   0.000   0.000   0.000
62       0.000   0.000   0.000    0.000   0.000   0.000   0.000   0.000   0.000
63       0.000   0.000   0.000    0.000   0.000   0.000   0.000   0.000   0.000
64       0.000   0.000   0.000    0.000   0.000   0.000   0.000   0.000   0.000
65       0.000   0.000   0.000    0.000   0.000   0.000   0.000   0.000   1.000
66       0.000   0.000   0.000    0.000   0.000   0.000   0.000   0.000   0.000
67       0.000   0.000   0.000    0.000   0.000   0.000   0.000   0.000   0.000
68       0.000   0.000   0.000    0.000   0.000   0.000   0.000   0.000   0.000
69       0.000   0.000   0.000    0.000   0.000   0.000   0.000   0.000   0.000
70       0.000   0.000   0.000    0.000   0.000   0.000   0.000   0.000   0.000
71       0.000   0.000   0.000    0.000   0.000   0.000   0.000   0.000   0.000
72       0.000   0.000   0.000    0.000   0.000   0.000   0.000   0.000   0.000
73       0.000   0.000   0.000    0.000   0.000   0.000   0.000   0.000   0.000
74       0.000   0.000   0.000    0.000   0.000   0.000   0.000   0.000   0.000
75       0.000   0.000   0.000    0.000   0.000   0.000   0.000   0.000   0.000
76       0.000   0.000   0.000    0.000   0.000   0.000   0.000   0.000   0.000
77       0.000   0.000   0.000    0.000   0.000   0.000   0.000   0.000   0.000
78       0.000   0.000   0.000    0.000   0.000   0.000   0.000   0.000   0.000
79       0.000   0.000   0.000    0.000   0.000   0.000   0.000   0.000   0.000
80       0.000   0.000   0.000    0.000   0.000   0.000   0.000   0.000   0.000
81       0.000   0.000   0.000    0.000   0.000   0.000   0.000   0.000   0.000
82       0.000   0.000   0.000    0.000   0.000   0.000   0.000   0.000   0.000
83       0.000   0.000   0.000    0.000   0.000   0.000   0.000   0.000   0.000
84       0.000   0.000   0.000    0.000   0.000   0.000   0.000   0.000   0.000
85       0.000   0.000   0.000    0.000   0.000   0.000   0.000   0.000   0.000
86       0.000   0.000   0.000    0.000   0.000   0.000   0.000   0.000   0.000
87       0.000   0.000   0.000    0.000   0.000   0.000   0.000   0.000   0.000
88       0.000   0.000   0.000    0.000   0.000   0.000   0.000   0.000   0.000
89       0.000   0.000   0.000    0.000   0.000   0.000   0.000   0.000   0.000
90       0.000   0.000   0.000    0.000   0.000   0.000   0.000   0.000   0.000
91       0.000   0.000   0.000    0.000   0.000   0.000   0.000   0.000   0.000
92       0.000   0.000   0.000    0.000   0.000   0.000   0.000   0.000   0.000
93       0.000   0.000   0.000    0.000   0.000   0.000   0.000   0.000   0.000
94       0.000   0.000   0.000    0.000   0.000   0.000   0.000   0.000   0.000
95       0.000   0.000   0.000    0.000   0.000   0.000   0.000   0.000   0.000
96       0.000   0.000   0.000    0.000   0.000   0.000   0.000   0.000   0.000
97       0.000   0.000   0.000    0.000   0.000   0.000   0.000   0.000   0.000
98       0.000   0.000   0.000    0.000   0.000   0.000   0.000   0.000   0.000
99       0.000   0.000   0.000    0.000   0.000   0.000   0.000   0.000   0.000
100      0.000   0.000   0.000    0.000   0.000   0.000   0.000   0.000   0.000
101      0.000   0.000   0.000    0.000   0.000   0.000   0.000   0.000   0.000
102      0.000   0.000   0.000    0.000   0.000   0.000   0.000   0.000   0.000
103      0.000   0.000   0.000    0.000   0.000   0.000   0.000   0.000   0.000
104      0.000   0.000   0.000    0.000   0.000   0.000   0.000   0.000   0.000
105      0.000   0.000   0.000    0.000   0.000   0.000   0.000   0.000   0.000
106      0.000   0.000   0.000    0.000   0.000   0.000   0.000   0.000   0.000
107      0.000   0.000   0.000    0.000   0.000   0.000   0.000   0.000   0.000
108      0.000   0.000   0.000    0.000   0.000   0.000   0.000   0.000   0.000
109      0.000   0.000   0.000    0.000   0.000   0.000   0.000   0.000   0.000
110      0.000   0.000   0.000    0.000   0.000   0.000   0.000   0.000   0.000
111      0.000   0.000   0.000    0.000   0.000   0.000   0.000   0.000   0.000
112      0.000   0.000   0.000    0.000   0.000   0.000   0.000   0.000   0.000
113      0.000   0.000   0.000    0.000   0.000   0.000   0.000   0.000   0.000
114      0.000   0.000   0.000    0.000   0.000   0.000   0.000   0.000   0.000
115      0.000   0.000   0.000    0.000   0.000   0.000   0.000   0.000   0.000
116      0.000   0.000   0.000    0.000   0.000   0.000   0.000   0.000   0.000
117      0.000   0.000   0.000    0.000   0.000   0.000   0.000   0.000   0.000
118      0.000   0.000   0.000    0.000   0.000   0.000   0.000   0.000   0.000
119      0.000   0.000   0.000    0.000   0.000   0.000   0.000   0.000   0.000
120      0.000   0.000   0.000    0.000   0.000   0.000   0.000   0.000   0.000
121      0.000   0.000   0.000    0.000   0.000   0.000   0.000   0.000   0.000
122      0.000   0.000   0.000    0.000   0.000   0.000   0.000   0.000   0.000
123      0.000   0.000   0.000    0.000   0.000   0.000   0.000   0.000   0.000
124      0.000   0.000   0.000    0.000   0.000   0.000   0.000   0.000   0.000
125      0.000   0.000   0.000    0.000   0.000   0.000   0.000   0.000   0.000
126      0.000   0.000   0.000    0.000   0.000   0.000   0.000   0.000   0.000
127      0.000   0.000   0.000    0.000   0.000   0.000   0.000   0.000   0.000
128      0.000   0.000   0.000    0.000   0.000   0.000   0.000   0.000   0.000
129      0.000   0.000   0.000    0.000   0.000   0.000   0.000   0.000   0.000
130      0.000   0.000   0.000    0.000   0.000   0.000   0.000   0.000   0.000
131      0.000   0.000   0.000    0.000   0.000   0.000   0.000   0.000   0.000
132      0.000   0.000   0.000    0.000   0.000   0.000   0.000   0.000   0.000
133      0.000   0.000   0.000    0.000   0.000   0.000   0.000   0.000   0.000
134      0.000   0.000   0.000    0.000   0.000   0.000   0.000   0.000   0.000
135      0.000   0.000   0.000    0.000   0.000   0.000   0.000   0.000   0.000
136      0.000   0.000   0.000    0.000   0.000   0.000   0.000   0.000   0.000
137      0.000   0.000   0.000    0.000   0.000   0.000   0.000   0.000   0.000
138      0.000   0.000   0.000    0.000   0.000   0.000   0.000   0.000   0.000
139      0.000   0.000   0.000    0.000   0.000   0.000   0.000   0.000   0.000
140      0.000   0.000   0.000    0.000   0.000   0.000   0.000   0.000   0.000
141      0.000   0.000   0.000    0.000   0.000   0.000   0.000   0.000   0.000
142      0.000   0.000   0.000    0.000   0.000   0.000   0.000   0.000   0.000
143      0.000   0.000   0.000    0.000   0.000   0.000   0.000   0.000   0.000
144      0.000   0.000   0.000    0.000   0.000   0.000   0.000   0.000   0.000
145      0.000   0.000   0.000    0.000   0.000   0.000   0.000   0.000   0.000
146      0.000   0.000   0.000    0.000   0.000   0.000   0.000   0.000   0.000
147      0.000   0.000   0.000    0.000   0.000   0.000   0.000   0.000   0.000
148      0.000   0.000   0.000    0.000   0.000   0.000   0.000   0.000   0.000
149      0.000   0.000   0.000    0.000   0.000   0.000   0.000   0.000   0.000
150      0.000   0.000   0.000    0.000   0.000   0.000   0.000   0.000   0.000
Sum      0.000   1.000  17.163 1041.307 377.144 124.841  34.833  37.115  64.998
mW       0.000   0.308   0.583    0.724   1.003   1.306   1.519   1.501   1.503
mL       0.000  31.000  38.812   41.740  47.000  51.678  54.500  54.235  54.371
pA       0.000   0.001   0.009    0.563   0.204   0.068   0.019   0.020   0.035
tot.mW 946.320 946.320 946.320  946.320 946.320 946.320 946.320 946.320 946.320
tot.mL  45.476  45.476  45.476   45.476  45.476  45.476  45.476  45.476  45.476
             9      10      11      12      13      14      15    Matad
1        0.000   0.000   0.000   0.000   0.000   0.000   0.000    0.000
2        0.000   0.000   0.000   0.000   0.000   0.000   0.000    0.000
3        0.000   0.000   0.000   0.000   0.000   0.000   0.000    0.000
4        0.000   0.000   0.000   0.000   0.000   0.000   0.000    0.000
5        0.000   0.000   0.000   0.000   0.000   0.000   0.000    0.000
6        0.000   0.000   0.000   0.000   0.000   0.000   0.000    0.000
7        0.000   0.000   0.000   0.000   0.000   0.000   0.000    0.000
8        0.000   0.000   0.000   0.000   0.000   0.000   0.000    0.000
9        0.000   0.000   0.000   0.000   0.000   0.000   0.000    0.000
10       0.000   0.000   0.000   0.000   0.000   0.000   0.000    0.000
11       0.000   0.000   0.000   0.000   0.000   0.000   0.000    0.000
12       0.000   0.000   0.000   0.000   0.000   0.000   0.000    0.000
13       0.000   0.000   0.000   0.000   0.000   0.000   0.000    0.000
14       0.000   0.000   0.000   0.000   0.000   0.000   0.000    0.000
15       0.000   0.000   0.000   0.000   0.000   0.000   0.000    0.000
16       0.000   0.000   0.000   0.000   0.000   0.000   0.000    0.000
17       0.000   0.000   0.000   0.000   0.000   0.000   0.000    0.000
18       0.000   0.000   0.000   0.000   0.000   0.000   0.000    0.000
19       0.000   0.000   0.000   0.000   0.000   0.000   0.000    0.000
20       0.000   0.000   0.000   0.000   0.000   0.000   0.000    0.000
21       0.000   0.000   0.000   0.000   0.000   0.000   0.000    0.000
22       0.000   0.000   0.000   0.000   0.000   0.000   0.000    0.000
23       0.000   0.000   0.000   0.000   0.000   0.000   0.000    0.000
24       0.000   0.000   0.000   0.000   0.000   0.000   0.000    0.000
25       0.000   0.000   0.000   0.000   0.000   0.000   0.000    0.000
26       0.000   0.000   0.000   0.000   0.000   0.000   0.000    0.000
27       0.000   0.000   0.000   0.000   0.000   0.000   0.000    0.000
28       0.000   0.000   0.000   0.000   0.000   0.000   0.000    0.000
29       0.000   0.000   0.000   0.000   0.000   0.000   0.000    0.000
30       0.000   0.000   0.000   0.000   0.000   0.000   0.000    0.000
31       0.000   0.000   0.000   0.000   0.000   0.000   0.000    1.000
32       0.000   0.000   0.000   0.000   0.000   0.000   0.000    1.000
33       0.000   0.000   0.000   0.000   0.000   0.000   0.000    2.000
34       0.000   0.000   0.000   0.000   0.000   0.000   0.000   10.000
35       0.000   0.000   0.000   0.000   0.000   0.000   0.000   31.000
36       0.000   0.000   0.000   0.000   0.000   0.000   0.000   58.000
37       0.000   0.000   0.000   0.000   0.000   0.000   0.000   75.000
38       0.000   0.000   0.000   0.000   0.000   0.000   0.000   85.000
39       0.000   0.000   0.000   0.000   0.000   0.000   0.000   73.000
40       0.000   0.000   0.000   0.000   0.000   0.000   0.000   76.000
41       0.000   0.000   0.000   0.000   0.000   0.000   0.000   92.000
42       0.000   0.000   0.000   0.000   0.000   0.000   0.000  126.000
43       0.000   0.000   0.000   0.000   0.000   0.000   0.000  121.000
44       0.000   0.000   0.000   0.000   0.000   0.000   0.000  160.000
45       0.000   0.000   0.000   0.000   0.000   0.000   0.000  126.000
46       5.269   0.000   0.000   0.000   0.000   0.000   0.000  137.000
47       0.000   0.000   0.000   0.000   0.000   0.000   0.000   98.000
48       4.778   0.000   0.000   0.000   0.000   0.000   0.000   86.000
49       5.385   0.000   0.000   0.000   0.000   0.000   0.000   70.000
50       0.000  11.500   0.000   0.000   0.000   0.000   0.000   69.000
51       8.462   8.462   0.000   0.000   0.000   0.000   0.000   55.000
52      12.600   4.200   0.000   0.000   0.000   0.000   0.000   42.000
53      11.500   0.000   0.000   0.000   0.000   0.000   0.000   46.000
54       8.000   0.000   0.000   0.000   0.000   0.000   0.000   52.000
55       0.000   4.222   4.222   0.000   0.000   0.000   0.000   38.000
56       7.000   0.000   0.000   0.000   0.000   0.000   0.000   28.000
57       0.000   4.750   0.000   0.000   0.000   0.000   0.000   19.000
58       0.000   7.667   0.000   0.000   0.000   0.000   0.000   23.000
59       0.000   5.333   0.000   0.000   0.000   0.000   0.000   16.000
60       6.000   6.000   0.000   0.000   0.000   0.000   0.000   18.000
61       3.500   1.750   0.000   0.000   0.000   0.000   0.000    7.000
62       0.000   0.000   0.000   0.000   0.000   0.000   0.000    6.000
63       4.000   4.000   0.000   0.000   0.000   0.000   0.000    8.000
64       1.333   1.333   0.000   1.333   0.000   0.000   0.000    4.000
65       0.000   0.000   1.000   0.000   0.000   0.000   0.000    2.000
66       4.000   0.000   0.000   0.000   0.000   0.000   0.000    4.000
67       1.000   0.000   0.000   0.000   0.000   0.000   0.000    1.000
68       0.000   1.000   0.000   0.000   0.000   0.000   0.000    1.000
69       0.000   0.000   0.000   0.000   0.000   0.000   0.000    0.000
70       0.000   0.000   0.000   0.000   0.000   0.000   0.000    0.000
71       0.000   0.000   0.000   0.000   0.000   0.000   0.000    0.000
72       0.000   0.000   0.000   0.000   0.000   0.000   0.000    0.000
73       0.000   0.000   0.000   0.000   0.000   0.000   0.000    0.000
74       0.000   0.000   0.000   0.000   0.000   0.000   0.000    0.000
75       0.000   0.000   0.000   0.000   0.000   0.000   0.000    0.000
76       0.000   0.000   0.000   0.000   0.000   0.000   0.000    0.000
77       0.000   0.000   0.000   0.000   0.000   0.000   0.000    0.000
78       0.000   0.000   0.000   0.000   0.000   0.000   0.000    0.000
79       0.000   0.000   0.000   0.000   0.000   0.000   0.000    0.000
80       0.000   0.000   0.000   0.000   0.000   0.000   0.000    0.000
81       0.000   0.000   0.000   0.000   0.000   0.000   0.000    0.000
82       0.000   0.000   0.000   0.000   0.000   0.000   0.000    0.000
83       0.000   0.000   0.000   0.000   0.000   0.000   0.000    0.000
84       0.000   0.000   0.000   0.000   0.000   0.000   0.000    0.000
85       0.000   0.000   0.000   0.000   0.000   0.000   0.000    0.000
86       0.000   0.000   0.000   0.000   0.000   0.000   0.000    0.000
87       0.000   0.000   0.000   0.000   0.000   0.000   0.000    0.000
88       0.000   0.000   0.000   0.000   0.000   0.000   0.000    0.000
89       0.000   0.000   0.000   0.000   0.000   0.000   0.000    0.000
90       0.000   0.000   0.000   0.000   0.000   0.000   0.000    0.000
91       0.000   0.000   0.000   0.000   0.000   0.000   0.000    0.000
92       0.000   0.000   0.000   0.000   0.000   0.000   0.000    0.000
93       0.000   0.000   0.000   0.000   0.000   0.000   0.000    0.000
94       0.000   0.000   0.000   0.000   0.000   0.000   0.000    0.000
95       0.000   0.000   0.000   0.000   0.000   0.000   0.000    0.000
96       0.000   0.000   0.000   0.000   0.000   0.000   0.000    0.000
97       0.000   0.000   0.000   0.000   0.000   0.000   0.000    0.000
98       0.000   0.000   0.000   0.000   0.000   0.000   0.000    0.000
99       0.000   0.000   0.000   0.000   0.000   0.000   0.000    0.000
100      0.000   0.000   0.000   0.000   0.000   0.000   0.000    0.000
101      0.000   0.000   0.000   0.000   0.000   0.000   0.000    0.000
102      0.000   0.000   0.000   0.000   0.000   0.000   0.000    0.000
103      0.000   0.000   0.000   0.000   0.000   0.000   0.000    0.000
104      0.000   0.000   0.000   0.000   0.000   0.000   0.000    0.000
105      0.000   0.000   0.000   0.000   0.000   0.000   0.000    0.000
106      0.000   0.000   0.000   0.000   0.000   0.000   0.000    0.000
107      0.000   0.000   0.000   0.000   0.000   0.000   0.000    0.000
108      0.000   0.000   0.000   0.000   0.000   0.000   0.000    0.000
109      0.000   0.000   0.000   0.000   0.000   0.000   0.000    0.000
110      0.000   0.000   0.000   0.000   0.000   0.000   0.000    0.000
111      0.000   0.000   0.000   0.000   0.000   0.000   0.000    0.000
112      0.000   0.000   0.000   0.000   0.000   0.000   0.000    0.000
113      0.000   0.000   0.000   0.000   0.000   0.000   0.000    0.000
114      0.000   0.000   0.000   0.000   0.000   0.000   0.000    0.000
115      0.000   0.000   0.000   0.000   0.000   0.000   0.000    0.000
116      0.000   0.000   0.000   0.000   0.000   0.000   0.000    0.000
117      0.000   0.000   0.000   0.000   0.000   0.000   0.000    0.000
118      0.000   0.000   0.000   0.000   0.000   0.000   0.000    0.000
119      0.000   0.000   0.000   0.000   0.000   0.000   0.000    0.000
120      0.000   0.000   0.000   0.000   0.000   0.000   0.000    0.000
121      0.000   0.000   0.000   0.000   0.000   0.000   0.000    0.000
122      0.000   0.000   0.000   0.000   0.000   0.000   0.000    0.000
123      0.000   0.000   0.000   0.000   0.000   0.000   0.000    0.000
124      0.000   0.000   0.000   0.000   0.000   0.000   0.000    0.000
125      0.000   0.000   0.000   0.000   0.000   0.000   0.000    0.000
126      0.000   0.000   0.000   0.000   0.000   0.000   0.000    0.000
127      0.000   0.000   0.000   0.000   0.000   0.000   0.000    0.000
128      0.000   0.000   0.000   0.000   0.000   0.000   0.000    0.000
129      0.000   0.000   0.000   0.000   0.000   0.000   0.000    0.000
130      0.000   0.000   0.000   0.000   0.000   0.000   0.000    0.000
131      0.000   0.000   0.000   0.000   0.000   0.000   0.000    0.000
132      0.000   0.000   0.000   0.000   0.000   0.000   0.000    0.000
133      0.000   0.000   0.000   0.000   0.000   0.000   0.000    0.000
134      0.000   0.000   0.000   0.000   0.000   0.000   0.000    0.000
135      0.000   0.000   0.000   0.000   0.000   0.000   0.000    0.000
136      0.000   0.000   0.000   0.000   0.000   0.000   0.000    0.000
137      0.000   0.000   0.000   0.000   0.000   0.000   0.000    0.000
138      0.000   0.000   0.000   0.000   0.000   0.000   0.000    0.000
139      0.000   0.000   0.000   0.000   0.000   0.000   0.000    0.000
140      0.000   0.000   0.000   0.000   0.000   0.000   0.000    0.000
141      0.000   0.000   0.000   0.000   0.000   0.000   0.000    0.000
142      0.000   0.000   0.000   0.000   0.000   0.000   0.000    0.000
143      0.000   0.000   0.000   0.000   0.000   0.000   0.000    0.000
144      0.000   0.000   0.000   0.000   0.000   0.000   0.000    0.000
145      0.000   0.000   0.000   0.000   0.000   0.000   0.000    0.000
146      0.000   0.000   0.000   0.000   0.000   0.000   0.000    0.000
147      0.000   0.000   0.000   0.000   0.000   0.000   0.000    0.000
148      0.000   0.000   0.000   0.000   0.000   0.000   0.000    0.000
149      0.000   0.000   0.000   0.000   0.000   0.000   0.000    0.000
150      0.000   0.000   0.000   0.000   0.000   0.000   0.000    0.000
Sum     82.826  60.217   5.222   1.333   0.000   0.000   0.000 1867.000
mW       1.524   1.632   1.717   2.356   0.000   0.000   0.000    0.000
mL      54.380  55.714  57.000  64.000   0.000   0.000   0.000    0.000
pA       0.045   0.033   0.003   0.001   0.000   0.000   0.000    0.000
tot.mW 946.320 946.320 946.320 946.320 946.320 946.320 946.320  946.320
tot.mL  45.476  45.476  45.476  45.476  45.476  45.476  45.476   45.476
            Sum
1         0.000
2         0.000
3         0.000
4         0.000
5         0.000
6         0.000
7         0.000
8         0.000
9         0.000
10        0.000
11        0.000
12        0.000
13        0.000
14        0.000
15        0.000
16        0.000
17        0.000
18        0.000
19        0.000
20        0.000
21        0.000
22        0.000
23        0.000
24        0.000
25        0.000
26        0.000
27        0.000
28        0.000
29        0.000
30        0.000
31        1.000
32        0.000
33        0.000
34        0.000
35       31.000
36       58.000
37       75.000
38       85.000
39       73.000
40       76.000
41       92.000
42      126.000
43      121.000
44      160.000
45      126.000
46      137.000
47       98.000
48       86.000
49       70.000
50       69.000
51       55.000
52       42.000
53       46.000
54       52.000
55       38.000
56       28.000
57       19.000
58       23.000
59       16.000
60       18.000
61        7.000
62        0.000
63        8.000
64        4.000
65        2.000
66        4.000
67        1.000
68        1.000
69        0.000
70        0.000
71        0.000
72        0.000
73        0.000
74        0.000
75        0.000
76        0.000
77        0.000
78        0.000
79        0.000
80        0.000
81        0.000
82        0.000
83        0.000
84        0.000
85        0.000
86        0.000
87        0.000
88        0.000
89        0.000
90        0.000
91        0.000
92        0.000
93        0.000
94        0.000
95        0.000
96        0.000
97        0.000
98        0.000
99        0.000
100       0.000
101       0.000
102       0.000
103       0.000
104       0.000
105       0.000
106       0.000
107       0.000
108       0.000
109       0.000
110       0.000
111       0.000
112       0.000
113       0.000
114       0.000
115       0.000
116       0.000
117       0.000
118       0.000
119       0.000
120       0.000
121       0.000
122       0.000
123       0.000
124       0.000
125       0.000
126       0.000
127       0.000
128       0.000
129       0.000
130       0.000
131       0.000
132       0.000
133       0.000
134       0.000
135       0.000
136       0.000
137       0.000
138       0.000
139       0.000
140       0.000
141       0.000
142       0.000
143       0.000
144       0.000
145       0.000
146       0.000
147       0.000
148       0.000
149       0.000
150       0.000
Sum    1848.000
mW        0.000
mL        0.000
pA        0.000
tot.mW  946.320
tot.mL   45.476

$ALD.j
             0       1       2        3       4       5       6       7       8
1        0.000   0.000   0.000    0.000   0.000   0.000   0.000   0.000   0.000
2        0.000   0.000   0.000    0.000   0.000   0.000   0.000   0.000   0.000
3        0.000   0.000   0.000    0.000   0.000   0.000   0.000   0.000   0.000
4        0.000   0.000   0.000    0.000   0.000   0.000   0.000   0.000   0.000
5        0.000   0.000   0.000    0.000   0.000   0.000   0.000   0.000   0.000
6        0.000   0.000   0.000    0.000   0.000   0.000   0.000   0.000   0.000
7        0.000   0.000   0.000    0.000   0.000   0.000   0.000   0.000   0.000
8        0.000   0.000   0.000    0.000   0.000   0.000   0.000   0.000   0.000
9        0.000   0.000   0.000    0.000   0.000   0.000   0.000   0.000   0.000
10       0.000   0.000   0.000    0.000   0.000   0.000   0.000   0.000   0.000
11       0.000   0.000   0.000    0.000   0.000   0.000   0.000   0.000   0.000
12       0.000   0.000   0.000    0.000   0.000   0.000   0.000   0.000   0.000
13       0.000   0.000   0.000    0.000   0.000   0.000   0.000   0.000   0.000
14       0.000   0.000   0.000    0.000   0.000   0.000   0.000   0.000   0.000
15       0.000   0.000   0.000    0.000   0.000   0.000   0.000   0.000   0.000
16       0.000   0.000   0.000    0.000   0.000   0.000   0.000   0.000   0.000
17       0.000   0.000   0.000    0.000   0.000   0.000   0.000   0.000   0.000
18       0.000   0.000   0.000    0.000   0.000   0.000   0.000   0.000   0.000
19       0.000   0.000   0.000    0.000   0.000   0.000   0.000   0.000   0.000
20       0.000   0.000   0.000    0.000   0.000   0.000   0.000   0.000   0.000
21       0.000   0.000   0.000    0.000   0.000   0.000   0.000   0.000   0.000
22       0.000   0.000   0.000    0.000   0.000   0.000   0.000   0.000   0.000
23       0.000   0.000   0.000    0.000   0.000   0.000   0.000   0.000   0.000
24       0.000   0.000   0.000    0.000   0.000   0.000   0.000   0.000   0.000
25       0.000   0.000   0.000    0.000   0.000   0.000   0.000   0.000   0.000
26       0.000   0.000   0.000    0.000   0.000   0.000   0.000   0.000   0.000
27       0.000   0.000   0.000    0.000   0.000   0.000   0.000   0.000   0.000
28       0.000   0.000   0.000    0.000   0.000   0.000   0.000   0.000   0.000
29       0.000   0.000   0.000    0.000   0.000   0.000   0.000   0.000   0.000
30       0.000   0.000   0.000    0.000   0.000   0.000   0.000   0.000   0.000
31       0.000   0.912   0.000    0.087   0.000   0.000   0.000   0.000   0.000
32       0.000   0.000   0.000    0.993   0.003   0.000   0.000   0.000   0.000
33       0.000   0.000   0.003    1.983   0.008   0.000   0.000   0.000   0.000
34       0.000   0.000   0.058    9.858   0.057   0.000   0.000   0.000   0.000
35       0.000   0.000   0.538   30.138   0.249   0.000   0.000   0.000   0.000
36       0.000   0.000   2.122   55.088   0.660   0.001   0.000   0.001   0.001
37       0.000   0.000   4.115   69.502   1.214   0.002   0.000   0.001   0.001
38       0.000   0.000   5.042   77.756   1.993   0.005   0.001   0.002   0.002
39       0.000   0.000   3.384   66.870   2.532   0.010   0.001   0.004   0.004
40       0.000   0.000   1.964   69.814   3.929   0.025   0.003   0.007   0.007
41       0.000   0.000   0.931   83.533   7.035   0.067   0.007   0.016   0.016
42       0.000   0.000   0.348  110.585  14.024   0.204   0.022   0.044   0.043
43       0.000   0.000   0.063  100.077  19.237   0.427   0.045   0.082   0.082
44       0.000   0.000   0.011  120.888  35.452   1.200   0.126   0.211   0.215
45       0.000   0.000   0.001   83.415  37.564   1.939   0.207   0.320   0.333
46       0.000   0.000   0.000   75.150  52.304   4.118   0.456   0.654   0.698
47       0.000   0.000   0.000   41.465  44.895   5.391   0.628   0.841   0.926
48       0.000   0.000   0.000   25.749  43.651   7.992   0.999   1.255   1.431
49       0.000   0.000   0.000   13.456  35.949  10.036   1.368   1.623   1.928
50       0.000   0.000   0.000    7.681  32.550  13.853   2.098   2.361   2.936
51       0.000   0.000   0.000    3.196  21.626  14.031   2.402   2.580   3.375
52       0.000   0.000   0.000    1.154  12.542  12.403   2.444   2.517   3.483
53       0.000   0.000   0.000    0.545   9.575  14.432   3.330   3.309   4.867
54       0.000   0.000   0.000    0.244   6.981  16.035   4.412   4.251   6.679
55       0.000   0.000   0.000    0.065   3.066  10.731   3.583   3.366   5.680
56       0.000   0.000   0.000    0.016   1.271   6.778   2.796   2.575   4.689
57       0.000   0.000   0.000    0.004   0.455   3.699   1.919   1.741   3.440
58       0.000   0.000   0.000    0.001   0.273   3.377   2.242   2.016   4.342
59       0.000   0.000   0.000    0.000   0.088   1.659   1.435   1.286   3.035
60       0.000   0.000   0.000    0.000   0.043   1.232   1.413   1.269   3.298
61       0.000   0.000   0.000    0.000   0.007   0.295   0.457   0.413   1.189
62       0.000   0.000   0.000    0.000   0.002   0.145   0.309   0.283   0.906
63       0.000   0.000   0.000    0.000   0.001   0.104   0.309   0.288   1.030
64       0.000   0.000   0.000    0.000   0.000   0.015   0.062   0.059   0.238
65       0.000   0.000   0.000    0.000   0.000   0.006   0.037   0.036   0.165
66       0.000   0.000   0.000    0.000   0.000   0.005   0.047   0.048   0.247
67       0.000   0.000   0.000    0.000   0.000   0.001   0.007   0.008   0.045
68       0.000   0.000   0.000    0.000   0.000   0.000   0.004   0.005   0.031
69       0.000   0.000   0.000    0.000   0.000   0.000   0.000   0.000   0.000
70       0.000   0.000   0.000    0.000   0.000   0.000   0.000   0.000   0.000
71       0.000   0.000   0.000    0.000   0.000   0.000   0.000   0.000   0.000
72       0.000   0.000   0.000    0.000   0.000   0.000   0.000   0.000   0.000
73       0.000   0.000   0.000    0.000   0.000   0.000   0.000   0.000   0.000
74       0.000   0.000   0.000    0.000   0.000   0.000   0.000   0.000   0.000
75       0.000   0.000   0.000    0.000   0.000   0.000   0.000   0.000   0.000
76       0.000   0.000   0.000    0.000   0.000   0.000   0.000   0.000   0.000
77       0.000   0.000   0.000    0.000   0.000   0.000   0.000   0.000   0.000
78       0.000   0.000   0.000    0.000   0.000   0.000   0.000   0.000   0.000
79       0.000   0.000   0.000    0.000   0.000   0.000   0.000   0.000   0.000
80       0.000   0.000   0.000    0.000   0.000   0.000   0.000   0.000   0.000
81       0.000   0.000   0.000    0.000   0.000   0.000   0.000   0.000   0.000
82       0.000   0.000   0.000    0.000   0.000   0.000   0.000   0.000   0.000
83       0.000   0.000   0.000    0.000   0.000   0.000   0.000   0.000   0.000
84       0.000   0.000   0.000    0.000   0.000   0.000   0.000   0.000   0.000
85       0.000   0.000   0.000    0.000   0.000   0.000   0.000   0.000   0.000
86       0.000   0.000   0.000    0.000   0.000   0.000   0.000   0.000   0.000
87       0.000   0.000   0.000    0.000   0.000   0.000   0.000   0.000   0.000
88       0.000   0.000   0.000    0.000   0.000   0.000   0.000   0.000   0.000
89       0.000   0.000   0.000    0.000   0.000   0.000   0.000   0.000   0.000
90       0.000   0.000   0.000    0.000   0.000   0.000   0.000   0.000   0.000
91       0.000   0.000   0.000    0.000   0.000   0.000   0.000   0.000   0.000
92       0.000   0.000   0.000    0.000   0.000   0.000   0.000   0.000   0.000
93       0.000   0.000   0.000    0.000   0.000   0.000   0.000   0.000   0.000
94       0.000   0.000   0.000    0.000   0.000   0.000   0.000   0.000   0.000
95       0.000   0.000   0.000    0.000   0.000   0.000   0.000   0.000   0.000
96       0.000   0.000   0.000    0.000   0.000   0.000   0.000   0.000   0.000
97       0.000   0.000   0.000    0.000   0.000   0.000   0.000   0.000   0.000
98       0.000   0.000   0.000    0.000   0.000   0.000   0.000   0.000   0.000
99       0.000   0.000   0.000    0.000   0.000   0.000   0.000   0.000   0.000
100      0.000   0.000   0.000    0.000   0.000   0.000   0.000   0.000   0.000
101      0.000   0.000   0.000    0.000   0.000   0.000   0.000   0.000   0.000
102      0.000   0.000   0.000    0.000   0.000   0.000   0.000   0.000   0.000
103      0.000   0.000   0.000    0.000   0.000   0.000   0.000   0.000   0.000
104      0.000   0.000   0.000    0.000   0.000   0.000   0.000   0.000   0.000
105      0.000   0.000   0.000    0.000   0.000   0.000   0.000   0.000   0.000
106      0.000   0.000   0.000    0.000   0.000   0.000   0.000   0.000   0.000
107      0.000   0.000   0.000    0.000   0.000   0.000   0.000   0.000   0.000
108      0.000   0.000   0.000    0.000   0.000   0.000   0.000   0.000   0.000
109      0.000   0.000   0.000    0.000   0.000   0.000   0.000   0.000   0.000
110      0.000   0.000   0.000    0.000   0.000   0.000   0.000   0.000   0.000
111      0.000   0.000   0.000    0.000   0.000   0.000   0.000   0.000   0.000
112      0.000   0.000   0.000    0.000   0.000   0.000   0.000   0.000   0.000
113      0.000   0.000   0.000    0.000   0.000   0.000   0.000   0.000   0.000
114      0.000   0.000   0.000    0.000   0.000   0.000   0.000   0.000   0.000
115      0.000   0.000   0.000    0.000   0.000   0.000   0.000   0.000   0.000
116      0.000   0.000   0.000    0.000   0.000   0.000   0.000   0.000   0.000
117      0.000   0.000   0.000    0.000   0.000   0.000   0.000   0.000   0.000
118      0.000   0.000   0.000    0.000   0.000   0.000   0.000   0.000   0.000
119      0.000   0.000   0.000    0.000   0.000   0.000   0.000   0.000   0.000
120      0.000   0.000   0.000    0.000   0.000   0.000   0.000   0.000   0.000
121      0.000   0.000   0.000    0.000   0.000   0.000   0.000   0.000   0.000
122      0.000   0.000   0.000    0.000   0.000   0.000   0.000   0.000   0.000
123      0.000   0.000   0.000    0.000   0.000   0.000   0.000   0.000   0.000
124      0.000   0.000   0.000    0.000   0.000   0.000   0.000   0.000   0.000
125      0.000   0.000   0.000    0.000   0.000   0.000   0.000   0.000   0.000
126      0.000   0.000   0.000    0.000   0.000   0.000   0.000   0.000   0.000
127      0.000   0.000   0.000    0.000   0.000   0.000   0.000   0.000   0.000
128      0.000   0.000   0.000    0.000   0.000   0.000   0.000   0.000   0.000
129      0.000   0.000   0.000    0.000   0.000   0.000   0.000   0.000   0.000
130      0.000   0.000   0.000    0.000   0.000   0.000   0.000   0.000   0.000
131      0.000   0.000   0.000    0.000   0.000   0.000   0.000   0.000   0.000
132      0.000   0.000   0.000    0.000   0.000   0.000   0.000   0.000   0.000
133      0.000   0.000   0.000    0.000   0.000   0.000   0.000   0.000   0.000
134      0.000   0.000   0.000    0.000   0.000   0.000   0.000   0.000   0.000
135      0.000   0.000   0.000    0.000   0.000   0.000   0.000   0.000   0.000
136      0.000   0.000   0.000    0.000   0.000   0.000   0.000   0.000   0.000
137      0.000   0.000   0.000    0.000   0.000   0.000   0.000   0.000   0.000
138      0.000   0.000   0.000    0.000   0.000   0.000   0.000   0.000   0.000
139      0.000   0.000   0.000    0.000   0.000   0.000   0.000   0.000   0.000
140      0.000   0.000   0.000    0.000   0.000   0.000   0.000   0.000   0.000
141      0.000   0.000   0.000    0.000   0.000   0.000   0.000   0.000   0.000
142      0.000   0.000   0.000    0.000   0.000   0.000   0.000   0.000   0.000
143      0.000   0.000   0.000    0.000   0.000   0.000   0.000   0.000   0.000
144      0.000   0.000   0.000    0.000   0.000   0.000   0.000   0.000   0.000
145      0.000   0.000   0.000    0.000   0.000   0.000   0.000   0.000   0.000
146      0.000   0.000   0.000    0.000   0.000   0.000   0.000   0.000   0.000
147      0.000   0.000   0.000    0.000   0.000   0.000   0.000   0.000   0.000
148      0.000   0.000   0.000    0.000   0.000   0.000   0.000   0.000   0.000
149      0.000   0.000   0.000    0.000   0.000   0.000   0.000   0.000   0.000
150      0.000   0.000   0.000    0.000   0.000   0.000   0.000   0.000   0.000
Sum      0.000   0.912  18.579 1049.315 389.237 130.219  33.172  33.472  55.362
mW       0.000   0.308   0.552    0.725   1.004   1.323   1.484   1.452   1.540
mL       0.000     NaN  37.800   41.744  47.019  51.884  54.125  53.880  55.114
pA       0.000   0.000   0.010    0.562   0.208   0.070   0.018   0.018   0.030
tot.mW 946.331 946.331 946.331  946.331 946.331 946.331 946.331 946.331 946.331
tot.mL  45.447  45.447  45.447   45.447  45.447  45.447  45.447  45.447  45.447
             9      10      11      12      13      14      15    Matad
1        0.000   0.000   0.000   0.000   0.000   0.000   0.000    0.000
2        0.000   0.000   0.000   0.000   0.000   0.000   0.000    0.000
3        0.000   0.000   0.000   0.000   0.000   0.000   0.000    0.000
4        0.000   0.000   0.000   0.000   0.000   0.000   0.000    0.000
5        0.000   0.000   0.000   0.000   0.000   0.000   0.000    0.000
6        0.000   0.000   0.000   0.000   0.000   0.000   0.000    0.000
7        0.000   0.000   0.000   0.000   0.000   0.000   0.000    0.000
8        0.000   0.000   0.000   0.000   0.000   0.000   0.000    0.000
9        0.000   0.000   0.000   0.000   0.000   0.000   0.000    0.000
10       0.000   0.000   0.000   0.000   0.000   0.000   0.000    0.000
11       0.000   0.000   0.000   0.000   0.000   0.000   0.000    0.000
12       0.000   0.000   0.000   0.000   0.000   0.000   0.000    0.000
13       0.000   0.000   0.000   0.000   0.000   0.000   0.000    0.000
14       0.000   0.000   0.000   0.000   0.000   0.000   0.000    0.000
15       0.000   0.000   0.000   0.000   0.000   0.000   0.000    0.000
16       0.000   0.000   0.000   0.000   0.000   0.000   0.000    0.000
17       0.000   0.000   0.000   0.000   0.000   0.000   0.000    0.000
18       0.000   0.000   0.000   0.000   0.000   0.000   0.000    0.000
19       0.000   0.000   0.000   0.000   0.000   0.000   0.000    0.000
20       0.000   0.000   0.000   0.000   0.000   0.000   0.000    0.000
21       0.000   0.000   0.000   0.000   0.000   0.000   0.000    0.000
22       0.000   0.000   0.000   0.000   0.000   0.000   0.000    0.000
23       0.000   0.000   0.000   0.000   0.000   0.000   0.000    0.000
24       0.000   0.000   0.000   0.000   0.000   0.000   0.000    0.000
25       0.000   0.000   0.000   0.000   0.000   0.000   0.000    0.000
26       0.000   0.000   0.000   0.000   0.000   0.000   0.000    0.000
27       0.000   0.000   0.000   0.000   0.000   0.000   0.000    0.000
28       0.000   0.000   0.000   0.000   0.000   0.000   0.000    0.000
29       0.000   0.000   0.000   0.000   0.000   0.000   0.000    0.000
30       0.000   0.000   0.000   0.000   0.000   0.000   0.000    0.000
31       0.000   0.000   0.000   0.000   0.000   0.000   0.000    1.000
32       0.004   0.000   0.000   0.000   0.000   0.000   0.000    1.000
33       0.006   0.001   0.000   0.000   0.000   0.000   0.000    2.000
34       0.024   0.003   0.001   0.000   0.000   0.000   0.000   10.000
35       0.063   0.008   0.003   0.000   0.000   0.000   0.000   31.000
36       0.108   0.016   0.004   0.000   0.000   0.000   0.000   58.000
37       0.136   0.022   0.005   0.000   0.000   0.000   0.000   75.000
38       0.162   0.030   0.006   0.000   0.000   0.000   0.000   85.000
39       0.157   0.032   0.006   0.000   0.000   0.000   0.000   73.000
40       0.198   0.045   0.008   0.000   0.000   0.000   0.000   76.000
41       0.305   0.078   0.012   0.000   0.000   0.000   0.000   92.000
42       0.553   0.156   0.021   0.000   0.000   0.000   0.000  126.000
43       0.732   0.226   0.028   0.000   0.000   0.000   0.000  121.000
44       1.376   0.466   0.054   0.000   0.000   0.000   0.000  160.000
45       1.575   0.582   0.063   0.000   0.000   0.000   0.000  126.000
46       2.509   1.008   0.104   0.000   0.000   0.000   0.000  137.000
47       2.608   1.134   0.111   0.000   0.000   0.000   0.000   98.000
48       3.253   1.525   0.144   0.000   0.000   0.000   0.000   86.000
49       3.638   1.832   0.169   0.000   0.000   0.000   0.000   70.000
50       4.737   2.551   0.232   0.000   0.000   0.000   0.000   69.000
51       4.793   2.750   0.248   0.000   0.000   0.000   0.000   55.000
52       4.482   2.728   0.247   0.000   0.000   0.000   0.000   42.000
53       5.841   3.757   0.345   0.000   0.000   0.000   0.000   46.000
54       7.698   5.211   0.489   0.000   0.000   0.000   0.000   52.000
55       6.471   4.592   0.446   0.000   0.000   0.000   0.000   38.000
56       5.438   4.028   0.408   0.000   0.000   0.000   0.000   28.000
57       4.179   3.220   0.344   0.000   0.000   0.000   0.000   19.000
58       5.691   4.541   0.516   0.000   0.000   0.000   0.000   23.000
59       4.417   3.635   0.445   0.000   0.000   0.000   0.000   16.000
60       5.488   4.640   0.616   0.000   0.000   0.000   0.000   18.000
61       2.329   2.015   0.294   0.000   0.000   0.000   0.000    7.000
62       2.151   1.897   0.306   0.000   0.000   0.000   0.000    6.000
63       3.048   2.728   0.493   0.000   0.000   0.000   0.000    8.000
64       0.904   0.818   0.167   1.737   0.000   0.000   0.000    4.000
65       0.827   0.754   0.175   0.000   0.000   0.000   0.000    2.000
66       1.692   1.546   0.415   0.000   0.000   0.000   0.000    4.000
67       0.428   0.390   0.122   0.000   0.000   0.000   0.000    1.000
68       0.428   0.389   0.143   0.000   0.000   0.000   0.000    1.000
69       0.000   0.000   0.000   0.000   0.000   0.000   0.000    0.000
70       0.000   0.000   0.000   0.000   0.000   0.000   0.000    0.000
71       0.000   0.000   0.000   0.000   0.000   0.000   0.000    0.000
72       0.000   0.000   0.000   0.000   0.000   0.000   0.000    0.000
73       0.000   0.000   0.000   0.000   0.000   0.000   0.000    0.000
74       0.000   0.000   0.000   0.000   0.000   0.000   0.000    0.000
75       0.000   0.000   0.000   0.000   0.000   0.000   0.000    0.000
76       0.000   0.000   0.000   0.000   0.000   0.000   0.000    0.000
77       0.000   0.000   0.000   0.000   0.000   0.000   0.000    0.000
78       0.000   0.000   0.000   0.000   0.000   0.000   0.000    0.000
79       0.000   0.000   0.000   0.000   0.000   0.000   0.000    0.000
80       0.000   0.000   0.000   0.000   0.000   0.000   0.000    0.000
81       0.000   0.000   0.000   0.000   0.000   0.000   0.000    0.000
82       0.000   0.000   0.000   0.000   0.000   0.000   0.000    0.000
83       0.000   0.000   0.000   0.000   0.000   0.000   0.000    0.000
84       0.000   0.000   0.000   0.000   0.000   0.000   0.000    0.000
85       0.000   0.000   0.000   0.000   0.000   0.000   0.000    0.000
86       0.000   0.000   0.000   0.000   0.000   0.000   0.000    0.000
87       0.000   0.000   0.000   0.000   0.000   0.000   0.000    0.000
88       0.000   0.000   0.000   0.000   0.000   0.000   0.000    0.000
89       0.000   0.000   0.000   0.000   0.000   0.000   0.000    0.000
90       0.000   0.000   0.000   0.000   0.000   0.000   0.000    0.000
91       0.000   0.000   0.000   0.000   0.000   0.000   0.000    0.000
92       0.000   0.000   0.000   0.000   0.000   0.000   0.000    0.000
93       0.000   0.000   0.000   0.000   0.000   0.000   0.000    0.000
94       0.000   0.000   0.000   0.000   0.000   0.000   0.000    0.000
95       0.000   0.000   0.000   0.000   0.000   0.000   0.000    0.000
96       0.000   0.000   0.000   0.000   0.000   0.000   0.000    0.000
97       0.000   0.000   0.000   0.000   0.000   0.000   0.000    0.000
98       0.000   0.000   0.000   0.000   0.000   0.000   0.000    0.000
99       0.000   0.000   0.000   0.000   0.000   0.000   0.000    0.000
100      0.000   0.000   0.000   0.000   0.000   0.000   0.000    0.000
101      0.000   0.000   0.000   0.000   0.000   0.000   0.000    0.000
102      0.000   0.000   0.000   0.000   0.000   0.000   0.000    0.000
103      0.000   0.000   0.000   0.000   0.000   0.000   0.000    0.000
104      0.000   0.000   0.000   0.000   0.000   0.000   0.000    0.000
105      0.000   0.000   0.000   0.000   0.000   0.000   0.000    0.000
106      0.000   0.000   0.000   0.000   0.000   0.000   0.000    0.000
107      0.000   0.000   0.000   0.000   0.000   0.000   0.000    0.000
108      0.000   0.000   0.000   0.000   0.000   0.000   0.000    0.000
109      0.000   0.000   0.000   0.000   0.000   0.000   0.000    0.000
110      0.000   0.000   0.000   0.000   0.000   0.000   0.000    0.000
111      0.000   0.000   0.000   0.000   0.000   0.000   0.000    0.000
112      0.000   0.000   0.000   0.000   0.000   0.000   0.000    0.000
113      0.000   0.000   0.000   0.000   0.000   0.000   0.000    0.000
114      0.000   0.000   0.000   0.000   0.000   0.000   0.000    0.000
115      0.000   0.000   0.000   0.000   0.000   0.000   0.000    0.000
116      0.000   0.000   0.000   0.000   0.000   0.000   0.000    0.000
117      0.000   0.000   0.000   0.000   0.000   0.000   0.000    0.000
118      0.000   0.000   0.000   0.000   0.000   0.000   0.000    0.000
119      0.000   0.000   0.000   0.000   0.000   0.000   0.000    0.000
120      0.000   0.000   0.000   0.000   0.000   0.000   0.000    0.000
121      0.000   0.000   0.000   0.000   0.000   0.000   0.000    0.000
122      0.000   0.000   0.000   0.000   0.000   0.000   0.000    0.000
123      0.000   0.000   0.000   0.000   0.000   0.000   0.000    0.000
124      0.000   0.000   0.000   0.000   0.000   0.000   0.000    0.000
125      0.000   0.000   0.000   0.000   0.000   0.000   0.000    0.000
126      0.000   0.000   0.000   0.000   0.000   0.000   0.000    0.000
127      0.000   0.000   0.000   0.000   0.000   0.000   0.000    0.000
128      0.000   0.000   0.000   0.000   0.000   0.000   0.000    0.000
129      0.000   0.000   0.000   0.000   0.000   0.000   0.000    0.000
130      0.000   0.000   0.000   0.000   0.000   0.000   0.000    0.000
131      0.000   0.000   0.000   0.000   0.000   0.000   0.000    0.000
132      0.000   0.000   0.000   0.000   0.000   0.000   0.000    0.000
133      0.000   0.000   0.000   0.000   0.000   0.000   0.000    0.000
134      0.000   0.000   0.000   0.000   0.000   0.000   0.000    0.000
135      0.000   0.000   0.000   0.000   0.000   0.000   0.000    0.000
136      0.000   0.000   0.000   0.000   0.000   0.000   0.000    0.000
137      0.000   0.000   0.000   0.000   0.000   0.000   0.000    0.000
138      0.000   0.000   0.000   0.000   0.000   0.000   0.000    0.000
139      0.000   0.000   0.000   0.000   0.000   0.000   0.000    0.000
140      0.000   0.000   0.000   0.000   0.000   0.000   0.000    0.000
141      0.000   0.000   0.000   0.000   0.000   0.000   0.000    0.000
142      0.000   0.000   0.000   0.000   0.000   0.000   0.000    0.000
143      0.000   0.000   0.000   0.000   0.000   0.000   0.000    0.000
144      0.000   0.000   0.000   0.000   0.000   0.000   0.000    0.000
145      0.000   0.000   0.000   0.000   0.000   0.000   0.000    0.000
146      0.000   0.000   0.000   0.000   0.000   0.000   0.000    0.000
147      0.000   0.000   0.000   0.000   0.000   0.000   0.000    0.000
148      0.000   0.000   0.000   0.000   0.000   0.000   0.000    0.000
149      0.000   0.000   0.000   0.000   0.000   0.000   0.000    0.000
150      0.000   0.000   0.000   0.000   0.000   0.000   0.000    0.000
Sum     88.451  59.354   7.191   1.737   0.000   0.000   0.000 1867.000
mW       1.534   1.639   1.767   2.356   0.000   0.000   0.000    0.000
mL      54.603  55.761     NaN  64.000   0.000   0.000   0.000    0.000
pA       0.047   0.032   0.004   0.001   0.000   0.000   0.000    0.000
tot.mW 946.331 946.331 946.331 946.331 946.331 946.331 946.331  946.331
tot.mL  45.447  45.447  45.447  45.447  45.447  45.447  45.447   45.447
            Sum
1         0.000
2         0.000
3         0.000
4         0.000
5         0.000
6         0.000
7         0.000
8         0.000
9         0.000
10        0.000
11        0.000
12        0.000
13        0.000
14        0.000
15        0.000
16        0.000
17        0.000
18        0.000
19        0.000
20        0.000
21        0.000
22        0.000
23        0.000
24        0.000
25        0.000
26        0.000
27        0.000
28        0.000
29        0.000
30        0.000
31        1.000
32        1.000
33        2.000
34       10.000
35       31.000
36       58.000
37       75.000
38       85.000
39       73.000
40       76.000
41       92.000
42      126.000
43      121.000
44      160.000
45      126.000
46      137.000
47       98.000
48       86.000
49       70.000
50       69.000
51       55.000
52       42.000
53       46.000
54       52.000
55       38.000
56       28.000
57       19.000
58       23.000
59       16.000
60       18.000
61        7.000
62        6.000
63        8.000
64        4.000
65        2.000
66        4.000
67        1.000
68        1.000
69        0.000
70        0.000
71        0.000
72        0.000
73        0.000
74        0.000
75        0.000
76        0.000
77        0.000
78        0.000
79        0.000
80        0.000
81        0.000
82        0.000
83        0.000
84        0.000
85        0.000
86        0.000
87        0.000
88        0.000
89        0.000
90        0.000
91        0.000
92        0.000
93        0.000
94        0.000
95        0.000
96        0.000
97        0.000
98        0.000
99        0.000
100       0.000
101       0.000
102       0.000
103       0.000
104       0.000
105       0.000
106       0.000
107       0.000
108       0.000
109       0.000
110       0.000
111       0.000
112       0.000
113       0.000
114       0.000
115       0.000
116       0.000
117       0.000
118       0.000
119       0.000
120       0.000
121       0.000
122       0.000
123       0.000
124       0.000
125       0.000
126       0.000
127       0.000
128       0.000
129       0.000
130       0.000
131       0.000
132       0.000
133       0.000
134       0.000
135       0.000
136       0.000
137       0.000
138       0.000
139       0.000
140       0.000
141       0.000
142       0.000
143       0.000
144       0.000
145       0.000
146       0.000
147       0.000
148       0.000
149       0.000
150       0.000
Sum    1867.000
mW        0.000
mL        0.000
pA        0.000
tot.mW  946.331
tot.mL   45.447


> resFun(tmp2,  .... [TRUNCATED] 

 >>>>>>>>>>>>>>>>>>>>>>>>>>>>>>>>>>>>>>>>>>>>>>>>>>>>>>>>>>>>>> 
 > Dato                :  Thu Jan 16 14:41:56 2014 
 > Slag                :  HY 
 > Ár                  :  2012 
 > Tiŵarskeiŵ          :  JAN-DEC 
 > Skipabólk/-ar       :  1 2 4 
 > Skipabólk/-ar (lán) :  0 
 > ICES-øki            :  VB1 
 <<<<<<<<<<<<<<<<<<<<<<<<<<<<<<<<<<<<<<<<<<<<<<<<<<<<<<<<<<<<<< 

$URSLITID
   aldur tal_matad tal_fiskad midal_longd midal_vekt roknad_veida
0      0         0          0        0.00      0.000            0
1      1         1        303       31.00      0.308           93
2      2        17       5201       38.81      0.583         3031
3      3      1041     315552       41.74      0.724       228581
4      4       377     114288       47.00      1.003       114637
5      5       125      37831       51.68      1.306        49395
6      6        35      10556       54.50      1.519        16034
7      7        37      11247       54.24      1.501        16878
8      8        65      19697       54.37      1.503        29606
9      9        83      25099       54.38      1.524        38240
10    10        60      18248       55.71      1.632        29783
11    11         5       1583       57.00      1.717         2716
12    12         1        404       64.00      2.356          952
13    13         0          0        0.00      0.000            0
14    14         0          0        0.00      0.000            0
15    15         0          0        0.00      0.000            0
17   Sum      1847     560009       45.48      0.946       529946

$URSLITID.j
   aldur tal_matad tal_fiskad midal_longd midal_vekt roknad_veida
0      0         0          0        0.00      0.000            0
1      1         1        274        0.00      0.308           84
2      2        19       5573       37.80      0.552         3075
3      3      1049     314739       41.74      0.725       228053
4      4       389     116751       47.02      1.004       117243
5      5       130      39059       51.88      1.323        51661
6      6        33       9950       54.12      1.484        14762
7      7        33      10040       53.88      1.452        14575
8      8        55      16606       55.11      1.540        25572
9      9        88      26531       54.60      1.534        40696
10    10        59      17803       55.76      1.639        29187
11    11         7       2157        0.00      1.767         3811
12    12         2        521       64.00      2.356         1227
13    13         0          0        0.00      0.000            0
14    14         0          0        0.00      0.000            0
15    15         0          0        0.00      0.000            0
17   Sum      1865     560004       45.45      0.946       529946


> sink();sink()
