
 .... [TRUNCATED] 
<<<<<<<<<<<<<<<<<<<<<<<<<<<<<<<<<<<<<<<<<<<<<<<<<<<<<<<<<<<<<<<<<<<<<<<< 
 > Dato                                      :  Fri Nov 28 14:37:03 2014 
 > Slag                                      :  UP 
 > Ár                                        :  2013 
 > Skipabólk/-ar                             :  18 19 20 
 > Byrjanar og enda mánaŵ fyri ALK/ALD       :  JAN-DEC 
 > Skipabólk/-ar, sum longdir eru lántar frá :  0 
 > Skipabólk/-ar, sum vektir eru lántar frá  :  0 
 > Skipabólk/-ar, sum aldrar eru lántar frá  :  0 
 > ICES-øki                                  :  VB1 
 <<<<<<<<<<<<<<<<<<<<<<<<<<<<<<<<<<<<<<<<<<<<<<<<<<<<<<<<<<<<<<<<<<<<<<<<
 .... [TRUNCATED] 
>>>>>>>>>>>>>>>>>>>>>>>>>>>>>>>>>>>>> 
> Alpha	 = 0.01474686
> Beta	 = 2.856893
> R^2	 = 0.9661737
> N	 = 14400
> Veida (kg.)	  = 13181943
> Rundveida (kg.) = 14631957
<<<<<<<<<<<<<<<<<<<<<<<<<<<<<<<<<<<<<
 .... [TRUNCATED] 
>>>>>>>>>>>>>> 	 ALK-lykil 	 <<<<<<<<<<<<
 .... [TRUNCATED] 
$ALK
    longd 0 1 2  3  4  5  6 7 8 9 10 11 12 13 14 15 Sum Matad
1       1 0 0 0  0  0  0  0 0 0 0  0  0  0  0  0  0   0     0
2       2 0 0 0  0  0  0  0 0 0 0  0  0  0  0  0  0   0     0
3       3 0 0 0  0  0  0  0 0 0 0  0  0  0  0  0  0   0     0
4       4 0 0 0  0  0  0  0 0 0 0  0  0  0  0  0  0   0     0
5       5 0 0 0  0  0  0  0 0 0 0  0  0  0  0  0  0   0     0
6       6 0 0 0  0  0  0  0 0 0 0  0  0  0  0  0  0   0     0
7       7 0 0 0  0  0  0  0 0 0 0  0  0  0  0  0  0   0     0
8       8 0 0 0  0  0  0  0 0 0 0  0  0  0  0  0  0   0     0
9       9 0 0 0  0  0  0  0 0 0 0  0  0  0  0  0  0   0     0
10     10 0 0 0  0  0  0  0 0 0 0  0  0  0  0  0  0   0     0
11     11 0 0 0  0  0  0  0 0 0 0  0  0  0  0  0  0   0     0
12     12 0 0 0  0  0  0  0 0 0 0  0  0  0  0  0  0   0     0
13     13 0 0 0  0  0  0  0 0 0 0  0  0  0  0  0  0   0     0
14     14 0 0 0  0  0  0  0 0 0 0  0  0  0  0  0  0   0     0
15     15 0 0 0  0  0  0  0 0 0 0  0  0  0  0  0  0   0     0
16     16 0 0 0  0  0  0  0 0 0 0  0  0  0  0  0  0   0     0
17     17 0 0 0  0  0  0  0 0 0 0  0  0  0  0  0  0   0     0
18     18 0 0 0  0  0  0  0 0 0 0  0  0  0  0  0  0   0     0
19     19 0 0 0  0  0  0  0 0 0 0  0  0  0  0  0  0   0     0
20     20 0 0 0  0  0  0  0 0 0 0  0  0  0  0  0  0   0     0
21     21 0 0 0  0  0  0  0 0 0 0  0  0  0  0  0  0   0     0
22     22 0 0 0  0  0  0  0 0 0 0  0  0  0  0  0  0   0     0
23     23 0 0 0  0  0  0  0 0 0 0  0  0  0  0  0  0   0     0
24     24 0 0 0  0  0  0  0 0 0 0  0  0  0  0  0  0   0     0
25     25 0 0 0  0  0  0  0 0 0 0  0  0  0  0  0  0   0     0
26     26 0 0 0  0  0  0  0 0 0 0  0  0  0  0  0  0   0     0
27     27 0 0 0  0  0  0  0 0 0 0  0  0  0  0  0  0   0     0
28     28 0 0 0  0  0  0  0 0 0 0  0  0  0  0  0  0   0     0
29     29 0 0 0  0  0  0  0 0 0 0  0  0  0  0  0  0   0     0
30     30 0 0 0  0  0  0  0 0 0 0  0  0  0  0  0  0   0     0
31     31 0 0 0  0  0  0  0 0 0 0  0  0  0  0  0  0   0     0
32     32 0 0 0  0  0  0  0 0 0 0  0  0  0  0  0  0   0     0
33     33 0 0 0  0  0  0  0 0 0 0  0  0  0  0  0  0   0     0
34     34 0 0 0  0  0  0  0 0 0 0  0  0  0  0  0  0   0     0
35     35 0 0 0  0  0  0  0 0 0 0  0  0  0  0  0  0   0     0
36     36 0 0 0  0  0  0  0 0 0 0  0  0  0  0  0  0   0     0
37     37 0 0 0  0  0  0  0 0 0 0  0  0  0  0  0  0   0     0
38     38 0 0 0  0  0  0  0 0 0 0  0  0  0  0  0  0   0     6
39     39 0 0 0  0  0  0  0 0 0 0  0  0  0  0  0  0   0    11
40     40 0 0 0  0  0  0  0 0 0 0  0  0  0  0  0  0   0    20
41     41 0 0 0  1  0  0  0 0 0 0  0  0  0  0  0  0   1    29
42     42 0 0 0  0  1  0  0 0 0 0  0  0  0  0  0  0   1    42
43     43 0 0 0  0  1  0  0 0 0 0  0  0  0  0  0  0   1    72
44     44 0 0 0  3  3  0  0 0 0 0  0  0  0  0  0  0   6   116
45     45 0 0 0  1  5  1  0 0 0 0  0  0  0  0  0  0   7   145
46     46 0 0 0  9 16  1  0 0 0 0  0  0  0  0  0  0  26   232
47     47 0 0 0  4 34  4  0 0 0 0  0  0  0  0  0  0  42   372
48     48 0 0 0  6 33  8  2 0 0 0  0  0  0  0  0  0  49   465
49     49 0 0 0 13 32  7  1 0 0 0  0  0  0  0  0  0  53   619
50     50 0 0 0 10 52 14  3 0 0 0  0  0  0  0  0  0  79   820
51     51 0 0 0  8 69 31  4 0 0 0  0  0  0  0  0  0 112   917
52     52 0 0 0  9 57 38 13 1 0 0  0  0  0  0  0  0 118   972
53     53 0 0 0  6 69 47 16 0 0 0  0  0  0  0  0  0 138  1041
54     54 0 0 0  6 75 56 24 0 0 0  0  0  0  0  0  0 161  1148
55     55 0 0 0  3 73 52 19 1 0 0  0  0  0  0  0  0 148  1081
56     56 0 0 0  3 66 52 26 3 0 0  0  0  0  0  0  0 150  1028
57     57 0 0 0  1 53 46 24 1 0 0  0  0  0  0  0  0 125   969
58     58 0 0 0  0 45 39 21 1 0 0  0  0  0  0  0  0 106   956
59     59 0 0 0  0 34 52 31 3 0 0  0  0  0  0  0  0 120   817
60     60 0 0 0  0 19 54 25 1 0 0  0  0  0  0  0  0  99   713
61     61 0 0 0  0 13 43 24 3 0 0  0  0  0  0  0  0  83   583
62     62 0 0 0  0  8 36 25 1 0 0  0  0  0  0  0  0  70   518
63     63 0 0 0  0  6 22 25 0 0 0  0  0  0  0  0  0  53   415
64     64 0 0 0  0  7 20 16 0 0 0  0  0  0  0  0  0  43   301
65     65 0 0 0  0  0 18 21 2 0 0  0  0  0  0  0  0  41   285
66     66 0 0 0  0  3 15 13 4 0 0  0  0  0  0  0  0  35   226
67     67 0 0 0  0  0 16 15 2 1 0  0  0  0  0  0  0  34   173
68     68 0 0 0  0  0 14  6 2 0 0  0  0  0  0  0  0  22   157
69     69 0 0 0  0  0  6  5 6 0 0  0  0  0  0  0  0  17   119
70     70 0 0 0  0  0  2  3 4 1 0  0  0  0  0  0  0  10    97
71     71 0 0 0  0  0  4  4 4 2 0  0  0  0  0  0  0  14   114
72     72 0 0 0  0  0  4  7 5 2 0  0  0  0  0  0  0  18    83
73     73 0 0 0  0  0  1  5 3 2 0  0  0  0  0  0  0  11    91
74     74 0 0 0  0  0  1  8 4 0 0  0  0  0  0  0  0  13    79
75     75 0 0 0  0  0  2  5 3 2 1  0  0  0  0  0  0  13    81
76     76 0 0 0  0  0  1  2 3 2 0  0  0  0  0  0  0   8    61
77     77 0 0 0  0  0  0  4 5 2 0  0  0  0  0  0  0  11    56
78     78 0 0 0  0  0  0  0 4 3 0  0  0  0  0  0  0   7    49
79     79 0 0 0  0  0  0  4 1 7 1  0  1  1  0  0  0  15    67
80     80 0 0 0  0  0  0  4 3 5 1  0  0  0  0  0  0  13    63
81     81 0 0 0  0  0  0  1 5 5 4  1  0  0  0  0  0  16    65
82     82 0 0 0  0  0  0  1 2 5 2  0  0  0  0  0  0  10    67
83     83 0 0 0  0  0  0  0 0 4 2  1  1  0  0  0  0   8    55
84     84 0 0 0  0  0  0  0 4 1 4  1  1  1  0  1  0  13    62
85     85 0 0 0  0  0  0  0 0 3 2  2  1  1  0  0  0   9    64
86     86 0 0 0  0  0  0  0 0 3 5  3  0  1  0  0  0  12    61
87     87 0 0 0  0  0  0  0 1 0 3  4  4  1  1  1  0  15    59
88     88 0 0 0  0  0  0  0 1 0 1  2  1  0  0  0  0   5    56
89     89 0 0 0  0  0  0  0 0 0 1  5  2  0  2  1  0  11    49
90     90 0 0 0  0  0  0  0 0 0 0  1  3  0  1  0  0   5    44
91     91 0 0 0  0  0  0  0 0 0 1  1  3  4  0  0  0   9    47
92     92 0 0 0  0  0  0  0 0 0 0  0  1  1  0  0  0   2    28
93     93 0 0 0  0  0  0  0 0 0 0  1  1  2  1  0  0   5    27
94     94 0 0 0  0  0  0  0 0 0 0  0  2  2  1  1  1   7    18
95     95 0 0 0  0  0  0  0 0 0 0  1  1  1  1  0  0   4    21
96     96 0 0 0  0  0  0  0 0 0 1  1  2  0  0  1  0   5    21
97     97 0 0 0  0  0  0  0 0 0 0  0  1  0  0  0  0   1    14
98     98 0 0 0  0  0  0  0 0 0 0  0  1  0  0  2  0   3    11
99     99 0 0 0  0  0  0  0 0 0 0  0  0  1  0  1  0   2    13
100   100 0 0 0  0  0  0  0 0 0 0  0  0  0  0  0  0   0    10
101   101 0 0 0  0  0  0  0 0 0 0  0  0  0  0  0  0   0     6
102   102 0 0 0  0  0  0  0 0 0 0  0  0  0  0  0  0   0     4
103   103 0 0 0  0  0  0  0 0 0 0  0  0  1  1  0  0   2     6
104   104 0 0 0  0  0  0  0 0 0 0  0  0  0  0  0  0   0     3
105   105 0 0 0  0  0  0  0 0 0 0  0  0  0  0  0  0   0     1
106   106 0 0 0  0  0  0  0 0 0 0  0  0  1  0  0  0   1     4
107   107 0 0 0  0  0  0  0 0 0 0  0  0  0  0  0  0   0     0
108   108 0 0 0  0  0  0  0 0 0 0  0  0  0  0  0  0   0     0
109   109 0 0 0  0  0  0  0 0 0 0  0  0  0  0  0  0   0     0
110   110 0 0 0  0  0  0  0 0 0 0  0  0  0  0  0  0   0     1
111   111 0 0 0  0  0  0  0 0 0 0  0  0  0  0  0  0   0     1
112   112 0 0 0  0  0  0  0 0 0 0  0  0  0  0  0  0   0     0
113   113 0 0 0  0  0  0  0 0 0 0  0  0  0  1  0  0   1     2
114   114 0 0 0  0  0  0  0 0 0 0  0  0  0  0  0  0   0     0
115   115 0 0 0  0  0  0  0 0 0 0  0  0  0  0  0  0   0     0
116   116 0 0 0  0  0  0  0 0 0 0  0  0  0  0  0  0   0     1
117   117 0 0 0  0  0  0  0 0 0 0  0  0  0  0  0  0   0     0
118   118 0 0 0  0  0  0  0 0 0 0  0  0  0  0  0  0   0     0
119   119 0 0 0  0  0  0  0 0 0 0  0  0  0  0  0  0   0     0
120   120 0 0 0  0  0  0  0 0 0 0  0  0  0  0  0  0   0     0
121   121 0 0 0  0  0  0  0 0 0 0  0  0  0  0  0  0   0     0
122   122 0 0 0  0  0  0  0 0 0 0  0  0  0  0  0  0   0     1
123   123 0 0 0  0  0  0  0 0 0 0  0  0  0  0  0  0   0     0
124   124 0 0 0  0  0  0  0 0 0 0  0  0  0  0  0  0   0     0
125   125 0 0 0  0  0  0  0 0 0 0  0  0  0  0  0  0   0     0
126   126 0 0 0  0  0  0  0 0 0 0  0  0  0  0  0  0   0     0
127   127 0 0 0  0  0  0  0 0 0 0  0  0  0  0  0  0   0     0
128   128 0 0 0  0  0  0  0 0 0 0  0  0  0  0  0  0   0     0
129   129 0 0 0  0  0  0  0 0 0 0  0  0  0  0  0  0   0     0
130   130 0 0 0  0  0  0  0 0 0 0  0  0  0  0  0  0   0     0
131   131 0 0 0  0  0  0  0 0 0 0  0  0  0  0  0  0   0     0
132   132 0 0 0  0  0  0  0 0 0 0  0  0  0  0  0  0   0     0
133   133 0 0 0  0  0  0  0 0 0 0  0  0  0  0  0  0   0     0
134   134 0 0 0  0  0  0  0 0 0 0  0  0  0  0  0  0   0     0
135   135 0 0 0  0  0  0  0 0 0 0  0  0  0  0  0  0   0     0
136   136 0 0 0  0  0  0  0 0 0 0  0  0  0  0  0  0   0     0
137   137 0 0 0  0  0  0  0 0 0 0  0  0  0  0  0  0   0     0
138   138 0 0 0  0  0  0  0 0 0 0  0  0  0  0  0  0   0     0
139   139 0 0 0  0  0  0  0 0 0 0  0  0  0  0  0  0   0     0
140   140 0 0 0  0  0  0  0 0 0 0  0  0  0  0  0  0   0     0
141   141 0 0 0  0  0  0  0 0 0 0  0  0  0  0  0  0   0     0
142   142 0 0 0  0  0  0  0 0 0 0  0  0  0  0  0  0   0     0
143   143 0 0 0  0  0  0  0 0 0 0  0  0  0  0  0  0   0     0
144   144 0 0 0  0  0  0  0 0 0 0  0  0  0  0  0  0   0     0
145   145 0 0 0  0  0  0  0 0 0 0  0  0  0  0  0  0   0     0
146   146 0 0 0  0  0  0  0 0 0 0  0  0  0  0  0  0   0     0
147   147 0 0 0  0  0  0  0 0 0 0  0  0  0  0  0  0   0     0
148   148 0 0 0  0  0  0  0 0 0 0  0  0  0  0  0  0   0     0
149   149 0 0 0  0  0  0  0 0 0 0  0  0  0  0  0  0   0     0
150   150 0 0 0  0  0  0  0 0 0 0  0  0  0  0  0  0   0     0

$ALK.j
    longd 0 1 2      3      4      5      6     7     8     9    10    11    12
1       1 0 0 0  0.000  0.000  0.000  0.000 0.000 0.000 0.000 0.000 0.000 0.000
2       2 0 0 0  0.000  0.000  0.000  0.000 0.000 0.000 0.000 0.000 0.000 0.000
3       3 0 0 0  0.000  0.000  0.000  0.000 0.000 0.000 0.000 0.000 0.000 0.000
4       4 0 0 0  0.000  0.000  0.000  0.000 0.000 0.000 0.000 0.000 0.000 0.000
5       5 0 0 0  0.000  0.000  0.000  0.000 0.000 0.000 0.000 0.000 0.000 0.000
6       6 0 0 0  0.000  0.000  0.000  0.000 0.000 0.000 0.000 0.000 0.000 0.000
7       7 0 0 0  0.000  0.000  0.000  0.000 0.000 0.000 0.000 0.000 0.000 0.000
8       8 0 0 0  0.000  0.000  0.000  0.000 0.000 0.000 0.000 0.000 0.000 0.000
9       9 0 0 0  0.000  0.000  0.000  0.000 0.000 0.000 0.000 0.000 0.000 0.000
10     10 0 0 0  0.000  0.000  0.000  0.000 0.000 0.000 0.000 0.000 0.000 0.000
11     11 0 0 0  0.000  0.000  0.000  0.000 0.000 0.000 0.000 0.000 0.000 0.000
12     12 0 0 0  0.000  0.000  0.000  0.000 0.000 0.000 0.000 0.000 0.000 0.000
13     13 0 0 0  0.000  0.000  0.000  0.000 0.000 0.000 0.000 0.000 0.000 0.000
14     14 0 0 0  0.000  0.000  0.000  0.000 0.000 0.000 0.000 0.000 0.000 0.000
15     15 0 0 0  0.000  0.000  0.000  0.000 0.000 0.000 0.000 0.000 0.000 0.000
16     16 0 0 0  0.000  0.000  0.000  0.000 0.000 0.000 0.000 0.000 0.000 0.000
17     17 0 0 0  0.000  0.000  0.000  0.000 0.000 0.000 0.000 0.000 0.000 0.000
18     18 0 0 0  0.000  0.000  0.000  0.000 0.000 0.000 0.000 0.000 0.000 0.000
19     19 0 0 0  0.000  0.000  0.000  0.000 0.000 0.000 0.000 0.000 0.000 0.000
20     20 0 0 0  0.000  0.000  0.000  0.000 0.000 0.000 0.000 0.000 0.000 0.000
21     21 0 0 0  0.000  0.000  0.000  0.000 0.000 0.000 0.000 0.000 0.000 0.000
22     22 0 0 0  0.000  0.000  0.000  0.000 0.000 0.000 0.000 0.000 0.000 0.000
23     23 0 0 0  0.000  0.000  0.000  0.000 0.000 0.000 0.000 0.000 0.000 0.000
24     24 0 0 0  0.000  0.000  0.000  0.000 0.000 0.000 0.000 0.000 0.000 0.000
25     25 0 0 0  0.000  0.000  0.000  0.000 0.000 0.000 0.000 0.000 0.000 0.000
26     26 0 0 0  0.000  0.000  0.000  0.000 0.000 0.000 0.000 0.000 0.000 0.000
27     27 0 0 0  0.000  0.000  0.000  0.000 0.000 0.000 0.000 0.000 0.000 0.000
28     28 0 0 0  0.000  0.000  0.000  0.000 0.000 0.000 0.000 0.000 0.000 0.000
29     29 0 0 0  0.000  0.000  0.000  0.000 0.000 0.000 0.000 0.000 0.000 0.000
30     30 0 0 0  0.000  0.000  0.000  0.000 0.000 0.000 0.000 0.000 0.000 0.000
31     31 0 0 0  0.000  0.000  0.000  0.001 0.000 0.000 0.000 0.000 0.000 0.000
32     32 0 0 0  0.000  0.000  0.000  0.002 0.000 0.000 0.000 0.000 0.000 0.000
33     33 0 0 0  0.000  0.000  0.001  0.003 0.000 0.000 0.000 0.000 0.000 0.000
34     34 0 0 0  0.000  0.001  0.002  0.006 0.000 0.000 0.000 0.000 0.000 0.000
35     35 0 0 0  0.000  0.003  0.004  0.011 0.000 0.000 0.000 0.000 0.000 0.000
36     36 0 0 0  0.001  0.008  0.009  0.020 0.000 0.000 0.000 0.000 0.000 0.000
37     37 0 0 0  0.003  0.022  0.021  0.035 0.001 0.000 0.000 0.000 0.000 0.000
38     38 0 0 0  0.010  0.056  0.043  0.059 0.001 0.000 0.000 0.000 0.000 0.000
39     39 0 0 0  0.030  0.136  0.086  0.099 0.002 0.000 0.000 0.000 0.000 0.000
40     40 0 0 0  0.083  0.313  0.167  0.160 0.003 0.000 0.000 0.000 0.000 0.000
41     41 0 0 0  0.206  0.679  0.312  0.254 0.005 0.000 0.000 0.000 0.000 0.000
42     42 0 0 0  0.466  1.388  0.563  0.394 0.007 0.000 0.000 0.000 0.000 0.000
43     43 0 0 0  0.959  2.674  0.979  0.599 0.011 0.000 0.000 0.000 0.000 0.000
44     44 0 0 0  1.792  4.857  1.645  0.889 0.016 0.000 0.000 0.000 0.000 0.000
45     45 0 0 0  3.044  8.318  2.665  1.290 0.024 0.000 0.000 0.000 0.000 0.000
46     46 0 0 0  4.698 13.432  4.164  1.832 0.035 0.000 0.000 0.000 0.000 0.000
47     47 0 0 0  6.590 20.451  6.278  2.543 0.050 0.000 0.000 0.000 0.000 0.000
48     48 0 0 0  8.400 29.356  9.131  3.453 0.071 0.000 0.000 0.000 0.000 0.000
49     49 0 0 0  9.730 39.732 12.811  4.585 0.099 0.000 0.000 0.000 0.000 0.000
50     50 0 0 0 10.242 50.701 17.338  5.955 0.137 0.000 0.000 0.000 0.000 0.000
51     51 0 0 0  9.798 61.000 22.637  7.562 0.186 0.000 0.000 0.000 0.000 0.000
52     52 0 0 0  8.517 69.196 28.511  9.393 0.248 0.000 0.000 0.000 0.000 0.000
53     53 0 0 0  6.728 74.007 34.642 11.409 0.328 0.000 0.000 0.000 0.000 0.000
54     54 0 0 0  4.830 74.629 40.603 13.552 0.426 0.000 0.000 0.000 0.000 0.000
55     55 0 0 0  3.151 70.954 45.909 15.743 0.546 0.000 0.000 0.000 0.000 0.000
56     56 0 0 0  1.868 63.605 50.075 17.885 0.689 0.000 0.000 0.000 0.000 0.000
57     57 0 0 0  1.006 53.758 52.689 19.871 0.858 0.000 0.000 0.000 0.000 0.000
58     58 0 0 0  0.493 42.838 53.482 21.590 1.052 0.000 0.000 0.000 0.000 0.000
59     59 0 0 0  0.219 32.186 52.369 22.942 1.272 0.000 0.000 0.000 0.000 0.000
60     60 0 0 0  0.089 22.800 49.467 23.840 1.516 0.001 0.000 0.000 0.000 0.000
61     61 0 0 0  0.033 15.228 45.076 24.228 1.780 0.001 0.000 0.000 0.000 0.000
62     62 0 0 0  0.011  9.589 39.623 24.079 2.060 0.003 0.000 0.000 0.000 0.000
63     63 0 0 0  0.003  5.693 33.600 23.404 2.349 0.007 0.000 0.000 0.000 0.000
64     64 0 0 0  0.001  3.187 27.486 22.246 2.640 0.016 0.000 0.000 0.000 0.000
65     65 0 0 0  0.000  1.682 21.690 20.679 2.925 0.033 0.000 0.000 0.000 0.000
66     66 0 0 0  0.000  0.837 16.512 18.799 3.194 0.064 0.000 0.000 0.000 0.000
67     67 0 0 0  0.000  0.393 12.126 16.713 3.437 0.120 0.000 0.000 0.000 0.001
68     68 0 0 0  0.000  0.174  8.590 14.531 3.645 0.212 0.001 0.000 0.000 0.001
69     69 0 0 0  0.000  0.072  5.871 12.355 3.810 0.357 0.002 0.000 0.000 0.002
70     70 0 0 0  0.000  0.028  3.870 10.274 3.925 0.573 0.004 0.000 0.000 0.004
71     71 0 0 0  0.000  0.011  2.461  8.355 3.985 0.875 0.010 0.000 0.000 0.007
72     72 0 0 0  0.000  0.004  1.510  6.645 3.987 1.273 0.022 0.000 0.001 0.011
73     73 0 0 0  0.000  0.001  0.894  5.168 3.932 1.762 0.047 0.000 0.002 0.017
74     74 0 0 0  0.000  0.000  0.510  3.931 3.821 2.322 0.094 0.001 0.005 0.027
75     75 0 0 0  0.000  0.000  0.281  2.924 3.661 2.914 0.175 0.003 0.010 0.040
76     76 0 0 0  0.000  0.000  0.149  2.127 3.456 3.481 0.307 0.008 0.021 0.058
77     77 0 0 0  0.000  0.000  0.077  1.513 3.215 3.959 0.507 0.020 0.039 0.083
78     78 0 0 0  0.000  0.000  0.038  1.053 2.949 4.287 0.785 0.048 0.071 0.116
79     79 0 0 0  0.000  0.000  0.018  0.716 2.665 4.420 1.141 0.105 0.123 0.159
80     80 0 0 0  0.000  0.000  0.008  0.477 2.374 4.338 1.557 0.209 0.202 0.212
81     81 0 0 0  0.000  0.000  0.004  0.310 2.084 4.054 1.996 0.384 0.318 0.276
82     82 0 0 0  0.000  0.000  0.002  0.197 1.803 3.606 2.403 0.651 0.477 0.351
83     83 0 0 0  0.000  0.000  0.001  0.123 1.537 3.055 2.716 1.016 0.683 0.437
84     84 0 0 0  0.000  0.000  0.000  0.075 1.292 2.463 2.883 1.461 0.933 0.531
85     85 0 0 0  0.000  0.000  0.000  0.044 1.070 1.891 2.874 1.935 1.215 0.631
86     86 0 0 0  0.000  0.000  0.000  0.026 0.873 1.382 2.690 2.360 1.511 0.732
87     87 0 0 0  0.000  0.000  0.000  0.015 0.703 0.962 2.364 2.652 1.791 0.829
88     88 0 0 0  0.000  0.000  0.000  0.008 0.557 0.637 1.951 2.744 2.026 0.918
89     89 0 0 0  0.000  0.000  0.000  0.004 0.435 0.402 1.512 2.616 2.186 0.993
90     90 0 0 0  0.000  0.000  0.000  0.002 0.335 0.241 1.101 2.297 2.251 1.050
91     91 0 0 0  0.000  0.000  0.000  0.001 0.255 0.138 0.752 1.857 2.210 1.085
92     92 0 0 0  0.000  0.000  0.000  0.001 0.190 0.075 0.483 1.383 2.071 1.094
93     93 0 0 0  0.000  0.000  0.000  0.000 0.140 0.039 0.291 0.949 1.851 1.079
94     94 0 0 0  0.000  0.000  0.000  0.000 0.102 0.019 0.165 0.600 1.578 1.039
95     95 0 0 0  0.000  0.000  0.000  0.000 0.073 0.009 0.087 0.349 1.283 0.978
96     96 0 0 0  0.000  0.000  0.000  0.000 0.052 0.004 0.044 0.187 0.996 0.899
97     97 0 0 0  0.000  0.000  0.000  0.000 0.036 0.002 0.020 0.092 0.737 0.808
98     98 0 0 0  0.000  0.000  0.000  0.000 0.025 0.001 0.009 0.042 0.521 0.709
99     99 0 0 0  0.000  0.000  0.000  0.000 0.017 0.000 0.004 0.018 0.351 0.608
100   100 0 0 0  0.000  0.000  0.000  0.000 0.011 0.000 0.001 0.007 0.225 0.510
101   101 0 0 0  0.000  0.000  0.000  0.000 0.007 0.000 0.001 0.002 0.138 0.417
102   102 0 0 0  0.000  0.000  0.000  0.000 0.005 0.000 0.000 0.001 0.081 0.334
103   103 0 0 0  0.000  0.000  0.000  0.000 0.003 0.000 0.000 0.000 0.045 0.261
104   104 0 0 0  0.000  0.000  0.000  0.000 0.002 0.000 0.000 0.000 0.024 0.199
105   105 0 0 0  0.000  0.000  0.000  0.000 0.001 0.000 0.000 0.000 0.012 0.149
106   106 0 0 0  0.000  0.000  0.000  0.000 0.001 0.000 0.000 0.000 0.006 0.108
107   107 0 0 0  0.000  0.000  0.000  0.000 0.000 0.000 0.000 0.000 0.003 0.077
108   108 0 0 0  0.000  0.000  0.000  0.000 0.000 0.000 0.000 0.000 0.001 0.054
109   109 0 0 0  0.000  0.000  0.000  0.000 0.000 0.000 0.000 0.000 0.001 0.036
110   110 0 0 0  0.000  0.000  0.000  0.000 0.000 0.000 0.000 0.000 0.000 0.024
111   111 0 0 0  0.000  0.000  0.000  0.000 0.000 0.000 0.000 0.000 0.000 0.016
112   112 0 0 0  0.000  0.000  0.000  0.000 0.000 0.000 0.000 0.000 0.000 0.010
113   113 0 0 0  0.000  0.000  0.000  0.000 0.000 0.000 0.000 0.000 0.000 0.006
114   114 0 0 0  0.000  0.000  0.000  0.000 0.000 0.000 0.000 0.000 0.000 0.004
115   115 0 0 0  0.000  0.000  0.000  0.000 0.000 0.000 0.000 0.000 0.000 0.002
116   116 0 0 0  0.000  0.000  0.000  0.000 0.000 0.000 0.000 0.000 0.000 0.001
117   117 0 0 0  0.000  0.000  0.000  0.000 0.000 0.000 0.000 0.000 0.000 0.001
118   118 0 0 0  0.000  0.000  0.000  0.000 0.000 0.000 0.000 0.000 0.000 0.000
119   119 0 0 0  0.000  0.000  0.000  0.000 0.000 0.000 0.000 0.000 0.000 0.000
120   120 0 0 0  0.000  0.000  0.000  0.000 0.000 0.000 0.000 0.000 0.000 0.000
121   121 0 0 0  0.000  0.000  0.000  0.000 0.000 0.000 0.000 0.000 0.000 0.000
122   122 0 0 0  0.000  0.000  0.000  0.000 0.000 0.000 0.000 0.000 0.000 0.000
123   123 0 0 0  0.000  0.000  0.000  0.000 0.000 0.000 0.000 0.000 0.000 0.000
124   124 0 0 0  0.000  0.000  0.000  0.000 0.000 0.000 0.000 0.000 0.000 0.000
125   125 0 0 0  0.000  0.000  0.000  0.000 0.000 0.000 0.000 0.000 0.000 0.000
126   126 0 0 0  0.000  0.000  0.000  0.000 0.000 0.000 0.000 0.000 0.000 0.000
127   127 0 0 0  0.000  0.000  0.000  0.000 0.000 0.000 0.000 0.000 0.000 0.000
128   128 0 0 0  0.000  0.000  0.000  0.000 0.000 0.000 0.000 0.000 0.000 0.000
129   129 0 0 0  0.000  0.000  0.000  0.000 0.000 0.000 0.000 0.000 0.000 0.000
130   130 0 0 0  0.000  0.000  0.000  0.000 0.000 0.000 0.000 0.000 0.000 0.000
131   131 0 0 0  0.000  0.000  0.000  0.000 0.000 0.000 0.000 0.000 0.000 0.000
132   132 0 0 0  0.000  0.000  0.000  0.000 0.000 0.000 0.000 0.000 0.000 0.000
133   133 0 0 0  0.000  0.000  0.000  0.000 0.000 0.000 0.000 0.000 0.000 0.000
134   134 0 0 0  0.000  0.000  0.000  0.000 0.000 0.000 0.000 0.000 0.000 0.000
135   135 0 0 0  0.000  0.000  0.000  0.000 0.000 0.000 0.000 0.000 0.000 0.000
136   136 0 0 0  0.000  0.000  0.000  0.000 0.000 0.000 0.000 0.000 0.000 0.000
137   137 0 0 0  0.000  0.000  0.000  0.000 0.000 0.000 0.000 0.000 0.000 0.000
138   138 0 0 0  0.000  0.000  0.000  0.000 0.000 0.000 0.000 0.000 0.000 0.000
139   139 0 0 0  0.000  0.000  0.000  0.000 0.000 0.000 0.000 0.000 0.000 0.000
140   140 0 0 0  0.000  0.000  0.000  0.000 0.000 0.000 0.000 0.000 0.000 0.000
141   141 0 0 0  0.000  0.000  0.000  0.000 0.000 0.000 0.000 0.000 0.000 0.000
142   142 0 0 0  0.000  0.000  0.000  0.000 0.000 0.000 0.000 0.000 0.000 0.000
143   143 0 0 0  0.000  0.000  0.000  0.000 0.000 0.000 0.000 0.000 0.000 0.000
144   144 0 0 0  0.000  0.000  0.000  0.000 0.000 0.000 0.000 0.000 0.000 0.000
145   145 0 0 0  0.000  0.000  0.000  0.000 0.000 0.000 0.000 0.000 0.000 0.000
146   146 0 0 0  0.000  0.000  0.000  0.000 0.000 0.000 0.000 0.000 0.000 0.000
147   147 0 0 0  0.000  0.000  0.000  0.000 0.000 0.000 0.000 0.000 0.000 0.000
148   148 0 0 0  0.000  0.000  0.000  0.000 0.000 0.000 0.000 0.000 0.000 0.000
149   149 0 0 0  0.000  0.000  0.000  0.000 0.000 0.000 0.000 0.000 0.000 0.000
150   150 0 0 0  0.000  0.000  0.000  0.000 0.000 0.000 0.000 0.000 0.000 0.000
       13    14 15     Sum Matad
1   0.000 0.000  0   0.000     0
2   0.000 0.000  0   0.000     0
3   0.000 0.000  0   0.000     0
4   0.000 0.000  0   0.000     0
5   0.000 0.000  0   0.000     0
6   0.000 0.000  0   0.000     0
7   0.000 0.000  0   0.000     0
8   0.000 0.000  0   0.000     0
9   0.000 0.000  0   0.000     0
10  0.000 0.000  0   0.000     0
11  0.000 0.000  0   0.000     0
12  0.000 0.000  0   0.000     0
13  0.000 0.000  0   0.000     0
14  0.000 0.000  0   0.000     0
15  0.000 0.000  0   0.000     0
16  0.000 0.000  0   0.000     0
17  0.000 0.000  0   0.000     0
18  0.000 0.000  0   0.000     0
19  0.000 0.000  0   0.000     0
20  0.000 0.000  0   0.000     0
21  0.000 0.000  0   0.000     0
22  0.000 0.000  0   0.000     0
23  0.000 0.000  0   0.000     0
24  0.000 0.000  0   0.000     0
25  0.000 0.000  0   0.000     0
26  0.000 0.000  0   0.000     0
27  0.000 0.000  0   0.000     0
28  0.000 0.000  0   0.000     0
29  0.000 0.000  0   0.000     0
30  0.000 0.000  0   0.001     0
31  0.000 0.000  0   0.001     0
32  0.000 0.000  0   0.002     0
33  0.000 0.000  0   0.004     0
34  0.000 0.000  0   0.009     0
35  0.000 0.000  0   0.019     0
36  0.000 0.000  0   0.039     0
37  0.000 0.000  0   0.081     0
38  0.000 0.000  0   0.169     6
39  0.000 0.000  0   0.353    11
40  0.000 0.000  0   0.726    20
41  0.000 0.000  0   1.455    29
42  0.000 0.000  0   2.818    42
43  0.000 0.000  0   5.221    72
44  0.000 0.000  0   9.198   116
45  0.000 0.000  0  15.340   145
46  0.000 0.000  0  24.161   232
47  0.000 0.000  0  35.912   372
48  0.000 0.000  0  50.411   465
49  0.000 0.000  0  66.957   619
50  0.000 0.000  0  84.373   820
51  0.000 0.000  0 101.183   917
52  0.000 0.000  0 115.866   972
53  0.000 0.000  0 127.113  1041
54  0.000 0.000  0 134.040  1148
55  0.000 0.000  0 136.303  1081
56  0.000 0.000  0 134.122  1028
57  0.000 0.000  0 128.182   969
58  0.000 0.000  0 119.456   956
59  0.000 0.000  0 108.987   817
60  0.000 0.000  0  97.712   713
61  0.000 0.000  0  86.345   583
62  0.000 0.000  0  75.366   518
63  0.000 0.000  0  65.057   415
64  0.000 0.000  0  55.577   301
65  0.001 0.000  0  47.011   285
66  0.001 0.000  0  39.408   226
67  0.002 0.000  0  32.791   173
68  0.002 0.000  0  27.157   157
69  0.004 0.000  0  22.473   119
70  0.005 0.000  0  18.684    97
71  0.007 0.000  0  15.711   114
72  0.010 0.001  0  13.463    83
73  0.014 0.001  0  11.839    91
74  0.019 0.002  0  10.732    79
75  0.026 0.004  0  10.037    81
76  0.034 0.006  0   9.648    61
77  0.044 0.010  0   9.469    56
78  0.056 0.017  0   9.420    49
79  0.071 0.026  0   9.444    67
80  0.089 0.040  0   9.506    63
81  0.109 0.059  0   9.594    65
82  0.133 0.084  0   9.708    67
83  0.158 0.116  0   9.843    55
84  0.186 0.156  0   9.981    62
85  0.216 0.203  0  10.080    64
86  0.247 0.257  0  10.078    61
87  0.279 0.314  0   9.909    59
88  0.310 0.374  0   9.526    56
89  0.339 0.430  0   8.919    49
90  0.366 0.481  0   8.124    44
91  0.389 0.521  0   7.208    47
92  0.408 0.547  0   6.253    28
93  0.422 0.558  0   5.329    27
94  0.430 0.552  1   5.484    18
95  0.431 0.529  0   3.741    21
96  0.427 0.492  0   3.101    21
97  0.417 0.444  0   2.556    14
98  0.400 0.388  0   2.095    11
99  0.379 0.329  0   1.706    13
100 0.354 0.271  0   1.380    10
101 0.326 0.216  0   1.108     6
102 0.296 0.167  0   0.884     4
103 0.265 0.126  0   0.700     6
104 0.233 0.091  0   0.550     3
105 0.203 0.065  0   0.429     1
106 0.174 0.044  0   0.333     4
107 0.147 0.029  0   0.256     0
108 0.122 0.019  0   0.196     0
109 0.100 0.012  0   0.149     0
110 0.081 0.007  0   0.113     1
111 0.064 0.004  0   0.085     1
112 0.051 0.002  0   0.063     0
113 0.039 0.001  0   0.047     2
114 0.030 0.001  0   0.034     0
115 0.022 0.000  0   0.025     0
116 0.017 0.000  0   0.018     1
117 0.012 0.000  0   0.013     0
118 0.009 0.000  0   0.009     0
119 0.006 0.000  0   0.006     0
120 0.004 0.000  0   0.004     0
121 0.003 0.000  0   0.003     0
122 0.002 0.000  0   0.002     1
123 0.001 0.000  0   0.001     0
124 0.001 0.000  0   0.001     0
125 0.001 0.000  0   0.001     0
126 0.000 0.000  0   0.000     0
127 0.000 0.000  0   0.000     0
128 0.000 0.000  0   0.000     0
129 0.000 0.000  0   0.000     0
130 0.000 0.000  0   0.000     0
131 0.000 0.000  0   0.000     0
132 0.000 0.000  0   0.000     0
133 0.000 0.000  0   0.000     0
134 0.000 0.000  0   0.000     0
135 0.000 0.000  0   0.000     0
136 0.000 0.000  0   0.000     0
137 0.000 0.000  0   0.000     0
138 0.000 0.000  0   0.000     0
139 0.000 0.000  0   0.000     0
140 0.000 0.000  0   0.000     0
141 0.000 0.000  0   0.000     0
142 0.000 0.000  0   0.000     0
143 0.000 0.000  0   0.000     0
144 0.000 0.000  0   0.000     0
145 0.000 0.000  0   0.000     0
146 0.000 0.000  0   0.000     0
147 0.000 0.000  0   0.000     0
148 0.000 0.000  0   0.000     0
149 0.000 0.000  0   0.000     0
150 0.000 0.000  0   0.000     0


 .... [TRUNCATED] 
>>>>>>>>>>>>>> 	 ALD-lykil 	 <<<<<<<<<<<<
 .... [TRUNCATED] 
$ALD
              0        1        2        3        4        5        6        7
1         0.000    0.000    0.000    0.000    0.000    0.000    0.000    0.000
2         0.000    0.000    0.000    0.000    0.000    0.000    0.000    0.000
3         0.000    0.000    0.000    0.000    0.000    0.000    0.000    0.000
4         0.000    0.000    0.000    0.000    0.000    0.000    0.000    0.000
5         0.000    0.000    0.000    0.000    0.000    0.000    0.000    0.000
6         0.000    0.000    0.000    0.000    0.000    0.000    0.000    0.000
7         0.000    0.000    0.000    0.000    0.000    0.000    0.000    0.000
8         0.000    0.000    0.000    0.000    0.000    0.000    0.000    0.000
9         0.000    0.000    0.000    0.000    0.000    0.000    0.000    0.000
10        0.000    0.000    0.000    0.000    0.000    0.000    0.000    0.000
11        0.000    0.000    0.000    0.000    0.000    0.000    0.000    0.000
12        0.000    0.000    0.000    0.000    0.000    0.000    0.000    0.000
13        0.000    0.000    0.000    0.000    0.000    0.000    0.000    0.000
14        0.000    0.000    0.000    0.000    0.000    0.000    0.000    0.000
15        0.000    0.000    0.000    0.000    0.000    0.000    0.000    0.000
16        0.000    0.000    0.000    0.000    0.000    0.000    0.000    0.000
17        0.000    0.000    0.000    0.000    0.000    0.000    0.000    0.000
18        0.000    0.000    0.000    0.000    0.000    0.000    0.000    0.000
19        0.000    0.000    0.000    0.000    0.000    0.000    0.000    0.000
20        0.000    0.000    0.000    0.000    0.000    0.000    0.000    0.000
21        0.000    0.000    0.000    0.000    0.000    0.000    0.000    0.000
22        0.000    0.000    0.000    0.000    0.000    0.000    0.000    0.000
23        0.000    0.000    0.000    0.000    0.000    0.000    0.000    0.000
24        0.000    0.000    0.000    0.000    0.000    0.000    0.000    0.000
25        0.000    0.000    0.000    0.000    0.000    0.000    0.000    0.000
26        0.000    0.000    0.000    0.000    0.000    0.000    0.000    0.000
27        0.000    0.000    0.000    0.000    0.000    0.000    0.000    0.000
28        0.000    0.000    0.000    0.000    0.000    0.000    0.000    0.000
29        0.000    0.000    0.000    0.000    0.000    0.000    0.000    0.000
30        0.000    0.000    0.000    0.000    0.000    0.000    0.000    0.000
31        0.000    0.000    0.000    0.000    0.000    0.000    0.000    0.000
32        0.000    0.000    0.000    0.000    0.000    0.000    0.000    0.000
33        0.000    0.000    0.000    0.000    0.000    0.000    0.000    0.000
34        0.000    0.000    0.000    0.000    0.000    0.000    0.000    0.000
35        0.000    0.000    0.000    0.000    0.000    0.000    0.000    0.000
36        0.000    0.000    0.000    0.000    0.000    0.000    0.000    0.000
37        0.000    0.000    0.000    0.000    0.000    0.000    0.000    0.000
38        0.000    0.000    0.000    0.000    0.000    0.000    0.000    0.000
39        0.000    0.000    0.000    0.000    0.000    0.000    0.000    0.000
40        0.000    0.000    0.000    0.000    0.000    0.000    0.000    0.000
41        0.000    0.000    0.000   29.000    0.000    0.000    0.000    0.000
42        0.000    0.000    0.000    0.000   42.000    0.000    0.000    0.000
43        0.000    0.000    0.000    0.000   72.000    0.000    0.000    0.000
44        0.000    0.000    0.000   58.000   58.000    0.000    0.000    0.000
45        0.000    0.000    0.000   20.714  103.571   20.714    0.000    0.000
46        0.000    0.000    0.000   80.308  142.769    8.923    0.000    0.000
47        0.000    0.000    0.000   35.429  301.143   35.429    0.000    0.000
48        0.000    0.000    0.000   56.939  313.163   75.918   18.980    0.000
49        0.000    0.000    0.000  151.830  373.736   81.755   11.679    0.000
50        0.000    0.000    0.000  103.797  539.747  145.316   31.139    0.000
51        0.000    0.000    0.000   65.500  564.938  253.812   32.750    0.000
52        0.000    0.000    0.000   74.136  469.525  313.017  107.085    8.237
53        0.000    0.000    0.000   45.261  520.500  354.543  120.696    0.000
54        0.000    0.000    0.000   42.783  534.783  399.304  171.130    0.000
55        0.000    0.000    0.000   21.912  533.196  379.811  138.777    7.304
56        0.000    0.000    0.000   20.560  452.320  356.373  178.187   20.560
57        0.000    0.000    0.000    7.752  410.856  356.592  186.048    7.752
58        0.000    0.000    0.000    0.000  405.849  351.736  189.396    9.019
59        0.000    0.000    0.000    0.000  231.483  354.033  211.058   20.425
60        0.000    0.000    0.000    0.000  136.838  388.909  180.051    7.202
61        0.000    0.000    0.000    0.000   91.313  302.036  168.578   21.072
62        0.000    0.000    0.000    0.000   59.200  266.400  185.000    7.400
63        0.000    0.000    0.000    0.000   46.981  172.264  195.755    0.000
64        0.000    0.000    0.000    0.000   49.000  140.000  112.000    0.000
65        0.000    0.000    0.000    0.000    0.000  125.122  145.976   13.902
66        0.000    0.000    0.000    0.000   19.371   96.857   83.943   25.829
67        0.000    0.000    0.000    0.000    0.000   81.412   76.324   10.176
68        0.000    0.000    0.000    0.000    0.000   99.909   42.818   14.273
69        0.000    0.000    0.000    0.000    0.000   42.000   35.000   42.000
70        0.000    0.000    0.000    0.000    0.000   19.400   29.100   38.800
71        0.000    0.000    0.000    0.000    0.000   32.571   32.571   32.571
72        0.000    0.000    0.000    0.000    0.000   18.444   32.278   23.056
73        0.000    0.000    0.000    0.000    0.000    8.273   41.364   24.818
74        0.000    0.000    0.000    0.000    0.000    6.077   48.615   24.308
75        0.000    0.000    0.000    0.000    0.000   12.462   31.154   18.692
76        0.000    0.000    0.000    0.000    0.000    7.625   15.250   22.875
77        0.000    0.000    0.000    0.000    0.000    0.000   20.364   25.455
78        0.000    0.000    0.000    0.000    0.000    0.000    0.000   28.000
79        0.000    0.000    0.000    0.000    0.000    0.000   17.867    4.467
80        0.000    0.000    0.000    0.000    0.000    0.000   19.385   14.538
81        0.000    0.000    0.000    0.000    0.000    0.000    4.062   20.312
82        0.000    0.000    0.000    0.000    0.000    0.000    6.700   13.400
83        0.000    0.000    0.000    0.000    0.000    0.000    0.000    0.000
84        0.000    0.000    0.000    0.000    0.000    0.000    0.000   19.077
85        0.000    0.000    0.000    0.000    0.000    0.000    0.000    0.000
86        0.000    0.000    0.000    0.000    0.000    0.000    0.000    0.000
87        0.000    0.000    0.000    0.000    0.000    0.000    0.000    3.933
88        0.000    0.000    0.000    0.000    0.000    0.000    0.000   11.200
89        0.000    0.000    0.000    0.000    0.000    0.000    0.000    0.000
90        0.000    0.000    0.000    0.000    0.000    0.000    0.000    0.000
91        0.000    0.000    0.000    0.000    0.000    0.000    0.000    0.000
92        0.000    0.000    0.000    0.000    0.000    0.000    0.000    0.000
93        0.000    0.000    0.000    0.000    0.000    0.000    0.000    0.000
94        0.000    0.000    0.000    0.000    0.000    0.000    0.000    0.000
95        0.000    0.000    0.000    0.000    0.000    0.000    0.000    0.000
96        0.000    0.000    0.000    0.000    0.000    0.000    0.000    0.000
97        0.000    0.000    0.000    0.000    0.000    0.000    0.000    0.000
98        0.000    0.000    0.000    0.000    0.000    0.000    0.000    0.000
99        0.000    0.000    0.000    0.000    0.000    0.000    0.000    0.000
100       0.000    0.000    0.000    0.000    0.000    0.000    0.000    0.000
101       0.000    0.000    0.000    0.000    0.000    0.000    0.000    0.000
102       0.000    0.000    0.000    0.000    0.000    0.000    0.000    0.000
103       0.000    0.000    0.000    0.000    0.000    0.000    0.000    0.000
104       0.000    0.000    0.000    0.000    0.000    0.000    0.000    0.000
105       0.000    0.000    0.000    0.000    0.000    0.000    0.000    0.000
106       0.000    0.000    0.000    0.000    0.000    0.000    0.000    0.000
107       0.000    0.000    0.000    0.000    0.000    0.000    0.000    0.000
108       0.000    0.000    0.000    0.000    0.000    0.000    0.000    0.000
109       0.000    0.000    0.000    0.000    0.000    0.000    0.000    0.000
110       0.000    0.000    0.000    0.000    0.000    0.000    0.000    0.000
111       0.000    0.000    0.000    0.000    0.000    0.000    0.000    0.000
112       0.000    0.000    0.000    0.000    0.000    0.000    0.000    0.000
113       0.000    0.000    0.000    0.000    0.000    0.000    0.000    0.000
114       0.000    0.000    0.000    0.000    0.000    0.000    0.000    0.000
115       0.000    0.000    0.000    0.000    0.000    0.000    0.000    0.000
116       0.000    0.000    0.000    0.000    0.000    0.000    0.000    0.000
117       0.000    0.000    0.000    0.000    0.000    0.000    0.000    0.000
118       0.000    0.000    0.000    0.000    0.000    0.000    0.000    0.000
119       0.000    0.000    0.000    0.000    0.000    0.000    0.000    0.000
120       0.000    0.000    0.000    0.000    0.000    0.000    0.000    0.000
121       0.000    0.000    0.000    0.000    0.000    0.000    0.000    0.000
122       0.000    0.000    0.000    0.000    0.000    0.000    0.000    0.000
123       0.000    0.000    0.000    0.000    0.000    0.000    0.000    0.000
124       0.000    0.000    0.000    0.000    0.000    0.000    0.000    0.000
125       0.000    0.000    0.000    0.000    0.000    0.000    0.000    0.000
126       0.000    0.000    0.000    0.000    0.000    0.000    0.000    0.000
127       0.000    0.000    0.000    0.000    0.000    0.000    0.000    0.000
128       0.000    0.000    0.000    0.000    0.000    0.000    0.000    0.000
129       0.000    0.000    0.000    0.000    0.000    0.000    0.000    0.000
130       0.000    0.000    0.000    0.000    0.000    0.000    0.000    0.000
131       0.000    0.000    0.000    0.000    0.000    0.000    0.000    0.000
132       0.000    0.000    0.000    0.000    0.000    0.000    0.000    0.000
133       0.000    0.000    0.000    0.000    0.000    0.000    0.000    0.000
134       0.000    0.000    0.000    0.000    0.000    0.000    0.000    0.000
135       0.000    0.000    0.000    0.000    0.000    0.000    0.000    0.000
136       0.000    0.000    0.000    0.000    0.000    0.000    0.000    0.000
137       0.000    0.000    0.000    0.000    0.000    0.000    0.000    0.000
138       0.000    0.000    0.000    0.000    0.000    0.000    0.000    0.000
139       0.000    0.000    0.000    0.000    0.000    0.000    0.000    0.000
140       0.000    0.000    0.000    0.000    0.000    0.000    0.000    0.000
141       0.000    0.000    0.000    0.000    0.000    0.000    0.000    0.000
142       0.000    0.000    0.000    0.000    0.000    0.000    0.000    0.000
143       0.000    0.000    0.000    0.000    0.000    0.000    0.000    0.000
144       0.000    0.000    0.000    0.000    0.000    0.000    0.000    0.000
145       0.000    0.000    0.000    0.000    0.000    0.000    0.000    0.000
146       0.000    0.000    0.000    0.000    0.000    0.000    0.000    0.000
147       0.000    0.000    0.000    0.000    0.000    0.000    0.000    0.000
148       0.000    0.000    0.000    0.000    0.000    0.000    0.000    0.000
149       0.000    0.000    0.000    0.000    0.000    0.000    0.000    0.000
150       0.000    0.000    0.000    0.000    0.000    0.000    0.000    0.000
Sum       0.000    0.000    0.000  813.920 6472.284 5307.039 2921.078  540.654
mW        0.000    0.000    0.000    1.022    1.266    1.608    1.888    2.942
mL        0.000    0.000    0.000   49.247   52.979   57.521   60.676   70.769
pA        0.000    0.000    0.000    0.048    0.381    0.313    0.172    0.032
tot.mW 1720.968 1720.968 1720.968 1720.968 1720.968 1720.968 1720.968 1720.968
tot.mL   57.871   57.871   57.871   57.871   57.871   57.871   57.871   57.871
              8        9       10       11       12       13       14       15
1         0.000    0.000    0.000    0.000    0.000    0.000    0.000    0.000
2         0.000    0.000    0.000    0.000    0.000    0.000    0.000    0.000
3         0.000    0.000    0.000    0.000    0.000    0.000    0.000    0.000
4         0.000    0.000    0.000    0.000    0.000    0.000    0.000    0.000
5         0.000    0.000    0.000    0.000    0.000    0.000    0.000    0.000
6         0.000    0.000    0.000    0.000    0.000    0.000    0.000    0.000
7         0.000    0.000    0.000    0.000    0.000    0.000    0.000    0.000
8         0.000    0.000    0.000    0.000    0.000    0.000    0.000    0.000
9         0.000    0.000    0.000    0.000    0.000    0.000    0.000    0.000
10        0.000    0.000    0.000    0.000    0.000    0.000    0.000    0.000
11        0.000    0.000    0.000    0.000    0.000    0.000    0.000    0.000
12        0.000    0.000    0.000    0.000    0.000    0.000    0.000    0.000
13        0.000    0.000    0.000    0.000    0.000    0.000    0.000    0.000
14        0.000    0.000    0.000    0.000    0.000    0.000    0.000    0.000
15        0.000    0.000    0.000    0.000    0.000    0.000    0.000    0.000
16        0.000    0.000    0.000    0.000    0.000    0.000    0.000    0.000
17        0.000    0.000    0.000    0.000    0.000    0.000    0.000    0.000
18        0.000    0.000    0.000    0.000    0.000    0.000    0.000    0.000
19        0.000    0.000    0.000    0.000    0.000    0.000    0.000    0.000
20        0.000    0.000    0.000    0.000    0.000    0.000    0.000    0.000
21        0.000    0.000    0.000    0.000    0.000    0.000    0.000    0.000
22        0.000    0.000    0.000    0.000    0.000    0.000    0.000    0.000
23        0.000    0.000    0.000    0.000    0.000    0.000    0.000    0.000
24        0.000    0.000    0.000    0.000    0.000    0.000    0.000    0.000
25        0.000    0.000    0.000    0.000    0.000    0.000    0.000    0.000
26        0.000    0.000    0.000    0.000    0.000    0.000    0.000    0.000
27        0.000    0.000    0.000    0.000    0.000    0.000    0.000    0.000
28        0.000    0.000    0.000    0.000    0.000    0.000    0.000    0.000
29        0.000    0.000    0.000    0.000    0.000    0.000    0.000    0.000
30        0.000    0.000    0.000    0.000    0.000    0.000    0.000    0.000
31        0.000    0.000    0.000    0.000    0.000    0.000    0.000    0.000
32        0.000    0.000    0.000    0.000    0.000    0.000    0.000    0.000
33        0.000    0.000    0.000    0.000    0.000    0.000    0.000    0.000
34        0.000    0.000    0.000    0.000    0.000    0.000    0.000    0.000
35        0.000    0.000    0.000    0.000    0.000    0.000    0.000    0.000
36        0.000    0.000    0.000    0.000    0.000    0.000    0.000    0.000
37        0.000    0.000    0.000    0.000    0.000    0.000    0.000    0.000
38        0.000    0.000    0.000    0.000    0.000    0.000    0.000    0.000
39        0.000    0.000    0.000    0.000    0.000    0.000    0.000    0.000
40        0.000    0.000    0.000    0.000    0.000    0.000    0.000    0.000
41        0.000    0.000    0.000    0.000    0.000    0.000    0.000    0.000
42        0.000    0.000    0.000    0.000    0.000    0.000    0.000    0.000
43        0.000    0.000    0.000    0.000    0.000    0.000    0.000    0.000
44        0.000    0.000    0.000    0.000    0.000    0.000    0.000    0.000
45        0.000    0.000    0.000    0.000    0.000    0.000    0.000    0.000
46        0.000    0.000    0.000    0.000    0.000    0.000    0.000    0.000
47        0.000    0.000    0.000    0.000    0.000    0.000    0.000    0.000
48        0.000    0.000    0.000    0.000    0.000    0.000    0.000    0.000
49        0.000    0.000    0.000    0.000    0.000    0.000    0.000    0.000
50        0.000    0.000    0.000    0.000    0.000    0.000    0.000    0.000
51        0.000    0.000    0.000    0.000    0.000    0.000    0.000    0.000
52        0.000    0.000    0.000    0.000    0.000    0.000    0.000    0.000
53        0.000    0.000    0.000    0.000    0.000    0.000    0.000    0.000
54        0.000    0.000    0.000    0.000    0.000    0.000    0.000    0.000
55        0.000    0.000    0.000    0.000    0.000    0.000    0.000    0.000
56        0.000    0.000    0.000    0.000    0.000    0.000    0.000    0.000
57        0.000    0.000    0.000    0.000    0.000    0.000    0.000    0.000
58        0.000    0.000    0.000    0.000    0.000    0.000    0.000    0.000
59        0.000    0.000    0.000    0.000    0.000    0.000    0.000    0.000
60        0.000    0.000    0.000    0.000    0.000    0.000    0.000    0.000
61        0.000    0.000    0.000    0.000    0.000    0.000    0.000    0.000
62        0.000    0.000    0.000    0.000    0.000    0.000    0.000    0.000
63        0.000    0.000    0.000    0.000    0.000    0.000    0.000    0.000
64        0.000    0.000    0.000    0.000    0.000    0.000    0.000    0.000
65        0.000    0.000    0.000    0.000    0.000    0.000    0.000    0.000
66        0.000    0.000    0.000    0.000    0.000    0.000    0.000    0.000
67        5.088    0.000    0.000    0.000    0.000    0.000    0.000    0.000
68        0.000    0.000    0.000    0.000    0.000    0.000    0.000    0.000
69        0.000    0.000    0.000    0.000    0.000    0.000    0.000    0.000
70        9.700    0.000    0.000    0.000    0.000    0.000    0.000    0.000
71       16.286    0.000    0.000    0.000    0.000    0.000    0.000    0.000
72        9.222    0.000    0.000    0.000    0.000    0.000    0.000    0.000
73       16.545    0.000    0.000    0.000    0.000    0.000    0.000    0.000
74        0.000    0.000    0.000    0.000    0.000    0.000    0.000    0.000
75       12.462    6.231    0.000    0.000    0.000    0.000    0.000    0.000
76       15.250    0.000    0.000    0.000    0.000    0.000    0.000    0.000
77       10.182    0.000    0.000    0.000    0.000    0.000    0.000    0.000
78       21.000    0.000    0.000    0.000    0.000    0.000    0.000    0.000
79       31.267    4.467    0.000    4.467    4.467    0.000    0.000    0.000
80       24.231    4.846    0.000    0.000    0.000    0.000    0.000    0.000
81       20.312   16.250    4.062    0.000    0.000    0.000    0.000    0.000
82       33.500   13.400    0.000    0.000    0.000    0.000    0.000    0.000
83       27.500   13.750    6.875    6.875    0.000    0.000    0.000    0.000
84        4.769   19.077    4.769    4.769    4.769    0.000    4.769    0.000
85       21.333   14.222   14.222    7.111    7.111    0.000    0.000    0.000
86       15.250   25.417   15.250    0.000    5.083    0.000    0.000    0.000
87        0.000   11.800   15.733   15.733    3.933    3.933    3.933    0.000
88        0.000   11.200   22.400   11.200    0.000    0.000    0.000    0.000
89        0.000    4.455   22.273    8.909    0.000    8.909    4.455    0.000
90        0.000    0.000    8.800   26.400    0.000    8.800    0.000    0.000
91        0.000    5.222    5.222   15.667   20.889    0.000    0.000    0.000
92        0.000    0.000    0.000   14.000   14.000    0.000    0.000    0.000
93        0.000    0.000    5.400    5.400   10.800    5.400    0.000    0.000
94        0.000    0.000    0.000    5.143    5.143    2.571    2.571    2.571
95        0.000    0.000    5.250    5.250    5.250    5.250    0.000    0.000
96        0.000    4.200    4.200    8.400    0.000    0.000    4.200    0.000
97        0.000    0.000    0.000   14.000    0.000    0.000    0.000    0.000
98        0.000    0.000    0.000    3.667    0.000    0.000    7.333    0.000
99        0.000    0.000    0.000    0.000    6.500    0.000    6.500    0.000
100       0.000    0.000    0.000    0.000    0.000    0.000    0.000    0.000
101       0.000    0.000    0.000    0.000    0.000    0.000    0.000    0.000
102       0.000    0.000    0.000    0.000    0.000    0.000    0.000    0.000
103       0.000    0.000    0.000    0.000    3.000    3.000    0.000    0.000
104       0.000    0.000    0.000    0.000    0.000    0.000    0.000    0.000
105       0.000    0.000    0.000    0.000    0.000    0.000    0.000    0.000
106       0.000    0.000    0.000    0.000    4.000    0.000    0.000    0.000
107       0.000    0.000    0.000    0.000    0.000    0.000    0.000    0.000
108       0.000    0.000    0.000    0.000    0.000    0.000    0.000    0.000
109       0.000    0.000    0.000    0.000    0.000    0.000    0.000    0.000
110       0.000    0.000    0.000    0.000    0.000    0.000    0.000    0.000
111       0.000    0.000    0.000    0.000    0.000    0.000    0.000    0.000
112       0.000    0.000    0.000    0.000    0.000    0.000    0.000    0.000
113       0.000    0.000    0.000    0.000    0.000    2.000    0.000    0.000
114       0.000    0.000    0.000    0.000    0.000    0.000    0.000    0.000
115       0.000    0.000    0.000    0.000    0.000    0.000    0.000    0.000
116       0.000    0.000    0.000    0.000    0.000    0.000    0.000    0.000
117       0.000    0.000    0.000    0.000    0.000    0.000    0.000    0.000
118       0.000    0.000    0.000    0.000    0.000    0.000    0.000    0.000
119       0.000    0.000    0.000    0.000    0.000    0.000    0.000    0.000
120       0.000    0.000    0.000    0.000    0.000    0.000    0.000    0.000
121       0.000    0.000    0.000    0.000    0.000    0.000    0.000    0.000
122       0.000    0.000    0.000    0.000    0.000    0.000    0.000    0.000
123       0.000    0.000    0.000    0.000    0.000    0.000    0.000    0.000
124       0.000    0.000    0.000    0.000    0.000    0.000    0.000    0.000
125       0.000    0.000    0.000    0.000    0.000    0.000    0.000    0.000
126       0.000    0.000    0.000    0.000    0.000    0.000    0.000    0.000
127       0.000    0.000    0.000    0.000    0.000    0.000    0.000    0.000
128       0.000    0.000    0.000    0.000    0.000    0.000    0.000    0.000
129       0.000    0.000    0.000    0.000    0.000    0.000    0.000    0.000
130       0.000    0.000    0.000    0.000    0.000    0.000    0.000    0.000
131       0.000    0.000    0.000    0.000    0.000    0.000    0.000    0.000
132       0.000    0.000    0.000    0.000    0.000    0.000    0.000    0.000
133       0.000    0.000    0.000    0.000    0.000    0.000    0.000    0.000
134       0.000    0.000    0.000    0.000    0.000    0.000    0.000    0.000
135       0.000    0.000    0.000    0.000    0.000    0.000    0.000    0.000
136       0.000    0.000    0.000    0.000    0.000    0.000    0.000    0.000
137       0.000    0.000    0.000    0.000    0.000    0.000    0.000    0.000
138       0.000    0.000    0.000    0.000    0.000    0.000    0.000    0.000
139       0.000    0.000    0.000    0.000    0.000    0.000    0.000    0.000
140       0.000    0.000    0.000    0.000    0.000    0.000    0.000    0.000
141       0.000    0.000    0.000    0.000    0.000    0.000    0.000    0.000
142       0.000    0.000    0.000    0.000    0.000    0.000    0.000    0.000
143       0.000    0.000    0.000    0.000    0.000    0.000    0.000    0.000
144       0.000    0.000    0.000    0.000    0.000    0.000    0.000    0.000
145       0.000    0.000    0.000    0.000    0.000    0.000    0.000    0.000
146       0.000    0.000    0.000    0.000    0.000    0.000    0.000    0.000
147       0.000    0.000    0.000    0.000    0.000    0.000    0.000    0.000
148       0.000    0.000    0.000    0.000    0.000    0.000    0.000    0.000
149       0.000    0.000    0.000    0.000    0.000    0.000    0.000    0.000
150       0.000    0.000    0.000    0.000    0.000    0.000    0.000    0.000
Sum     293.897  154.536  134.457  156.991   94.945   39.864   33.762    2.571
mW        3.905    4.731    5.291    5.732    5.987    6.262    6.297    6.393
mL       78.861   84.450   87.876   90.353   91.644   93.222   93.500   94.000
pA        0.017    0.009    0.008    0.009    0.006    0.002    0.002    0.000
tot.mW 1720.968 1720.968 1720.968 1720.968 1720.968 1720.968 1720.968 1720.968
tot.mL   57.871   57.871   57.871   57.871   57.871   57.871   57.871   57.871
           Matad       Sum
1          0.000     0.000
2          0.000     0.000
3          0.000     0.000
4          0.000     0.000
5          0.000     0.000
6          0.000     0.000
7          0.000     0.000
8          0.000     0.000
9          0.000     0.000
10         0.000     0.000
11         0.000     0.000
12         0.000     0.000
13         0.000     0.000
14         0.000     0.000
15         0.000     0.000
16         0.000     0.000
17         0.000     0.000
18         0.000     0.000
19         0.000     0.000
20         0.000     0.000
21         0.000     0.000
22         0.000     0.000
23         0.000     0.000
24         0.000     0.000
25         0.000     0.000
26         0.000     0.000
27         0.000     0.000
28         0.000     0.000
29         0.000     0.000
30         0.000     0.000
31         0.000     0.000
32         0.000     0.000
33         0.000     0.000
34         0.000     0.000
35         0.000     0.000
36         0.000     0.000
37         0.000     0.000
38         6.000     0.000
39        11.000     0.000
40        20.000     0.000
41        29.000    29.000
42        42.000    42.000
43        72.000    72.000
44       116.000   116.000
45       145.000   145.000
46       232.000   232.000
47       372.000   372.000
48       465.000   465.000
49       619.000   619.000
50       820.000   820.000
51       917.000   917.000
52       972.000   972.000
53      1041.000  1041.000
54      1148.000  1148.000
55      1081.000  1081.000
56      1028.000  1028.000
57       969.000   969.000
58       956.000   956.000
59       817.000   817.000
60       713.000   713.000
61       583.000   583.000
62       518.000   518.000
63       415.000   415.000
64       301.000   301.000
65       285.000   285.000
66       226.000   226.000
67       173.000   173.000
68       157.000   157.000
69       119.000   119.000
70        97.000    97.000
71       114.000   114.000
72        83.000    83.000
73        91.000    91.000
74        79.000    79.000
75        81.000    81.000
76        61.000    61.000
77        56.000    56.000
78        49.000    49.000
79        67.000    67.000
80        63.000    63.000
81        65.000    65.000
82        67.000    67.000
83        55.000    55.000
84        62.000    62.000
85        64.000    64.000
86        61.000    61.000
87        59.000    59.000
88        56.000    56.000
89        49.000    49.000
90        44.000    44.000
91        47.000    47.000
92        28.000    28.000
93        27.000    27.000
94        18.000    18.000
95        21.000    21.000
96        21.000    21.000
97        14.000    14.000
98        11.000    11.000
99        13.000    13.000
100       10.000     0.000
101        6.000     0.000
102        4.000     0.000
103        6.000     6.000
104        3.000     0.000
105        1.000     0.000
106        4.000     4.000
107        0.000     0.000
108        0.000     0.000
109        0.000     0.000
110        1.000     0.000
111        1.000     0.000
112        0.000     0.000
113        2.000     2.000
114        0.000     0.000
115        0.000     0.000
116        1.000     0.000
117        0.000     0.000
118        0.000     0.000
119        0.000     0.000
120        0.000     0.000
121        0.000     0.000
122        1.000     0.000
123        0.000     0.000
124        0.000     0.000
125        0.000     0.000
126        0.000     0.000
127        0.000     0.000
128        0.000     0.000
129        0.000     0.000
130        0.000     0.000
131        0.000     0.000
132        0.000     0.000
133        0.000     0.000
134        0.000     0.000
135        0.000     0.000
136        0.000     0.000
137        0.000     0.000
138        0.000     0.000
139        0.000     0.000
140        0.000     0.000
141        0.000     0.000
142        0.000     0.000
143        0.000     0.000
144        0.000     0.000
145        0.000     0.000
146        0.000     0.000
147        0.000     0.000
148        0.000     0.000
149        0.000     0.000
150        0.000     0.000
Sum    17031.000 16966.000
mW         0.000     0.000
mL         0.000     0.000
pA         0.000     0.000
tot.mW  1720.968  1720.968
tot.mL    57.871    57.871

$ALD.j
              0        1        2        3        4        5        6        7
1         0.000    0.000    0.000    0.000    0.000    0.000    0.000    0.000
2         0.000    0.000    0.000    0.000    0.000    0.000    0.000    0.000
3         0.000    0.000    0.000    0.000    0.000    0.000    0.000    0.000
4         0.000    0.000    0.000    0.000    0.000    0.000    0.000    0.000
5         0.000    0.000    0.000    0.000    0.000    0.000    0.000    0.000
6         0.000    0.000    0.000    0.000    0.000    0.000    0.000    0.000
7         0.000    0.000    0.000    0.000    0.000    0.000    0.000    0.000
8         0.000    0.000    0.000    0.000    0.000    0.000    0.000    0.000
9         0.000    0.000    0.000    0.000    0.000    0.000    0.000    0.000
10        0.000    0.000    0.000    0.000    0.000    0.000    0.000    0.000
11        0.000    0.000    0.000    0.000    0.000    0.000    0.000    0.000
12        0.000    0.000    0.000    0.000    0.000    0.000    0.000    0.000
13        0.000    0.000    0.000    0.000    0.000    0.000    0.000    0.000
14        0.000    0.000    0.000    0.000    0.000    0.000    0.000    0.000
15        0.000    0.000    0.000    0.000    0.000    0.000    0.000    0.000
16        0.000    0.000    0.000    0.000    0.000    0.000    0.000    0.000
17        0.000    0.000    0.000    0.000    0.000    0.000    0.000    0.000
18        0.000    0.000    0.000    0.000    0.000    0.000    0.000    0.000
19        0.000    0.000    0.000    0.000    0.000    0.000    0.000    0.000
20        0.000    0.000    0.000    0.000    0.000    0.000    0.000    0.000
21        0.000    0.000    0.000    0.000    0.000    0.000    0.000    0.000
22        0.000    0.000    0.000    0.000    0.000    0.000    0.000    0.000
23        0.000    0.000    0.000    0.000    0.000    0.000    0.000    0.000
24        0.000    0.000    0.000    0.000    0.000    0.000    0.000    0.000
25        0.000    0.000    0.000    0.000    0.000    0.000    0.000    0.000
26        0.000    0.000    0.000    0.000    0.000    0.000    0.000    0.000
27        0.000    0.000    0.000    0.000    0.000    0.000    0.000    0.000
28        0.000    0.000    0.000    0.000    0.000    0.000    0.000    0.000
29        0.000    0.000    0.000    0.000    0.000    0.000    0.000    0.000
30        0.000    0.000    0.000    0.000    0.000    0.000    0.000    0.000
31        0.000    0.000    0.000    0.000    0.000    0.000    0.000    0.000
32        0.000    0.000    0.000    0.000    0.000    0.000    0.000    0.000
33        0.000    0.000    0.000    0.000    0.000    0.000    0.000    0.000
34        0.000    0.000    0.000    0.000    0.000    0.000    0.000    0.000
35        0.000    0.000    0.000    0.000    0.000    0.000    0.000    0.000
36        0.000    0.000    0.000    0.000    0.000    0.000    0.000    0.000
37        0.000    0.000    0.000    0.000    0.000    0.000    0.000    0.000
38        0.000    0.000    0.000    0.355    1.982    1.516    2.108    0.040
39        0.000    0.000    0.000    0.940    4.249    2.679    3.075    0.056
40        0.000    0.000    0.000    2.279    8.636    4.593    4.412    0.079
41        0.000    0.000    0.000    4.103   13.532    6.212    5.063    0.090
42        0.000    0.000    0.000    6.947   20.685    8.386    5.878    0.104
43        0.000    0.000    0.000   13.220   36.871   13.506    8.255    0.147
44        0.000    0.000    0.000   22.598   61.250   20.743   11.206    0.203
45        0.000    0.000    0.000   28.769   78.625   25.187   12.194    0.225
46        0.000    0.000    0.000   45.112  128.980   39.988   17.587    0.334
47        0.000    0.000    0.000   68.263  211.841   65.036   26.342    0.518
48        0.000    0.000    0.000   77.483  270.787   84.225   31.850    0.655
49        0.000    0.000    0.000   89.953  367.309  118.431   42.389    0.917
50        0.000    0.000    0.000   99.544  492.749  168.507   57.871    1.329
51        0.000    0.000    0.000   88.795  552.829  205.157   68.536    1.683
52        0.000    0.000    0.000   71.450  580.488  239.183   78.794    2.085
53        0.000    0.000    0.000   55.100  606.086  283.698   93.431    2.684
54        0.000    0.000    0.000   41.366  639.170  347.749  116.066    3.650
55        0.000    0.000    0.000   24.988  562.730  364.097  124.854    4.330
56        0.000    0.000    0.000   14.316  487.511  383.806  137.083    5.284
57        0.000    0.000    0.000    7.607  406.385  398.307  150.214    6.486
58        0.000    0.000    0.000    3.942  342.834  428.013  172.787    8.422
59        0.000    0.000    0.000    1.643  241.272  392.569  171.977    9.537
60        0.000    0.000    0.000    0.647  166.369  360.959  173.961   11.060
61        0.000    0.000    0.000    0.220  102.818  304.350  163.585   12.017
62        0.000    0.000    0.000    0.075   65.909  272.338  165.499   14.156
63        0.000    0.000    0.000    0.021   36.318  214.335  149.291   14.984
64        0.000    0.000    0.000    0.005   17.261  148.862  120.481   14.300
65        0.000    0.000    0.000    0.001   10.198  131.496  125.365   17.734
66        0.000    0.000    0.000    0.000    4.801   94.694  107.810   18.316
67        0.000    0.000    0.000    0.000    2.072   63.974   88.175   18.132
68        0.000    0.000    0.000    0.000    1.004   49.663   84.009   21.072
69        0.000    0.000    0.000    0.000    0.384   31.086   65.424   20.173
70        0.000    0.000    0.000    0.000    0.148   20.093   53.338   20.375
71        0.000    0.000    0.000    0.000    0.077   17.860   60.623   28.912
72        0.000    0.000    0.000    0.000    0.023    9.310   40.964   24.580
73        0.000    0.000    0.000    0.000    0.009    6.870   39.724   30.223
74        0.000    0.000    0.000    0.000    0.003    3.756   28.934   28.130
75        0.000    0.000    0.000    0.000    0.001    2.268   23.596   29.542
76        0.000    0.000    0.000    0.000    0.000    0.944   13.448   21.851
77        0.000    0.000    0.000    0.000    0.000    0.453    8.949   19.017
78        0.000    0.000    0.000    0.000    0.000    0.197    5.476   15.337
79        0.000    0.000    0.000    0.000    0.000    0.128    5.081   18.906
80        0.000    0.000    0.000    0.000    0.000    0.055    3.158   15.731
81        0.000    0.000    0.000    0.000    0.000    0.025    2.101   14.117
82        0.000    0.000    0.000    0.000    0.000    0.011    1.362   12.442
83        0.000    0.000    0.000    0.000    0.000    0.004    0.686    8.589
84        0.000    0.000    0.000    0.000    0.000    0.002    0.464    8.024
85        0.000    0.000    0.000    0.000    0.000    0.001    0.283    6.793
86        0.000    0.000    0.000    0.000    0.000    0.000    0.157    5.286
87        0.000    0.000    0.000    0.000    0.000    0.000    0.088    4.184
88        0.000    0.000    0.000    0.000    0.000    0.000    0.048    3.275
89        0.000    0.000    0.000    0.000    0.000    0.000    0.025    2.392
90        0.000    0.000    0.000    0.000    0.000    0.000    0.013    1.816
91        0.000    0.000    0.000    0.000    0.000    0.000    0.008    1.660
92        0.000    0.000    0.000    0.000    0.000    0.000    0.003    0.853
93        0.000    0.000    0.000    0.000    0.000    0.000    0.002    0.711
94        0.000    0.000    0.000    0.000    0.000    0.000    0.001    0.335
95        0.000    0.000    0.000    0.000    0.000    0.000    0.000    0.410
96        0.000    0.000    0.000    0.000    0.000    0.000    0.000    0.349
97        0.000    0.000    0.000    0.000    0.000    0.000    0.000    0.196
98        0.000    0.000    0.000    0.000    0.000    0.000    0.000    0.129
99        0.000    0.000    0.000    0.000    0.000    0.000    0.000    0.127
100       0.000    0.000    0.000    0.000    0.000    0.000    0.000    0.080
101       0.000    0.000    0.000    0.000    0.000    0.000    0.000    0.039
102       0.000    0.000    0.000    0.000    0.000    0.000    0.000    0.021
103       0.000    0.000    0.000    0.000    0.000    0.000    0.000    0.026
104       0.000    0.000    0.000    0.000    0.000    0.000    0.000    0.010
105       0.000    0.000    0.000    0.000    0.000    0.000    0.000    0.003
106       0.000    0.000    0.000    0.000    0.000    0.000    0.000    0.009
107       0.000    0.000    0.000    0.000    0.000    0.000    0.000    0.000
108       0.000    0.000    0.000    0.000    0.000    0.000    0.000    0.000
109       0.000    0.000    0.000    0.000    0.000    0.000    0.000    0.000
110       0.000    0.000    0.000    0.000    0.000    0.000    0.000    0.001
111       0.000    0.000    0.000    0.000    0.000    0.000    0.000    0.001
112       0.000    0.000    0.000    0.000    0.000    0.000    0.000    0.000
113       0.000    0.000    0.000    0.000    0.000    0.000    0.000    0.001
114       0.000    0.000    0.000    0.000    0.000    0.000    0.000    0.000
115       0.000    0.000    0.000    0.000    0.000    0.000    0.000    0.000
116       0.000    0.000    0.000    0.000    0.000    0.000    0.000    0.000
117       0.000    0.000    0.000    0.000    0.000    0.000    0.000    0.000
118       0.000    0.000    0.000    0.000    0.000    0.000    0.000    0.000
119       0.000    0.000    0.000    0.000    0.000    0.000    0.000    0.000
120       0.000    0.000    0.000    0.000    0.000    0.000    0.000    0.000
121       0.000    0.000    0.000    0.000    0.000    0.000    0.000    0.000
122       0.000    0.000    0.000    0.000    0.000    0.000    0.000    0.000
123       0.000    0.000    0.000    0.000    0.000    0.000    0.000    0.000
124       0.000    0.000    0.000    0.000    0.000    0.000    0.000    0.000
125       0.000    0.000    0.000    0.000    0.000    0.000    0.000    0.000
126       0.000    0.000    0.000    0.000    0.000    0.000    0.000    0.000
127       0.000    0.000    0.000    0.000    0.000    0.000    0.000    0.000
128       0.000    0.000    0.000    0.000    0.000    0.000    0.000    0.000
129       0.000    0.000    0.000    0.000    0.000    0.000    0.000    0.000
130       0.000    0.000    0.000    0.000    0.000    0.000    0.000    0.000
131       0.000    0.000    0.000    0.000    0.000    0.000    0.000    0.000
132       0.000    0.000    0.000    0.000    0.000    0.000    0.000    0.000
133       0.000    0.000    0.000    0.000    0.000    0.000    0.000    0.000
134       0.000    0.000    0.000    0.000    0.000    0.000    0.000    0.000
135       0.000    0.000    0.000    0.000    0.000    0.000    0.000    0.000
136       0.000    0.000    0.000    0.000    0.000    0.000    0.000    0.000
137       0.000    0.000    0.000    0.000    0.000    0.000    0.000    0.000
138       0.000    0.000    0.000    0.000    0.000    0.000    0.000    0.000
139       0.000    0.000    0.000    0.000    0.000    0.000    0.000    0.000
140       0.000    0.000    0.000    0.000    0.000    0.000    0.000    0.000
141       0.000    0.000    0.000    0.000    0.000    0.000    0.000    0.000
142       0.000    0.000    0.000    0.000    0.000    0.000    0.000    0.000
143       0.000    0.000    0.000    0.000    0.000    0.000    0.000    0.000
144       0.000    0.000    0.000    0.000    0.000    0.000    0.000    0.000
145       0.000    0.000    0.000    0.000    0.000    0.000    0.000    0.000
146       0.000    0.000    0.000    0.000    0.000    0.000    0.000    0.000
147       0.000    0.000    0.000    0.000    0.000    0.000    0.000    0.000
148       0.000    0.000    0.000    0.000    0.000    0.000    0.000    0.000
149       0.000    0.000    0.000    0.000    0.000    0.000    0.000    0.000
150       0.000    0.000    0.000    0.000    0.000    0.000    0.000    0.000
Sum       0.000    0.000    0.000  769.745 6524.196 5335.321 2874.103  535.286
mW        0.000    0.000    0.000    1.046    1.276    1.577    1.856    3.007
mL        0.000    0.000    0.000   49.671   53.170   57.131   60.199   71.280
pA        0.000    0.000    0.000    0.045    0.383    0.313    0.169    0.031
tot.mW 1729.384 1729.384 1729.384 1729.384 1729.384 1729.384 1729.384 1729.384
tot.mL   57.905   57.905   57.905   57.905   57.905   57.905   57.905   57.905
              8        9       10       11       12       13       14       15
1         0.000    0.000    0.000    0.000    0.000    0.000    0.000    0.000
2         0.000    0.000    0.000    0.000    0.000    0.000    0.000    0.000
3         0.000    0.000    0.000    0.000    0.000    0.000    0.000    0.000
4         0.000    0.000    0.000    0.000    0.000    0.000    0.000    0.000
5         0.000    0.000    0.000    0.000    0.000    0.000    0.000    0.000
6         0.000    0.000    0.000    0.000    0.000    0.000    0.000    0.000
7         0.000    0.000    0.000    0.000    0.000    0.000    0.000    0.000
8         0.000    0.000    0.000    0.000    0.000    0.000    0.000    0.000
9         0.000    0.000    0.000    0.000    0.000    0.000    0.000    0.000
10        0.000    0.000    0.000    0.000    0.000    0.000    0.000    0.000
11        0.000    0.000    0.000    0.000    0.000    0.000    0.000    0.000
12        0.000    0.000    0.000    0.000    0.000    0.000    0.000    0.000
13        0.000    0.000    0.000    0.000    0.000    0.000    0.000    0.000
14        0.000    0.000    0.000    0.000    0.000    0.000    0.000    0.000
15        0.000    0.000    0.000    0.000    0.000    0.000    0.000    0.000
16        0.000    0.000    0.000    0.000    0.000    0.000    0.000    0.000
17        0.000    0.000    0.000    0.000    0.000    0.000    0.000    0.000
18        0.000    0.000    0.000    0.000    0.000    0.000    0.000    0.000
19        0.000    0.000    0.000    0.000    0.000    0.000    0.000    0.000
20        0.000    0.000    0.000    0.000    0.000    0.000    0.000    0.000
21        0.000    0.000    0.000    0.000    0.000    0.000    0.000    0.000
22        0.000    0.000    0.000    0.000    0.000    0.000    0.000    0.000
23        0.000    0.000    0.000    0.000    0.000    0.000    0.000    0.000
24        0.000    0.000    0.000    0.000    0.000    0.000    0.000    0.000
25        0.000    0.000    0.000    0.000    0.000    0.000    0.000    0.000
26        0.000    0.000    0.000    0.000    0.000    0.000    0.000    0.000
27        0.000    0.000    0.000    0.000    0.000    0.000    0.000    0.000
28        0.000    0.000    0.000    0.000    0.000    0.000    0.000    0.000
29        0.000    0.000    0.000    0.000    0.000    0.000    0.000    0.000
30        0.000    0.000    0.000    0.000    0.000    0.000    0.000    0.000
31        0.000    0.000    0.000    0.000    0.000    0.000    0.000    0.000
32        0.000    0.000    0.000    0.000    0.000    0.000    0.000    0.000
33        0.000    0.000    0.000    0.000    0.000    0.000    0.000    0.000
34        0.000    0.000    0.000    0.000    0.000    0.000    0.000    0.000
35        0.000    0.000    0.000    0.000    0.000    0.000    0.000    0.000
36        0.000    0.000    0.000    0.000    0.000    0.000    0.000    0.000
37        0.000    0.000    0.000    0.000    0.000    0.000    0.000    0.000
38        0.000    0.000    0.000    0.000    0.000    0.000    0.000    0.000
39        0.000    0.000    0.000    0.000    0.000    0.000    0.000    0.000
40        0.000    0.000    0.000    0.000    0.000    0.000    0.000    0.000
41        0.000    0.000    0.000    0.000    0.000    0.000    0.000    0.000
42        0.000    0.000    0.000    0.000    0.000    0.000    0.000    0.000
43        0.000    0.000    0.000    0.000    0.000    0.000    0.000    0.000
44        0.000    0.000    0.000    0.000    0.000    0.000    0.000    0.000
45        0.000    0.000    0.000    0.000    0.000    0.000    0.000    0.000
46        0.000    0.000    0.000    0.000    0.000    0.000    0.000    0.000
47        0.000    0.000    0.000    0.000    0.000    0.000    0.000    0.000
48        0.000    0.000    0.000    0.000    0.000    0.000    0.000    0.000
49        0.000    0.000    0.000    0.000    0.000    0.000    0.000    0.000
50        0.000    0.000    0.000    0.000    0.000    0.000    0.000    0.000
51        0.000    0.000    0.000    0.000    0.000    0.000    0.000    0.000
52        0.000    0.000    0.000    0.000    0.000    0.000    0.000    0.000
53        0.000    0.000    0.000    0.000    0.000    0.000    0.000    0.000
54        0.000    0.000    0.000    0.000    0.000    0.000    0.000    0.000
55        0.000    0.000    0.000    0.000    0.000    0.000    0.000    0.000
56        0.000    0.000    0.000    0.000    0.000    0.000    0.000    0.000
57        0.000    0.000    0.000    0.000    0.000    0.000    0.000    0.000
58        0.001    0.000    0.000    0.000    0.000    0.000    0.000    0.000
59        0.002    0.000    0.000    0.000    0.000    0.000    0.000    0.000
60        0.004    0.000    0.000    0.000    0.000    0.001    0.000    0.000
61        0.009    0.000    0.000    0.000    0.000    0.001    0.000    0.000
62        0.023    0.000    0.000    0.000    0.000    0.001    0.000    0.000
63        0.048    0.000    0.000    0.000    0.000    0.002    0.000    0.000
64        0.087    0.000    0.000    0.000    0.001    0.002    0.000    0.000
65        0.200    0.000    0.000    0.000    0.001    0.004    0.000    0.000
66        0.369    0.000    0.000    0.000    0.003    0.006    0.000    0.000
67        0.632    0.001    0.000    0.000    0.004    0.009    0.000    0.000
68        1.225    0.003    0.000    0.000    0.008    0.014    0.000    0.000
69        1.891    0.008    0.000    0.000    0.013    0.019    0.000    0.000
70        2.975    0.021    0.000    0.001    0.022    0.027    0.001    0.000
71        6.350    0.071    0.000    0.003    0.050    0.053    0.002    0.000
72        7.846    0.137    0.001    0.006    0.068    0.063    0.004    0.000
73       13.543    0.362    0.002    0.017    0.133    0.108    0.009    0.000
74       17.093    0.690    0.007    0.037    0.196    0.140    0.015    0.000
75       23.516    1.413    0.023    0.084    0.322    0.206    0.030    0.000
76       22.010    1.944    0.051    0.130    0.369    0.214    0.040    0.000
77       23.416    2.998    0.121    0.232    0.493    0.260    0.062    0.000
78       22.301    4.082    0.251    0.369    0.606    0.294    0.088    0.000
79       31.358    8.093    0.742    0.870    1.128    0.507    0.187    0.000
80       28.750   10.321    1.384    1.340    1.405    0.590    0.265    0.000
81       27.463   13.524    2.604    2.154    1.871    0.742    0.399    0.000
82       24.890   16.585    4.495    3.293    2.426    0.916    0.580    0.000
83       17.068   15.178    5.680    3.817    2.443    0.885    0.650    0.000
84       15.300   17.909    9.077    5.795    3.300    1.158    0.970    0.000
85       12.006   18.246   12.286    7.717    4.004    1.373    1.291    0.000
86        8.366   16.281   14.286    9.144    4.428    1.497    1.554    0.000
87        5.727   14.077   15.789   10.666    4.937    1.660    1.873    0.000
88        3.746   11.472   16.133   11.911    5.398    1.821    2.196    0.000
89        2.208    8.309   14.371   12.012    5.458    1.863    2.364    0.000
90        1.307    5.962   12.439   12.190    5.687    1.982    2.604    0.000
91        0.900    4.905   12.110   14.412    7.071    2.539    3.397    0.000
92        0.336    2.162    6.195    9.272    4.900    1.828    2.451    0.000
93        0.197    1.474    4.809    9.376    5.466    2.137    2.827    0.000
94        0.063    0.540    1.969    5.179    3.411    1.410    1.811    3.282
95        0.051    0.491    1.960    7.205    5.491    2.422    2.969    0.000
96        0.027    0.296    1.268    6.745    6.092    2.892    3.331    0.000
97        0.009    0.112    0.506    4.038    4.426    2.281    2.430    0.000
98        0.004    0.047    0.221    2.734    3.725    2.103    2.038    0.000
99        0.002    0.028    0.134    2.672    4.636    2.892    2.509    0.000
100       0.001    0.010    0.049    1.633    3.694    2.569    1.963    0.000
101       0.000    0.003    0.013    0.748    2.259    1.767    1.171    0.000
102       0.000    0.001    0.004    0.366    1.511    1.340    0.757    0.000
103       0.000    0.000    0.002    0.387    2.237    2.271    1.077    0.000
104       0.000    0.000    0.000    0.131    1.086    1.273    0.499    0.000
105       0.000    0.000    0.000    0.028    0.346    0.472    0.150    0.000
106       0.000    0.000    0.000    0.071    1.301    2.087    0.532    0.000
107       0.000    0.000    0.000    0.000    0.000    0.000    0.000    0.000
108       0.000    0.000    0.000    0.000    0.000    0.000    0.000    0.000
109       0.000    0.000    0.000    0.000    0.000    0.000    0.000    0.000
110       0.000    0.000    0.000    0.002    0.215    0.718    0.064    0.000
111       0.000    0.000    0.000    0.001    0.186    0.763    0.050    0.000
112       0.000    0.000    0.000    0.000    0.000    0.000    0.000    0.000
113       0.000    0.000    0.000    0.000    0.265    1.677    0.057    0.000
114       0.000    0.000    0.000    0.000    0.000    0.000    0.000    0.000
115       0.000    0.000    0.000    0.000    0.000    0.000    0.000    0.000
116       0.000    0.000    0.000    0.000    0.071    0.919    0.010    0.000
117       0.000    0.000    0.000    0.000    0.000    0.000    0.000    0.000
118       0.000    0.000    0.000    0.000    0.000    0.000    0.000    0.000
119       0.000    0.000    0.000    0.000    0.000    0.000    0.000    0.000
120       0.000    0.000    0.000    0.000    0.000    0.000    0.000    0.000
121       0.000    0.000    0.000    0.000    0.000    0.000    0.000    0.000
122       0.000    0.000    0.000    0.000    0.014    0.985    0.001    0.000
123       0.000    0.000    0.000    0.000    0.000    0.000    0.000    0.000
124       0.000    0.000    0.000    0.000    0.000    0.000    0.000    0.000
125       0.000    0.000    0.000    0.000    0.000    0.000    0.000    0.000
126       0.000    0.000    0.000    0.000    0.000    0.000    0.000    0.000
127       0.000    0.000    0.000    0.000    0.000    0.000    0.000    0.000
128       0.000    0.000    0.000    0.000    0.000    0.000    0.000    0.000
129       0.000    0.000    0.000    0.000    0.000    0.000    0.000    0.000
130       0.000    0.000    0.000    0.000    0.000    0.000    0.000    0.000
131       0.000    0.000    0.000    0.000    0.000    0.000    0.000    0.000
132       0.000    0.000    0.000    0.000    0.000    0.000    0.000    0.000
133       0.000    0.000    0.000    0.000    0.000    0.000    0.000    0.000
134       0.000    0.000    0.000    0.000    0.000    0.000    0.000    0.000
135       0.000    0.000    0.000    0.000    0.000    0.000    0.000    0.000
136       0.000    0.000    0.000    0.000    0.000    0.000    0.000    0.000
137       0.000    0.000    0.000    0.000    0.000    0.000    0.000    0.000
138       0.000    0.000    0.000    0.000    0.000    0.000    0.000    0.000
139       0.000    0.000    0.000    0.000    0.000    0.000    0.000    0.000
140       0.000    0.000    0.000    0.000    0.000    0.000    0.000    0.000
141       0.000    0.000    0.000    0.000    0.000    0.000    0.000    0.000
142       0.000    0.000    0.000    0.000    0.000    0.000    0.000    0.000
143       0.000    0.000    0.000    0.000    0.000    0.000    0.000    0.000
144       0.000    0.000    0.000    0.000    0.000    0.000    0.000    0.000
145       0.000    0.000    0.000    0.000    0.000    0.000    0.000    0.000
146       0.000    0.000    0.000    0.000    0.000    0.000    0.000    0.000
147       0.000    0.000    0.000    0.000    0.000    0.000    0.000    0.000
148       0.000    0.000    0.000    0.000    0.000    0.000    0.000    0.000
149       0.000    0.000    0.000    0.000    0.000    0.000    0.000    0.000
150       0.000    0.000    0.000    0.000    0.000    0.000    0.000    0.000
Sum     323.319  177.758  138.982  146.787  103.176   53.764   45.280    3.282
mW        3.920    4.699    5.262    5.670    6.051    6.871    6.286    6.393
mL       78.994   84.229   87.636   89.881   91.932   96.091   93.516   94.000
pA        0.019    0.010    0.008    0.009    0.006    0.003    0.003    0.000
tot.mW 1729.384 1729.384 1729.384 1729.384 1729.384 1729.384 1729.384 1729.384
tot.mL   57.905   57.905   57.905   57.905   57.905   57.905   57.905   57.905
           Matad       Sum
1          0.000     0.000
2          0.000     0.000
3          0.000     0.000
4          0.000     0.000
5          0.000     0.000
6          0.000     0.000
7          0.000     0.000
8          0.000     0.000
9          0.000     0.000
10         0.000     0.000
11         0.000     0.000
12         0.000     0.000
13         0.000     0.000
14         0.000     0.000
15         0.000     0.000
16         0.000     0.000
17         0.000     0.000
18         0.000     0.000
19         0.000     0.000
20         0.000     0.000
21         0.000     0.000
22         0.000     0.000
23         0.000     0.000
24         0.000     0.000
25         0.000     0.000
26         0.000     0.000
27         0.000     0.000
28         0.000     0.000
29         0.000     0.000
30         0.000     0.000
31         0.000     0.000
32         0.000     0.000
33         0.000     0.000
34         0.000     0.000
35         0.000     0.000
36         0.000     0.000
37         0.000     0.000
38         6.000     6.000
39        11.000    11.000
40        20.000    20.000
41        29.000    29.000
42        42.000    42.000
43        72.000    72.000
44       116.000   116.000
45       145.000   145.000
46       232.000   232.000
47       372.000   372.000
48       465.000   465.000
49       619.000   619.000
50       820.000   820.000
51       917.000   917.000
52       972.000   972.000
53      1041.000  1041.000
54      1148.000  1148.000
55      1081.000  1081.000
56      1028.000  1028.000
57       969.000   969.000
58       956.000   956.000
59       817.000   817.000
60       713.000   713.000
61       583.000   583.000
62       518.000   518.000
63       415.000   415.000
64       301.000   301.000
65       285.000   285.000
66       226.000   226.000
67       173.000   173.000
68       157.000   157.000
69       119.000   119.000
70        97.000    97.000
71       114.000   114.000
72        83.000    83.000
73        91.000    91.000
74        79.000    79.000
75        81.000    81.000
76        61.000    61.000
77        56.000    56.000
78        49.000    49.000
79        67.000    67.000
80        63.000    63.000
81        65.000    65.000
82        67.000    67.000
83        55.000    55.000
84        62.000    62.000
85        64.000    64.000
86        61.000    61.000
87        59.000    59.000
88        56.000    56.000
89        49.000    49.000
90        44.000    44.000
91        47.000    47.000
92        28.000    28.000
93        27.000    27.000
94        18.000    18.000
95        21.000    21.000
96        21.000    21.000
97        14.000    14.000
98        11.000    11.000
99        13.000    13.000
100       10.000    10.000
101        6.000     6.000
102        4.000     4.000
103        6.000     6.000
104        3.000     3.000
105        1.000     1.000
106        4.000     4.000
107        0.000     0.000
108        0.000     0.000
109        0.000     0.000
110        1.000     1.000
111        1.000     1.000
112        0.000     0.000
113        2.000     2.000
114        0.000     0.000
115        0.000     0.000
116        1.000     1.000
117        0.000     0.000
118        0.000     0.000
119        0.000     0.000
120        0.000     0.000
121        0.000     0.000
122        1.000     1.000
123        0.000     0.000
124        0.000     0.000
125        0.000     0.000
126        0.000     0.000
127        0.000     0.000
128        0.000     0.000
129        0.000     0.000
130        0.000     0.000
131        0.000     0.000
132        0.000     0.000
133        0.000     0.000
134        0.000     0.000
135        0.000     0.000
136        0.000     0.000
137        0.000     0.000
138        0.000     0.000
139        0.000     0.000
140        0.000     0.000
141        0.000     0.000
142        0.000     0.000
143        0.000     0.000
144        0.000     0.000
145        0.000     0.000
146        0.000     0.000
147        0.000     0.000
148        0.000     0.000
149        0.000     0.000
150        0.000     0.000
Sum    17031.000 17031.000
mW         0.000     0.000
mL         0.000     0.000
pA         0.000     0.000
tot.mW  1729.384  1729.384
tot.mL    57.905    57.905


 .... [TRUNCATED] 
>>>>>>>>>>>>>>>>>>>>>>>>>>>>>>>>>>>>>>>>>>>>>>>>>>>>>>>>>>>>>> 
 > Dato                :  Fri Nov 28 14:37:03 2014 
 > Slag                :  UP 
 > Ár                  :  2013 
 > Tiŵarskeiŵ          :  JAN-DEC 
 > Skipabólk/-ar       :  18 19 20 
 > Skipabólk/-ar (lán) :  0 
 > ICES-øki            :  VB1 
 <<<<<<<<<<<<<<<<<<<<<<<<<<<<<<<<<<<<<<<<<<<<<<<<<<<<<<<<<<<<<< 

$URSLITID
   aldur tal_matad tal_fiskad midal_longd midal_vekt roknad_veida
0      0         0          0        0.00      0.000            0
1      1         0          0        0.00      0.000            0
2      2         0          0        0.00      0.000            0
3      3       814     367459       49.25      1.022       375725
4      4      6472    2922030       52.98      1.266      3697847
5      5      5307    2395959       57.52      1.608      3851967
6      6      2921    1318774       60.68      1.888      2489805
7      7       541     244088       70.77      2.942       718204
8      8       294     132685       78.86      3.905       518130
9      9       155      69768       84.45      4.731       330062
10    10       134      60703       87.88      5.291       321209
11    11       157      70876       90.35      5.732       406270
12    12        95      42865       91.64      5.987       256629
13    13        40      17997       93.22      6.262       112698
14    14        34      15242       93.50      6.297        95975
15    15         3       1161       94.00      6.393         7422
17   Sum     16967    7659607       57.87      1.721     13181943

$URSLITID.j
   aldur tal_matad tal_fiskad midal_longd midal_vekt roknad_veida
0      0         0          0        0.00      0.000            0
1      1         0          0        0.00      0.000            0
2      2         0          0        0.00      0.000            0
3      3       770     344504       49.67      1.046       360376
4      4      6524    2919946       53.17      1.276      3724878
5      5      5335    2387858       57.13      1.577      3766295
6      6      2874    1286324       60.20      1.856      2387698
7      7       535     239571       71.28      3.007       720402
8      8       323     144703       78.99      3.920       567167
9      9       178      79557       84.23      4.699       373817
10    10       139      62202       87.64      5.262       327309
11    11       147      65696       89.88      5.670       372495
12    12       103      46177       91.93      6.051       279400
13    13        54      24063       96.09      6.871       165333
14    14        45      20265       93.52      6.286       127382
15    15         3       1469       94.00      6.393         9391
17   Sum     17030    7622335       57.91      1.729     13181943


 .... [TRUNCATED] 
