
 .... [TRUNCATED] 
<<<<<<<<<<<<<<<<<<<<<<<<<<<<<<<<<<<<<<<<<<<<<<<<<<<<<<<<<<<<<<<<<<<<<<<< 
 > Dato                                      :  Wed Dec  3 13:58:53 2014 
 > Slag                                      :  TO 
 > Ár                                        :  2014 
 > Skipabólk/-ar                             :  19 20 
 > Byrjanar og enda mánaŵ fyri ALK/ALD       :  JUN-DEC 
 > Skipabólk/-ar, sum longdir eru lántar frá :  0 
 > Skipabólk/-ar, sum vektir eru lántar frá  :  0 
 > Skipabólk/-ar, sum aldrar eru lántar frá  :  0 
 > ICES-øki                                  :  VB1 
 <<<<<<<<<<<<<<<<<<<<<<<<<<<<<<<<<<<<<<<<<<<<<<<<<<<<<<<<<<<<<<<<<<<<<<<<
 .... [TRUNCATED] 
>>>>>>>>>>>>>>>>>>>>>>>>>>>>>>>>>>>>> 
> Alpha	 = 0.009923318
> Beta	 = 2.979925
> R^2	 = 0.987018
> N	 = 772
> Veida (kg.)	  = 22222
> Rundveida (kg.) = 24666.42
<<<<<<<<<<<<<<<<<<<<<<<<<<<<<<<<<<<<<
 .... [TRUNCATED] 
>>>>>>>>>>>>>> 	 ALK-lykil 	 <<<<<<<<<<<<
 .... [TRUNCATED] 
$ALK
    longd 0 1 2 3 4 5 6 7 8 9 10 11 12 13 14 15 Sum Matad
1       1 0 0 0 0 0 0 0 0 0 0  0  0  0  0  0  0   0     0
2       2 0 0 0 0 0 0 0 0 0 0  0  0  0  0  0  0   0     0
3       3 0 0 0 0 0 0 0 0 0 0  0  0  0  0  0  0   0     0
4       4 0 0 0 0 0 0 0 0 0 0  0  0  0  0  0  0   0     0
5       5 0 0 0 0 0 0 0 0 0 0  0  0  0  0  0  0   0     0
6       6 0 0 0 0 0 0 0 0 0 0  0  0  0  0  0  0   0     0
7       7 0 0 0 0 0 0 0 0 0 0  0  0  0  0  0  0   0     0
8       8 0 0 0 0 0 0 0 0 0 0  0  0  0  0  0  0   0     0
9       9 0 0 0 0 0 0 0 0 0 0  0  0  0  0  0  0   0     0
10     10 0 0 0 0 0 0 0 0 0 0  0  0  0  0  0  0   0     0
11     11 0 0 0 0 0 0 0 0 0 0  0  0  0  0  0  0   0     0
12     12 0 0 0 0 0 0 0 0 0 0  0  0  0  0  0  0   0     0
13     13 0 0 0 0 0 0 0 0 0 0  0  0  0  0  0  0   0     0
14     14 0 0 0 0 0 0 0 0 0 0  0  0  0  0  0  0   0     0
15     15 0 0 0 0 0 0 0 0 0 0  0  0  0  0  0  0   0     0
16     16 0 0 0 0 0 0 0 0 0 0  0  0  0  0  0  0   0     0
17     17 0 0 0 0 0 0 0 0 0 0  0  0  0  0  0  0   0     0
18     18 0 0 0 0 0 0 0 0 0 0  0  0  0  0  0  0   0     0
19     19 0 0 0 0 0 0 0 0 0 0  0  0  0  0  0  0   0     0
20     20 0 0 0 0 0 0 0 0 0 0  0  0  0  0  0  0   0     0
21     21 0 0 0 0 0 0 0 0 0 0  0  0  0  0  0  0   0     0
22     22 0 0 0 0 0 0 0 0 0 0  0  0  0  0  0  0   0     0
23     23 0 0 0 0 0 0 0 0 0 0  0  0  0  0  0  0   0     0
24     24 0 0 0 0 0 0 0 0 0 0  0  0  0  0  0  0   0     0
25     25 0 0 0 0 0 0 0 0 0 0  0  0  0  0  0  0   0     0
26     26 0 0 0 0 0 0 0 0 0 0  0  0  0  0  0  0   0     0
27     27 0 0 0 0 0 0 0 0 0 0  0  0  0  0  0  0   0     0
28     28 0 0 0 0 0 0 0 0 0 0  0  0  0  0  0  0   0     0
29     29 0 0 0 0 0 0 0 0 0 0  0  0  0  0  0  0   0     0
30     30 0 0 0 0 0 0 0 0 0 0  0  0  0  0  0  0   0     0
31     31 0 0 0 0 0 0 0 0 0 0  0  0  0  0  0  0   0     0
32     32 0 0 0 0 0 0 0 0 0 0  0  0  0  0  0  0   0     0
33     33 0 0 0 0 0 0 0 0 0 0  0  0  0  0  0  0   0     0
34     34 0 0 0 0 0 0 0 0 0 0  0  0  0  0  0  0   0     0
35     35 0 0 0 0 0 0 0 0 0 0  0  0  0  0  0  0   0     0
36     36 0 0 0 0 0 0 0 0 0 0  0  0  0  0  0  0   0     1
37     37 0 0 0 0 0 0 0 0 0 0  0  0  0  0  0  0   0     1
38     38 0 0 0 0 0 0 0 0 0 0  0  0  0  0  0  0   0     1
39     39 0 0 0 0 0 0 0 0 0 0  0  0  0  0  0  0   0     1
40     40 0 0 1 0 0 0 0 0 0 0  0  0  0  0  0  0   1    11
41     41 0 0 1 0 0 0 0 0 0 0  0  0  0  0  0  0   1     9
42     42 0 0 0 0 0 0 0 0 0 0  0  0  0  0  0  0   0    20
43     43 0 0 0 4 0 0 0 0 0 0  0  0  0  0  0  0   4    22
44     44 0 0 3 2 0 0 0 0 0 0  0  0  0  0  0  0   5    22
45     45 0 0 0 3 0 0 0 0 0 0  0  0  0  0  0  0   3    22
46     46 0 0 2 3 0 0 0 0 0 0  0  0  0  0  0  0   5    28
47     47 0 0 2 2 0 0 0 0 0 0  0  0  0  0  0  0   4    31
48     48 0 0 3 4 0 0 0 0 0 0  0  0  0  0  0  0   7    29
49     49 0 0 0 1 0 0 0 0 0 0  0  0  0  0  0  0   1    33
50     50 0 0 0 3 0 0 0 0 0 0  0  0  0  0  0  0   3    34
51     51 0 0 0 2 1 0 0 0 0 0  0  0  0  0  0  0   3    27
52     52 0 0 0 3 1 0 0 0 0 0  0  0  0  0  0  0   4    33
53     53 0 0 0 2 0 0 0 0 0 0  0  0  0  0  0  0   2    27
54     54 0 0 0 4 0 0 0 0 0 0  0  0  0  0  0  0   4    35
55     55 0 0 0 1 0 0 0 0 0 0  0  0  0  0  0  0   1    20
56     56 0 0 0 1 0 0 0 0 0 0  0  0  0  0  0  0   1    20
57     57 0 0 0 0 2 0 0 0 0 0  0  0  0  0  0  0   2    36
58     58 0 0 0 0 0 0 0 0 0 0  0  0  0  0  0  0   0    13
59     59 0 0 0 2 0 0 0 0 0 0  0  0  0  0  0  0   2    27
60     60 0 0 0 0 1 0 1 0 0 0  0  0  0  0  0  0   2    18
61     61 0 0 0 0 0 2 0 0 0 0  0  0  0  0  0  0   2    31
62     62 0 0 0 0 3 0 0 0 0 0  0  0  0  0  0  0   3    31
63     63 0 0 0 0 2 0 1 0 0 0  0  0  0  0  0  0   3    37
64     64 0 0 0 0 0 0 0 0 0 0  0  0  0  0  0  0   0    28
65     65 0 0 0 1 0 0 0 0 0 0  0  0  0  0  0  0   1    38
66     66 0 0 0 0 0 1 0 0 0 0  0  0  0  0  0  0   1    34
67     67 0 0 0 0 0 2 0 0 0 0  0  0  0  0  0  0   2    45
68     68 0 0 0 0 2 0 0 0 0 0  0  0  0  0  0  0   2    34
69     69 0 0 0 0 1 0 1 0 0 0  0  0  0  0  0  0   2    39
70     70 0 0 0 0 0 1 0 0 0 0  0  0  0  0  0  0   1    33
71     71 0 0 0 0 1 1 0 0 0 0  0  0  0  0  0  0   2    32
72     72 0 0 0 0 0 1 0 0 0 0  0  0  0  0  0  0   1    29
73     73 0 0 0 0 0 0 0 0 0 0  0  0  0  0  0  0   0    47
74     74 0 0 0 0 1 1 0 0 0 0  0  0  0  0  0  0   2    38
75     75 0 0 0 0 0 1 1 0 0 0  0  0  0  0  0  0   2    41
76     76 0 0 0 0 0 1 0 0 0 0  0  0  0  0  0  0   1    43
77     77 0 0 0 0 0 2 1 0 0 0  0  0  0  0  0  0   3    53
78     78 0 0 0 0 0 1 1 0 0 0  0  0  0  0  0  0   2    45
79     79 0 0 0 0 0 1 0 1 0 0  0  0  0  0  0  0   2    29
80     80 0 0 0 0 0 0 3 0 0 0  0  0  0  0  0  0   3    51
81     81 0 0 0 0 0 0 1 0 0 0  0  0  0  0  0  0   1    47
82     82 0 0 0 0 0 2 0 0 0 0  0  0  0  0  0  0   2    37
83     83 0 0 0 0 0 2 1 0 0 0  0  0  0  0  0  0   3    32
84     84 0 0 0 0 0 0 3 0 0 0  0  0  0  0  0  0   3    25
85     85 0 0 0 0 0 0 1 0 0 0  0  0  0  0  0  0   1    38
86     86 0 0 0 0 0 2 1 1 0 0  0  0  0  0  0  0   4    30
87     87 0 0 0 0 0 0 0 0 0 0  0  0  0  0  0  0   0    14
88     88 0 0 0 0 0 0 1 0 0 0  0  0  0  0  0  0   1     7
89     89 0 0 0 0 0 1 1 1 0 2  0  0  0  0  0  0   5    13
90     90 0 0 0 0 0 0 1 2 0 0  0  0  0  0  0  0   3    18
91     91 0 0 0 0 0 0 1 1 0 0  0  0  0  0  0  0   2    10
92     92 0 0 0 0 0 0 0 0 0 0  0  0  0  0  0  0   0     5
93     93 0 0 0 0 0 0 0 1 0 0  0  0  0  0  0  0   1     1
94     94 0 0 0 0 0 0 1 0 0 0  0  0  0  0  0  0   1     6
95     95 0 0 0 0 0 0 0 0 0 0  0  0  0  0  0  0   0     1
96     96 0 0 0 0 0 0 0 0 0 0  0  0  0  0  0  0   0     1
97     97 0 0 0 0 0 0 0 0 0 0  0  0  0  0  0  0   0     2
98     98 0 0 0 0 0 0 0 0 0 0  0  0  0  0  0  0   0     0
99     99 0 0 0 0 0 0 0 0 0 0  0  0  0  0  0  0   0     1
100   100 0 0 0 0 0 0 0 0 0 0  1  0  0  0  0  0   1     1
101   101 0 0 0 0 0 0 0 0 0 0  0  0  0  0  0  0   0     1
102   102 0 0 0 0 0 0 0 0 1 1  0  0  0  0  0  0   2     2
103   103 0 0 0 0 0 0 0 0 0 0  0  0  0  0  0  0   0     0
104   104 0 0 0 0 0 0 0 0 0 0  0  0  0  0  0  0   0     0
105   105 0 0 0 0 0 0 0 0 0 0  0  0  0  0  0  0   0     0
106   106 0 0 0 0 0 0 0 0 0 0  0  0  0  0  0  0   0     0
107   107 0 0 0 0 0 0 0 0 0 0  0  0  0  0  0  0   0     0
108   108 0 0 0 0 0 0 0 0 0 0  0  0  0  0  0  0   0     0
109   109 0 0 0 0 0 0 0 0 0 0  0  0  0  0  0  0   0     0
110   110 0 0 0 0 0 0 0 0 0 0  0  0  0  0  0  0   0     2
111   111 0 0 0 0 0 0 0 0 0 0  0  0  0  0  0  0   0     0
112   112 0 0 0 0 0 0 0 0 0 0  0  0  0  0  0  0   0     0
113   113 0 0 0 0 0 0 0 0 0 0  0  0  0  0  0  0   0     0
114   114 0 0 0 0 0 0 0 0 0 0  0  0  0  0  0  0   0     0
115   115 0 0 0 0 0 0 0 0 0 0  0  0  0  0  0  0   0     0
116   116 0 0 0 0 0 0 0 0 0 0  0  0  0  0  0  0   0     1
117   117 0 0 0 0 0 0 0 0 0 0  0  0  0  0  0  0   0     0
118   118 0 0 0 0 0 0 0 0 0 0  0  0  0  0  0  0   0     0
119   119 0 0 0 0 0 0 0 0 0 0  0  0  0  0  0  0   0     1
120   120 0 0 0 0 0 0 0 0 0 0  0  0  0  0  0  0   0     0
121   121 0 0 0 0 0 0 0 0 0 0  0  0  0  0  0  0   0     0
122   122 0 0 0 0 0 0 0 0 0 0  0  0  0  0  0  0   0     0
123   123 0 0 0 0 0 0 0 0 0 0  0  0  0  0  0  0   0     0
124   124 0 0 0 0 0 0 0 0 0 0  0  0  0  0  0  0   0     0
125   125 0 0 0 0 0 0 0 0 0 0  0  0  0  0  0  0   0     0
126   126 0 0 0 0 0 0 0 0 0 0  0  0  0  0  0  0   0     0
127   127 0 0 0 0 0 0 0 0 0 0  0  0  0  0  0  0   0     0
128   128 0 0 0 0 0 0 0 0 0 0  0  0  0  0  0  0   0     0
129   129 0 0 0 0 0 0 0 0 0 0  0  0  0  0  0  0   0     0
130   130 0 0 0 0 0 0 0 0 0 0  0  0  0  0  0  0   0     0
131   131 0 0 0 0 0 0 0 0 0 0  0  0  0  0  0  0   0     0
132   132 0 0 0 0 0 0 0 0 0 0  0  0  0  0  0  0   0     0
133   133 0 0 0 0 0 0 0 0 0 0  0  0  0  0  0  0   0     0
134   134 0 0 0 0 0 0 0 0 0 0  0  0  0  0  0  0   0     0
135   135 0 0 0 0 0 0 0 0 0 0  0  0  0  0  0  0   0     0
136   136 0 0 0 0 0 0 0 0 0 0  0  0  0  0  0  0   0     0
137   137 0 0 0 0 0 0 0 0 0 0  0  0  0  0  0  0   0     0
138   138 0 0 0 0 0 0 0 0 0 0  0  0  0  0  0  0   0     0
139   139 0 0 0 0 0 0 0 0 0 0  0  0  0  0  0  0   0     0
140   140 0 0 0 0 0 0 0 0 0 0  0  0  0  0  0  0   0     0
141   141 0 0 0 0 0 0 0 0 0 0  0  0  0  0  0  0   0     0
142   142 0 0 0 0 0 0 0 0 0 0  0  0  0  0  0  0   0     0
143   143 0 0 0 0 0 0 0 0 0 0  0  0  0  0  0  0   0     0
144   144 0 0 0 0 0 0 0 0 0 0  0  0  0  0  0  0   0     0
145   145 0 0 0 0 0 0 0 0 0 0  0  0  0  0  0  0   0     0
146   146 0 0 0 0 0 0 0 0 0 0  0  0  0  0  0  0   0     0
147   147 0 0 0 0 0 0 0 0 0 0  0  0  0  0  0  0   0     0
148   148 0 0 0 0 0 0 0 0 0 0  0  0  0  0  0  0   0     0
149   149 0 0 0 0 0 0 0 0 0 0  0  0  0  0  0  0   0     0
150   150 0 0 0 0 0 0 0 0 0 0  0  0  0  0  0  0   0     0

$ALK.j
    longd 0 1     2     3     4     5     6     7 8     9 10 11 12 13 14 15   Sum Matad
1       1 0 0 0.000 0.000 0.000 0.000 0.000 0.000 0 0.000  0  0  0  0  0  0 0.000     0
2       2 0 0 0.000 0.000 0.000 0.000 0.000 0.000 0 0.000  0  0  0  0  0  0 0.000     0
3       3 0 0 0.000 0.000 0.000 0.000 0.000 0.000 0 0.000  0  0  0  0  0  0 0.000     0
4       4 0 0 0.000 0.000 0.000 0.000 0.000 0.000 0 0.000  0  0  0  0  0  0 0.000     0
5       5 0 0 0.000 0.000 0.000 0.000 0.000 0.000 0 0.000  0  0  0  0  0  0 0.000     0
6       6 0 0 0.000 0.000 0.000 0.000 0.000 0.000 0 0.000  0  0  0  0  0  0 0.000     0
7       7 0 0 0.000 0.000 0.000 0.000 0.000 0.000 0 0.000  0  0  0  0  0  0 0.000     0
8       8 0 0 0.000 0.000 0.000 0.000 0.000 0.000 0 0.000  0  0  0  0  0  0 0.000     0
9       9 0 0 0.000 0.000 0.000 0.000 0.000 0.000 0 0.000  0  0  0  0  0  0 0.000     0
10     10 0 0 0.000 0.000 0.000 0.000 0.000 0.000 0 0.000  0  0  0  0  0  0 0.000     0
11     11 0 0 0.000 0.000 0.000 0.000 0.000 0.000 0 0.000  0  0  0  0  0  0 0.000     0
12     12 0 0 0.000 0.000 0.000 0.000 0.000 0.000 0 0.000  0  0  0  0  0  0 0.000     0
13     13 0 0 0.000 0.000 0.000 0.000 0.000 0.000 0 0.000  0  0  0  0  0  0 0.000     0
14     14 0 0 0.000 0.000 0.000 0.000 0.000 0.000 0 0.000  0  0  0  0  0  0 0.000     0
15     15 0 0 0.000 0.000 0.000 0.000 0.000 0.000 0 0.000  0  0  0  0  0  0 0.000     0
16     16 0 0 0.000 0.000 0.000 0.000 0.000 0.000 0 0.000  0  0  0  0  0  0 0.000     0
17     17 0 0 0.000 0.000 0.000 0.000 0.000 0.000 0 0.000  0  0  0  0  0  0 0.000     0
18     18 0 0 0.000 0.000 0.000 0.000 0.000 0.000 0 0.000  0  0  0  0  0  0 0.000     0
19     19 0 0 0.000 0.000 0.000 0.000 0.000 0.000 0 0.000  0  0  0  0  0  0 0.000     0
20     20 0 0 0.000 0.000 0.000 0.000 0.000 0.000 0 0.000  0  0  0  0  0  0 0.000     0
21     21 0 0 0.000 0.000 0.000 0.000 0.000 0.000 0 0.000  0  0  0  0  0  0 0.000     0
22     22 0 0 0.000 0.000 0.000 0.000 0.000 0.000 0 0.000  0  0  0  0  0  0 0.000     0
23     23 0 0 0.000 0.000 0.000 0.000 0.000 0.000 0 0.000  0  0  0  0  0  0 0.000     0
24     24 0 0 0.000 0.000 0.000 0.000 0.000 0.000 0 0.000  0  0  0  0  0  0 0.000     0
25     25 0 0 0.000 0.000 0.000 0.000 0.000 0.000 0 0.000  0  0  0  0  0  0 0.000     0
26     26 0 0 0.000 0.000 0.000 0.000 0.000 0.000 0 0.000  0  0  0  0  0  0 0.000     0
27     27 0 0 0.000 0.000 0.000 0.000 0.000 0.000 0 0.000  0  0  0  0  0  0 0.000     0
28     28 0 0 0.000 0.000 0.000 0.000 0.000 0.000 0 0.000  0  0  0  0  0  0 0.000     0
29     29 0 0 0.000 0.001 0.000 0.000 0.000 0.000 0 0.000  0  0  0  0  0  0 0.001     0
30     30 0 0 0.000 0.002 0.000 0.000 0.000 0.000 0 0.000  0  0  0  0  0  0 0.002     0
31     31 0 0 0.000 0.003 0.000 0.000 0.000 0.000 0 0.000  0  0  0  0  0  0 0.003     0
32     32 0 0 0.000 0.007 0.000 0.000 0.000 0.000 0 0.000  0  0  0  0  0  0 0.007     0
33     33 0 0 0.000 0.014 0.000 0.000 0.000 0.000 0 0.000  0  0  0  0  0  0 0.014     0
34     34 0 0 0.000 0.025 0.000 0.000 0.000 0.000 0 0.000  0  0  0  0  0  0 0.026     0
35     35 0 0 0.001 0.045 0.000 0.000 0.000 0.000 0 0.000  0  0  0  0  0  0 0.047     0
36     36 0 0 0.005 0.078 0.000 0.000 0.000 0.000 0 0.000  0  0  0  0  0  0 0.084     1
37     37 0 0 0.017 0.130 0.001 0.000 0.000 0.000 0 0.000  0  0  0  0  0  0 0.147     1
38     38 0 0 0.048 0.208 0.001 0.000 0.000 0.000 0 0.000  0  0  0  0  0  0 0.258     1
39     39 0 0 0.122 0.321 0.002 0.000 0.000 0.000 0 0.000  0  0  0  0  0  0 0.444     1
40     40 0 0 0.268 0.475 0.003 0.000 0.000 0.000 0 0.000  0  0  0  0  0  0 0.746    11
41     41 0 0 0.514 0.677 0.005 0.000 0.000 0.000 0 0.000  0  0  0  0  0  0 1.196     9
42     42 0 0 0.859 0.930 0.007 0.000 0.000 0.000 0 0.000  0  0  0  0  0  0 1.797    20
43     43 0 0 1.253 1.228 0.012 0.000 0.000 0.000 0 0.000  0  0  0  0  0  0 2.493    22
44     44 0 0 1.592 1.562 0.018 0.000 0.000 0.000 0 0.000  0  0  0  0  0  0 3.173    22
45     45 0 0 1.765 1.912 0.027 0.001 0.000 0.000 0 0.000  0  0  0  0  0  0 3.705    22
46     46 0 0 1.705 2.252 0.040 0.001 0.000 0.000 0 0.000  0  0  0  0  0  0 3.999    28
47     47 0 0 1.437 2.554 0.057 0.002 0.000 0.000 0 0.000  0  0  0  0  0  0 4.050    31
48     48 0 0 1.056 2.788 0.080 0.003 0.001 0.000 0 0.000  0  0  0  0  0  0 3.927    29
49     49 0 0 0.676 2.928 0.111 0.004 0.001 0.000 0 0.000  0  0  0  0  0  0 3.721    33
50     50 0 0 0.378 2.961 0.149 0.007 0.002 0.000 0 0.000  0  0  0  0  0  0 3.496    34
51     51 0 0 0.184 2.882 0.196 0.010 0.002 0.000 0 0.000  0  0  0  0  0  0 3.274    27
52     52 0 0 0.078 2.699 0.252 0.014 0.004 0.000 0 0.000  0  0  0  0  0  0 3.047    33
53     53 0 0 0.029 2.434 0.317 0.021 0.005 0.000 0 0.000  0  0  0  0  0  0 2.806    27
54     54 0 0 0.009 2.112 0.390 0.029 0.008 0.000 0 0.000  0  0  0  0  0  0 2.548    35
55     55 0 0 0.003 1.764 0.468 0.041 0.011 0.000 0 0.000  0  0  0  0  0  0 2.286    20
56     56 0 0 0.001 1.418 0.550 0.055 0.015 0.000 0 0.000  0  0  0  0  0  0 2.040    20
57     57 0 0 0.000 1.097 0.631 0.075 0.021 0.000 0 0.000  0  0  0  0  0  0 1.825    36
58     58 0 0 0.000 0.817 0.709 0.099 0.029 0.000 0 0.000  0  0  0  0  0  0 1.654    13
59     59 0 0 0.000 0.586 0.778 0.129 0.039 0.000 0 0.000  0  0  0  0  0  0 1.532    27
60     60 0 0 0.000 0.404 0.835 0.166 0.052 0.000 0 0.000  0  0  0  0  0  0 1.457    18
61     61 0 0 0.000 0.269 0.875 0.210 0.068 0.000 0 0.000  0  0  0  0  0  0 1.422    31
62     62 0 0 0.000 0.172 0.897 0.262 0.088 0.000 0 0.000  0  0  0  0  0  0 1.419    31
63     63 0 0 0.000 0.106 0.899 0.321 0.113 0.000 0 0.000  0  0  0  0  0  0 1.438    37
64     64 0 0 0.000 0.063 0.881 0.387 0.142 0.000 0 0.000  0  0  0  0  0  0 1.473    28
65     65 0 0 0.000 0.036 0.844 0.460 0.177 0.000 0 0.000  0  0  0  0  0  0 1.517    38
66     66 0 0 0.000 0.020 0.790 0.538 0.217 0.000 0 0.000  0  0  0  0  0  0 1.565    34
67     67 0 0 0.000 0.010 0.723 0.620 0.263 0.000 0 0.000  0  0  0  0  0  0 1.617    45
68     68 0 0 0.000 0.005 0.647 0.703 0.315 0.000 0 0.001  0  0  0  0  0  0 1.671    34
69     69 0 0 0.000 0.003 0.566 0.785 0.371 0.000 0 0.001  0  0  0  0  0  0 1.726    39
70     70 0 0 0.000 0.001 0.484 0.863 0.432 0.000 0 0.001  0  0  0  0  0  0 1.782    33
71     71 0 0 0.000 0.001 0.405 0.934 0.497 0.001 0 0.002  0  0  0  0  0  0 1.839    32
72     72 0 0 0.000 0.000 0.331 0.995 0.564 0.001 0 0.003  0  0  0  0  0  0 1.894    29
73     73 0 0 0.000 0.000 0.264 1.043 0.631 0.002 0 0.004  0  0  0  0  0  0 1.945    47
74     74 0 0 0.000 0.000 0.207 1.077 0.697 0.005 0 0.006  0  0  0  0  0  0 1.991    38
75     75 0 0 0.000 0.000 0.158 1.095 0.760 0.010 0 0.008  0  0  0  0  0  0 2.030    41
76     76 0 0 0.000 0.000 0.118 1.096 0.817 0.017 0 0.011  0  0  0  0  0  0 2.059    43
77     77 0 0 0.000 0.000 0.086 1.079 0.868 0.030 0 0.015  0  0  0  0  0  0 2.078    53
78     78 0 0 0.000 0.000 0.061 1.047 0.909 0.050 0 0.020  0  0  0  0  0  0 2.087    45
79     79 0 0 0.000 0.000 0.043 1.000 0.940 0.080 0 0.026  0  0  0  0  0  0 2.087    29
80     80 0 0 0.000 0.000 0.029 0.940 0.958 0.120 0 0.033  0  0  0  0  0  0 2.081    51
81     81 0 0 0.000 0.000 0.019 0.870 0.965 0.174 0 0.041  0  0  0  0  0  0 2.069    47
82     82 0 0 0.000 0.000 0.013 0.792 0.958 0.239 0 0.051  0  0  0  0  0  0 2.053    37
83     83 0 0 0.000 0.000 0.008 0.711 0.940 0.314 0 0.062  0  0  0  0  0  0 2.034    32
84     84 0 0 0.000 0.000 0.005 0.628 0.909 0.393 0 0.074  0  0  0  0  0  0 2.008    25
85     85 0 0 0.000 0.000 0.003 0.546 0.868 0.470 0 0.086  0  0  0  0  0  0 1.972    38
86     86 0 0 0.000 0.000 0.002 0.467 0.817 0.536 0 0.099  0  0  0  0  0  0 1.921    30
87     87 0 0 0.000 0.000 0.001 0.394 0.760 0.583 0 0.112  0  0  0  0  0  0 1.849    14
88     88 0 0 0.000 0.000 0.001 0.326 0.697 0.605 0 0.124  0  0  0  0  0  0 1.753     7
89     89 0 0 0.000 0.000 0.000 0.267 0.631 0.599 0 0.135  0  0  0  0  0  0 1.632    13
90     90 0 0 0.000 0.000 0.000 0.214 0.564 0.565 0 0.144  0  0  0  0  0  0 1.488    18
91     91 0 0 0.000 0.000 0.000 0.170 0.497 0.509 0 0.152  0  0  0  0  0  0 1.328    10
92     92 0 0 0.000 0.000 0.000 0.132 0.432 0.438 0 0.157  0  0  0  0  0  0 1.160     5
93     93 0 0 0.000 0.000 0.000 0.101 0.371 0.359 0 0.159  0  0  0  0  0  0 0.991     1
94     94 0 0 0.000 0.000 0.000 0.077 0.315 0.281 0 0.159  0  0  0  0  0  0 0.831     6
95     95 0 0 0.000 0.000 0.000 0.057 0.263 0.210 0 0.156  0  0  0  0  0  0 0.685     1
96     96 0 0 0.000 0.000 0.000 0.042 0.217 0.149 0 0.150  0  0  0  0  0  0 0.558     1
97     97 0 0 0.000 0.000 0.000 0.030 0.177 0.101 0 0.142  0  0  0  0  0  0 0.450     2
98     98 0 0 0.000 0.000 0.000 0.021 0.142 0.066 0 0.131  0  0  0  0  0  0 0.360     0
99     99 0 0 0.000 0.000 0.000 0.015 0.113 0.041 0 0.120  0  0  0  0  0  0 0.288     1
100   100 0 0 0.000 0.000 0.000 0.010 0.088 0.024 0 0.107  1  0  0  0  0  0 1.230     1
101   101 0 0 0.000 0.000 0.000 0.007 0.068 0.013 0 0.095  0  0  0  0  0  0 0.183     1
102   102 0 0 0.000 0.000 0.000 0.005 0.052 0.007 1 0.082  0  0  0  0  0  0 1.146     2
103   103 0 0 0.000 0.000 0.000 0.003 0.039 0.004 0 0.070  0  0  0  0  0  0 0.115     0
104   104 0 0 0.000 0.000 0.000 0.002 0.029 0.002 0 0.058  0  0  0  0  0  0 0.091     0
105   105 0 0 0.000 0.000 0.000 0.001 0.021 0.001 0 0.048  0  0  0  0  0  0 0.071     0
106   106 0 0 0.000 0.000 0.000 0.001 0.015 0.000 0 0.038  0  0  0  0  0  0 0.055     0
107   107 0 0 0.000 0.000 0.000 0.000 0.011 0.000 0 0.030  0  0  0  0  0  0 0.042     0
108   108 0 0 0.000 0.000 0.000 0.000 0.008 0.000 0 0.024  0  0  0  0  0  0 0.032     0
109   109 0 0 0.000 0.000 0.000 0.000 0.005 0.000 0 0.018  0  0  0  0  0  0 0.024     0
110   110 0 0 0.000 0.000 0.000 0.000 0.004 0.000 0 0.014  0  0  0  0  0  0 0.017     2
111   111 0 0 0.000 0.000 0.000 0.000 0.002 0.000 0 0.010  0  0  0  0  0  0 0.013     0
112   112 0 0 0.000 0.000 0.000 0.000 0.002 0.000 0 0.007  0  0  0  0  0  0 0.009     0
113   113 0 0 0.000 0.000 0.000 0.000 0.001 0.000 0 0.005  0  0  0  0  0  0 0.006     0
114   114 0 0 0.000 0.000 0.000 0.000 0.001 0.000 0 0.004  0  0  0  0  0  0 0.004     0
115   115 0 0 0.000 0.000 0.000 0.000 0.000 0.000 0 0.002  0  0  0  0  0  0 0.003     0
116   116 0 0 0.000 0.000 0.000 0.000 0.000 0.000 0 0.002  0  0  0  0  0  0 0.002     1
117   117 0 0 0.000 0.000 0.000 0.000 0.000 0.000 0 0.001  0  0  0  0  0  0 0.001     0
118   118 0 0 0.000 0.000 0.000 0.000 0.000 0.000 0 0.001  0  0  0  0  0  0 0.001     0
119   119 0 0 0.000 0.000 0.000 0.000 0.000 0.000 0 0.000  0  0  0  0  0  0 0.001     1
120   120 0 0 0.000 0.000 0.000 0.000 0.000 0.000 0 0.000  0  0  0  0  0  0 0.000     0
121   121 0 0 0.000 0.000 0.000 0.000 0.000 0.000 0 0.000  0  0  0  0  0  0 0.000     0
122   122 0 0 0.000 0.000 0.000 0.000 0.000 0.000 0 0.000  0  0  0  0  0  0 0.000     0
123   123 0 0 0.000 0.000 0.000 0.000 0.000 0.000 0 0.000  0  0  0  0  0  0 0.000     0
124   124 0 0 0.000 0.000 0.000 0.000 0.000 0.000 0 0.000  0  0  0  0  0  0 0.000     0
125   125 0 0 0.000 0.000 0.000 0.000 0.000 0.000 0 0.000  0  0  0  0  0  0 0.000     0
126   126 0 0 0.000 0.000 0.000 0.000 0.000 0.000 0 0.000  0  0  0  0  0  0 0.000     0
127   127 0 0 0.000 0.000 0.000 0.000 0.000 0.000 0 0.000  0  0  0  0  0  0 0.000     0
128   128 0 0 0.000 0.000 0.000 0.000 0.000 0.000 0 0.000  0  0  0  0  0  0 0.000     0
129   129 0 0 0.000 0.000 0.000 0.000 0.000 0.000 0 0.000  0  0  0  0  0  0 0.000     0
130   130 0 0 0.000 0.000 0.000 0.000 0.000 0.000 0 0.000  0  0  0  0  0  0 0.000     0
131   131 0 0 0.000 0.000 0.000 0.000 0.000 0.000 0 0.000  0  0  0  0  0  0 0.000     0
132   132 0 0 0.000 0.000 0.000 0.000 0.000 0.000 0 0.000  0  0  0  0  0  0 0.000     0
133   133 0 0 0.000 0.000 0.000 0.000 0.000 0.000 0 0.000  0  0  0  0  0  0 0.000     0
134   134 0 0 0.000 0.000 0.000 0.000 0.000 0.000 0 0.000  0  0  0  0  0  0 0.000     0
135   135 0 0 0.000 0.000 0.000 0.000 0.000 0.000 0 0.000  0  0  0  0  0  0 0.000     0
136   136 0 0 0.000 0.000 0.000 0.000 0.000 0.000 0 0.000  0  0  0  0  0  0 0.000     0
137   137 0 0 0.000 0.000 0.000 0.000 0.000 0.000 0 0.000  0  0  0  0  0  0 0.000     0
138   138 0 0 0.000 0.000 0.000 0.000 0.000 0.000 0 0.000  0  0  0  0  0  0 0.000     0
139   139 0 0 0.000 0.000 0.000 0.000 0.000 0.000 0 0.000  0  0  0  0  0  0 0.000     0
140   140 0 0 0.000 0.000 0.000 0.000 0.000 0.000 0 0.000  0  0  0  0  0  0 0.000     0
141   141 0 0 0.000 0.000 0.000 0.000 0.000 0.000 0 0.000  0  0  0  0  0  0 0.000     0
142   142 0 0 0.000 0.000 0.000 0.000 0.000 0.000 0 0.000  0  0  0  0  0  0 0.000     0
143   143 0 0 0.000 0.000 0.000 0.000 0.000 0.000 0 0.000  0  0  0  0  0  0 0.000     0
144   144 0 0 0.000 0.000 0.000 0.000 0.000 0.000 0 0.000  0  0  0  0  0  0 0.000     0
145   145 0 0 0.000 0.000 0.000 0.000 0.000 0.000 0 0.000  0  0  0  0  0  0 0.000     0
146   146 0 0 0.000 0.000 0.000 0.000 0.000 0.000 0 0.000  0  0  0  0  0  0 0.000     0
147   147 0 0 0.000 0.000 0.000 0.000 0.000 0.000 0 0.000  0  0  0  0  0  0 0.000     0
148   148 0 0 0.000 0.000 0.000 0.000 0.000 0.000 0 0.000  0  0  0  0  0  0 0.000     0
149   149 0 0 0.000 0.000 0.000 0.000 0.000 0.000 0 0.000  0  0  0  0  0  0 0.000     0
150   150 0 0 0.000 0.000 0.000 0.000 0.000 0.000 0 0.000  0  0  0  0  0  0 0.000     0


 .... [TRUNCATED] 
>>>>>>>>>>>>>> 	 ALD-lykil 	 <<<<<<<<<<<<
 .... [TRUNCATED] 
$ALD
              0        1        2        3        4        5        6        7        8        9       10       11       12       13       14
1         0.000    0.000    0.000    0.000    0.000    0.000    0.000    0.000    0.000    0.000    0.000    0.000    0.000    0.000    0.000
2         0.000    0.000    0.000    0.000    0.000    0.000    0.000    0.000    0.000    0.000    0.000    0.000    0.000    0.000    0.000
3         0.000    0.000    0.000    0.000    0.000    0.000    0.000    0.000    0.000    0.000    0.000    0.000    0.000    0.000    0.000
4         0.000    0.000    0.000    0.000    0.000    0.000    0.000    0.000    0.000    0.000    0.000    0.000    0.000    0.000    0.000
5         0.000    0.000    0.000    0.000    0.000    0.000    0.000    0.000    0.000    0.000    0.000    0.000    0.000    0.000    0.000
6         0.000    0.000    0.000    0.000    0.000    0.000    0.000    0.000    0.000    0.000    0.000    0.000    0.000    0.000    0.000
7         0.000    0.000    0.000    0.000    0.000    0.000    0.000    0.000    0.000    0.000    0.000    0.000    0.000    0.000    0.000
8         0.000    0.000    0.000    0.000    0.000    0.000    0.000    0.000    0.000    0.000    0.000    0.000    0.000    0.000    0.000
9         0.000    0.000    0.000    0.000    0.000    0.000    0.000    0.000    0.000    0.000    0.000    0.000    0.000    0.000    0.000
10        0.000    0.000    0.000    0.000    0.000    0.000    0.000    0.000    0.000    0.000    0.000    0.000    0.000    0.000    0.000
11        0.000    0.000    0.000    0.000    0.000    0.000    0.000    0.000    0.000    0.000    0.000    0.000    0.000    0.000    0.000
12        0.000    0.000    0.000    0.000    0.000    0.000    0.000    0.000    0.000    0.000    0.000    0.000    0.000    0.000    0.000
13        0.000    0.000    0.000    0.000    0.000    0.000    0.000    0.000    0.000    0.000    0.000    0.000    0.000    0.000    0.000
14        0.000    0.000    0.000    0.000    0.000    0.000    0.000    0.000    0.000    0.000    0.000    0.000    0.000    0.000    0.000
15        0.000    0.000    0.000    0.000    0.000    0.000    0.000    0.000    0.000    0.000    0.000    0.000    0.000    0.000    0.000
16        0.000    0.000    0.000    0.000    0.000    0.000    0.000    0.000    0.000    0.000    0.000    0.000    0.000    0.000    0.000
17        0.000    0.000    0.000    0.000    0.000    0.000    0.000    0.000    0.000    0.000    0.000    0.000    0.000    0.000    0.000
18        0.000    0.000    0.000    0.000    0.000    0.000    0.000    0.000    0.000    0.000    0.000    0.000    0.000    0.000    0.000
19        0.000    0.000    0.000    0.000    0.000    0.000    0.000    0.000    0.000    0.000    0.000    0.000    0.000    0.000    0.000
20        0.000    0.000    0.000    0.000    0.000    0.000    0.000    0.000    0.000    0.000    0.000    0.000    0.000    0.000    0.000
21        0.000    0.000    0.000    0.000    0.000    0.000    0.000    0.000    0.000    0.000    0.000    0.000    0.000    0.000    0.000
22        0.000    0.000    0.000    0.000    0.000    0.000    0.000    0.000    0.000    0.000    0.000    0.000    0.000    0.000    0.000
23        0.000    0.000    0.000    0.000    0.000    0.000    0.000    0.000    0.000    0.000    0.000    0.000    0.000    0.000    0.000
24        0.000    0.000    0.000    0.000    0.000    0.000    0.000    0.000    0.000    0.000    0.000    0.000    0.000    0.000    0.000
25        0.000    0.000    0.000    0.000    0.000    0.000    0.000    0.000    0.000    0.000    0.000    0.000    0.000    0.000    0.000
26        0.000    0.000    0.000    0.000    0.000    0.000    0.000    0.000    0.000    0.000    0.000    0.000    0.000    0.000    0.000
27        0.000    0.000    0.000    0.000    0.000    0.000    0.000    0.000    0.000    0.000    0.000    0.000    0.000    0.000    0.000
28        0.000    0.000    0.000    0.000    0.000    0.000    0.000    0.000    0.000    0.000    0.000    0.000    0.000    0.000    0.000
29        0.000    0.000    0.000    0.000    0.000    0.000    0.000    0.000    0.000    0.000    0.000    0.000    0.000    0.000    0.000
30        0.000    0.000    0.000    0.000    0.000    0.000    0.000    0.000    0.000    0.000    0.000    0.000    0.000    0.000    0.000
31        0.000    0.000    0.000    0.000    0.000    0.000    0.000    0.000    0.000    0.000    0.000    0.000    0.000    0.000    0.000
32        0.000    0.000    0.000    0.000    0.000    0.000    0.000    0.000    0.000    0.000    0.000    0.000    0.000    0.000    0.000
33        0.000    0.000    0.000    0.000    0.000    0.000    0.000    0.000    0.000    0.000    0.000    0.000    0.000    0.000    0.000
34        0.000    0.000    0.000    0.000    0.000    0.000    0.000    0.000    0.000    0.000    0.000    0.000    0.000    0.000    0.000
35        0.000    0.000    0.000    0.000    0.000    0.000    0.000    0.000    0.000    0.000    0.000    0.000    0.000    0.000    0.000
36        0.000    0.000    0.000    0.000    0.000    0.000    0.000    0.000    0.000    0.000    0.000    0.000    0.000    0.000    0.000
37        0.000    0.000    0.000    0.000    0.000    0.000    0.000    0.000    0.000    0.000    0.000    0.000    0.000    0.000    0.000
38        0.000    0.000    0.000    0.000    0.000    0.000    0.000    0.000    0.000    0.000    0.000    0.000    0.000    0.000    0.000
39        0.000    0.000    0.000    0.000    0.000    0.000    0.000    0.000    0.000    0.000    0.000    0.000    0.000    0.000    0.000
40        0.000    0.000   11.000    0.000    0.000    0.000    0.000    0.000    0.000    0.000    0.000    0.000    0.000    0.000    0.000
41        0.000    0.000    9.000    0.000    0.000    0.000    0.000    0.000    0.000    0.000    0.000    0.000    0.000    0.000    0.000
42        0.000    0.000    0.000    0.000    0.000    0.000    0.000    0.000    0.000    0.000    0.000    0.000    0.000    0.000    0.000
43        0.000    0.000    0.000   22.000    0.000    0.000    0.000    0.000    0.000    0.000    0.000    0.000    0.000    0.000    0.000
44        0.000    0.000   13.200    8.800    0.000    0.000    0.000    0.000    0.000    0.000    0.000    0.000    0.000    0.000    0.000
45        0.000    0.000    0.000   22.000    0.000    0.000    0.000    0.000    0.000    0.000    0.000    0.000    0.000    0.000    0.000
46        0.000    0.000   11.200   16.800    0.000    0.000    0.000    0.000    0.000    0.000    0.000    0.000    0.000    0.000    0.000
47        0.000    0.000   15.500   15.500    0.000    0.000    0.000    0.000    0.000    0.000    0.000    0.000    0.000    0.000    0.000
48        0.000    0.000   12.429   16.571    0.000    0.000    0.000    0.000    0.000    0.000    0.000    0.000    0.000    0.000    0.000
49        0.000    0.000    0.000   33.000    0.000    0.000    0.000    0.000    0.000    0.000    0.000    0.000    0.000    0.000    0.000
50        0.000    0.000    0.000   34.000    0.000    0.000    0.000    0.000    0.000    0.000    0.000    0.000    0.000    0.000    0.000
51        0.000    0.000    0.000   18.000    9.000    0.000    0.000    0.000    0.000    0.000    0.000    0.000    0.000    0.000    0.000
52        0.000    0.000    0.000   24.750    8.250    0.000    0.000    0.000    0.000    0.000    0.000    0.000    0.000    0.000    0.000
53        0.000    0.000    0.000   27.000    0.000    0.000    0.000    0.000    0.000    0.000    0.000    0.000    0.000    0.000    0.000
54        0.000    0.000    0.000   35.000    0.000    0.000    0.000    0.000    0.000    0.000    0.000    0.000    0.000    0.000    0.000
55        0.000    0.000    0.000   20.000    0.000    0.000    0.000    0.000    0.000    0.000    0.000    0.000    0.000    0.000    0.000
56        0.000    0.000    0.000   20.000    0.000    0.000    0.000    0.000    0.000    0.000    0.000    0.000    0.000    0.000    0.000
57        0.000    0.000    0.000    0.000   36.000    0.000    0.000    0.000    0.000    0.000    0.000    0.000    0.000    0.000    0.000
58        0.000    0.000    0.000    0.000    0.000    0.000    0.000    0.000    0.000    0.000    0.000    0.000    0.000    0.000    0.000
59        0.000    0.000    0.000   27.000    0.000    0.000    0.000    0.000    0.000    0.000    0.000    0.000    0.000    0.000    0.000
60        0.000    0.000    0.000    0.000    9.000    0.000    9.000    0.000    0.000    0.000    0.000    0.000    0.000    0.000    0.000
61        0.000    0.000    0.000    0.000    0.000   31.000    0.000    0.000    0.000    0.000    0.000    0.000    0.000    0.000    0.000
62        0.000    0.000    0.000    0.000   31.000    0.000    0.000    0.000    0.000    0.000    0.000    0.000    0.000    0.000    0.000
63        0.000    0.000    0.000    0.000   24.667    0.000   12.333    0.000    0.000    0.000    0.000    0.000    0.000    0.000    0.000
64        0.000    0.000    0.000    0.000    0.000    0.000    0.000    0.000    0.000    0.000    0.000    0.000    0.000    0.000    0.000
65        0.000    0.000    0.000   38.000    0.000    0.000    0.000    0.000    0.000    0.000    0.000    0.000    0.000    0.000    0.000
66        0.000    0.000    0.000    0.000    0.000   34.000    0.000    0.000    0.000    0.000    0.000    0.000    0.000    0.000    0.000
67        0.000    0.000    0.000    0.000    0.000   45.000    0.000    0.000    0.000    0.000    0.000    0.000    0.000    0.000    0.000
68        0.000    0.000    0.000    0.000   34.000    0.000    0.000    0.000    0.000    0.000    0.000    0.000    0.000    0.000    0.000
69        0.000    0.000    0.000    0.000   19.500    0.000   19.500    0.000    0.000    0.000    0.000    0.000    0.000    0.000    0.000
70        0.000    0.000    0.000    0.000    0.000   33.000    0.000    0.000    0.000    0.000    0.000    0.000    0.000    0.000    0.000
71        0.000    0.000    0.000    0.000   16.000   16.000    0.000    0.000    0.000    0.000    0.000    0.000    0.000    0.000    0.000
72        0.000    0.000    0.000    0.000    0.000   29.000    0.000    0.000    0.000    0.000    0.000    0.000    0.000    0.000    0.000
73        0.000    0.000    0.000    0.000    0.000    0.000    0.000    0.000    0.000    0.000    0.000    0.000    0.000    0.000    0.000
74        0.000    0.000    0.000    0.000   19.000   19.000    0.000    0.000    0.000    0.000    0.000    0.000    0.000    0.000    0.000
75        0.000    0.000    0.000    0.000    0.000   20.500   20.500    0.000    0.000    0.000    0.000    0.000    0.000    0.000    0.000
76        0.000    0.000    0.000    0.000    0.000   43.000    0.000    0.000    0.000    0.000    0.000    0.000    0.000    0.000    0.000
77        0.000    0.000    0.000    0.000    0.000   35.333   17.667    0.000    0.000    0.000    0.000    0.000    0.000    0.000    0.000
78        0.000    0.000    0.000    0.000    0.000   22.500   22.500    0.000    0.000    0.000    0.000    0.000    0.000    0.000    0.000
79        0.000    0.000    0.000    0.000    0.000   14.500    0.000   14.500    0.000    0.000    0.000    0.000    0.000    0.000    0.000
80        0.000    0.000    0.000    0.000    0.000    0.000   51.000    0.000    0.000    0.000    0.000    0.000    0.000    0.000    0.000
81        0.000    0.000    0.000    0.000    0.000    0.000   47.000    0.000    0.000    0.000    0.000    0.000    0.000    0.000    0.000
82        0.000    0.000    0.000    0.000    0.000   37.000    0.000    0.000    0.000    0.000    0.000    0.000    0.000    0.000    0.000
83        0.000    0.000    0.000    0.000    0.000   21.333   10.667    0.000    0.000    0.000    0.000    0.000    0.000    0.000    0.000
84        0.000    0.000    0.000    0.000    0.000    0.000   25.000    0.000    0.000    0.000    0.000    0.000    0.000    0.000    0.000
85        0.000    0.000    0.000    0.000    0.000    0.000   38.000    0.000    0.000    0.000    0.000    0.000    0.000    0.000    0.000
86        0.000    0.000    0.000    0.000    0.000   15.000    7.500    7.500    0.000    0.000    0.000    0.000    0.000    0.000    0.000
87        0.000    0.000    0.000    0.000    0.000    0.000    0.000    0.000    0.000    0.000    0.000    0.000    0.000    0.000    0.000
88        0.000    0.000    0.000    0.000    0.000    0.000    7.000    0.000    0.000    0.000    0.000    0.000    0.000    0.000    0.000
89        0.000    0.000    0.000    0.000    0.000    2.600    2.600    2.600    0.000    5.200    0.000    0.000    0.000    0.000    0.000
90        0.000    0.000    0.000    0.000    0.000    0.000    6.000   12.000    0.000    0.000    0.000    0.000    0.000    0.000    0.000
91        0.000    0.000    0.000    0.000    0.000    0.000    5.000    5.000    0.000    0.000    0.000    0.000    0.000    0.000    0.000
92        0.000    0.000    0.000    0.000    0.000    0.000    0.000    0.000    0.000    0.000    0.000    0.000    0.000    0.000    0.000
93        0.000    0.000    0.000    0.000    0.000    0.000    0.000    1.000    0.000    0.000    0.000    0.000    0.000    0.000    0.000
94        0.000    0.000    0.000    0.000    0.000    0.000    6.000    0.000    0.000    0.000    0.000    0.000    0.000    0.000    0.000
95        0.000    0.000    0.000    0.000    0.000    0.000    0.000    0.000    0.000    0.000    0.000    0.000    0.000    0.000    0.000
96        0.000    0.000    0.000    0.000    0.000    0.000    0.000    0.000    0.000    0.000    0.000    0.000    0.000    0.000    0.000
97        0.000    0.000    0.000    0.000    0.000    0.000    0.000    0.000    0.000    0.000    0.000    0.000    0.000    0.000    0.000
98        0.000    0.000    0.000    0.000    0.000    0.000    0.000    0.000    0.000    0.000    0.000    0.000    0.000    0.000    0.000
99        0.000    0.000    0.000    0.000    0.000    0.000    0.000    0.000    0.000    0.000    0.000    0.000    0.000    0.000    0.000
100       0.000    0.000    0.000    0.000    0.000    0.000    0.000    0.000    0.000    0.000    1.000    0.000    0.000    0.000    0.000
101       0.000    0.000    0.000    0.000    0.000    0.000    0.000    0.000    0.000    0.000    0.000    0.000    0.000    0.000    0.000
102       0.000    0.000    0.000    0.000    0.000    0.000    0.000    0.000    1.000    1.000    0.000    0.000    0.000    0.000    0.000
103       0.000    0.000    0.000    0.000    0.000    0.000    0.000    0.000    0.000    0.000    0.000    0.000    0.000    0.000    0.000
104       0.000    0.000    0.000    0.000    0.000    0.000    0.000    0.000    0.000    0.000    0.000    0.000    0.000    0.000    0.000
105       0.000    0.000    0.000    0.000    0.000    0.000    0.000    0.000    0.000    0.000    0.000    0.000    0.000    0.000    0.000
106       0.000    0.000    0.000    0.000    0.000    0.000    0.000    0.000    0.000    0.000    0.000    0.000    0.000    0.000    0.000
107       0.000    0.000    0.000    0.000    0.000    0.000    0.000    0.000    0.000    0.000    0.000    0.000    0.000    0.000    0.000
108       0.000    0.000    0.000    0.000    0.000    0.000    0.000    0.000    0.000    0.000    0.000    0.000    0.000    0.000    0.000
109       0.000    0.000    0.000    0.000    0.000    0.000    0.000    0.000    0.000    0.000    0.000    0.000    0.000    0.000    0.000
110       0.000    0.000    0.000    0.000    0.000    0.000    0.000    0.000    0.000    0.000    0.000    0.000    0.000    0.000    0.000
111       0.000    0.000    0.000    0.000    0.000    0.000    0.000    0.000    0.000    0.000    0.000    0.000    0.000    0.000    0.000
112       0.000    0.000    0.000    0.000    0.000    0.000    0.000    0.000    0.000    0.000    0.000    0.000    0.000    0.000    0.000
113       0.000    0.000    0.000    0.000    0.000    0.000    0.000    0.000    0.000    0.000    0.000    0.000    0.000    0.000    0.000
114       0.000    0.000    0.000    0.000    0.000    0.000    0.000    0.000    0.000    0.000    0.000    0.000    0.000    0.000    0.000
115       0.000    0.000    0.000    0.000    0.000    0.000    0.000    0.000    0.000    0.000    0.000    0.000    0.000    0.000    0.000
116       0.000    0.000    0.000    0.000    0.000    0.000    0.000    0.000    0.000    0.000    0.000    0.000    0.000    0.000    0.000
117       0.000    0.000    0.000    0.000    0.000    0.000    0.000    0.000    0.000    0.000    0.000    0.000    0.000    0.000    0.000
118       0.000    0.000    0.000    0.000    0.000    0.000    0.000    0.000    0.000    0.000    0.000    0.000    0.000    0.000    0.000
119       0.000    0.000    0.000    0.000    0.000    0.000    0.000    0.000    0.000    0.000    0.000    0.000    0.000    0.000    0.000
120       0.000    0.000    0.000    0.000    0.000    0.000    0.000    0.000    0.000    0.000    0.000    0.000    0.000    0.000    0.000
121       0.000    0.000    0.000    0.000    0.000    0.000    0.000    0.000    0.000    0.000    0.000    0.000    0.000    0.000    0.000
122       0.000    0.000    0.000    0.000    0.000    0.000    0.000    0.000    0.000    0.000    0.000    0.000    0.000    0.000    0.000
123       0.000    0.000    0.000    0.000    0.000    0.000    0.000    0.000    0.000    0.000    0.000    0.000    0.000    0.000    0.000
124       0.000    0.000    0.000    0.000    0.000    0.000    0.000    0.000    0.000    0.000    0.000    0.000    0.000    0.000    0.000
125       0.000    0.000    0.000    0.000    0.000    0.000    0.000    0.000    0.000    0.000    0.000    0.000    0.000    0.000    0.000
126       0.000    0.000    0.000    0.000    0.000    0.000    0.000    0.000    0.000    0.000    0.000    0.000    0.000    0.000    0.000
127       0.000    0.000    0.000    0.000    0.000    0.000    0.000    0.000    0.000    0.000    0.000    0.000    0.000    0.000    0.000
128       0.000    0.000    0.000    0.000    0.000    0.000    0.000    0.000    0.000    0.000    0.000    0.000    0.000    0.000    0.000
129       0.000    0.000    0.000    0.000    0.000    0.000    0.000    0.000    0.000    0.000    0.000    0.000    0.000    0.000    0.000
130       0.000    0.000    0.000    0.000    0.000    0.000    0.000    0.000    0.000    0.000    0.000    0.000    0.000    0.000    0.000
131       0.000    0.000    0.000    0.000    0.000    0.000    0.000    0.000    0.000    0.000    0.000    0.000    0.000    0.000    0.000
132       0.000    0.000    0.000    0.000    0.000    0.000    0.000    0.000    0.000    0.000    0.000    0.000    0.000    0.000    0.000
133       0.000    0.000    0.000    0.000    0.000    0.000    0.000    0.000    0.000    0.000    0.000    0.000    0.000    0.000    0.000
134       0.000    0.000    0.000    0.000    0.000    0.000    0.000    0.000    0.000    0.000    0.000    0.000    0.000    0.000    0.000
135       0.000    0.000    0.000    0.000    0.000    0.000    0.000    0.000    0.000    0.000    0.000    0.000    0.000    0.000    0.000
136       0.000    0.000    0.000    0.000    0.000    0.000    0.000    0.000    0.000    0.000    0.000    0.000    0.000    0.000    0.000
137       0.000    0.000    0.000    0.000    0.000    0.000    0.000    0.000    0.000    0.000    0.000    0.000    0.000    0.000    0.000
138       0.000    0.000    0.000    0.000    0.000    0.000    0.000    0.000    0.000    0.000    0.000    0.000    0.000    0.000    0.000
139       0.000    0.000    0.000    0.000    0.000    0.000    0.000    0.000    0.000    0.000    0.000    0.000    0.000    0.000    0.000
140       0.000    0.000    0.000    0.000    0.000    0.000    0.000    0.000    0.000    0.000    0.000    0.000    0.000    0.000    0.000
141       0.000    0.000    0.000    0.000    0.000    0.000    0.000    0.000    0.000    0.000    0.000    0.000    0.000    0.000    0.000
142       0.000    0.000    0.000    0.000    0.000    0.000    0.000    0.000    0.000    0.000    0.000    0.000    0.000    0.000    0.000
143       0.000    0.000    0.000    0.000    0.000    0.000    0.000    0.000    0.000    0.000    0.000    0.000    0.000    0.000    0.000
144       0.000    0.000    0.000    0.000    0.000    0.000    0.000    0.000    0.000    0.000    0.000    0.000    0.000    0.000    0.000
145       0.000    0.000    0.000    0.000    0.000    0.000    0.000    0.000    0.000    0.000    0.000    0.000    0.000    0.000    0.000
146       0.000    0.000    0.000    0.000    0.000    0.000    0.000    0.000    0.000    0.000    0.000    0.000    0.000    0.000    0.000
147       0.000    0.000    0.000    0.000    0.000    0.000    0.000    0.000    0.000    0.000    0.000    0.000    0.000    0.000    0.000
148       0.000    0.000    0.000    0.000    0.000    0.000    0.000    0.000    0.000    0.000    0.000    0.000    0.000    0.000    0.000
149       0.000    0.000    0.000    0.000    0.000    0.000    0.000    0.000    0.000    0.000    0.000    0.000    0.000    0.000    0.000
150       0.000    0.000    0.000    0.000    0.000    0.000    0.000    0.000    0.000    0.000    0.000    0.000    0.000    0.000    0.000
Sum       0.000    0.000   72.329  378.421  206.417  418.767  307.267   42.600    1.000    6.200    1.000    0.000    0.000    0.000    0.000
mW        0.000    0.000    0.829    1.354    2.433    3.724    4.691    5.766    9.597    6.910    9.047    0.000    0.000    0.000    0.000
mL        0.000    0.000   44.620   52.224   63.737   73.606   79.650   85.707  102.000   91.167  100.000    0.000    0.000    0.000    0.000
pA        0.000    0.000    0.050    0.264    0.144    0.292    0.214    0.030    0.001    0.004    0.001    0.000    0.000    0.000    0.000
tot.mW 3056.166 3056.166 3056.166 3056.166 3056.166 3056.166 3056.166 3056.166 3056.166 3056.166 3056.166 3056.166 3056.166 3056.166 3056.166
tot.mL   66.848   66.848   66.848   66.848   66.848   66.848   66.848   66.848   66.848   66.848   66.848   66.848   66.848   66.848   66.848
             15    Matad      Sum
1         0.000    0.000    0.000
2         0.000    0.000    0.000
3         0.000    0.000    0.000
4         0.000    0.000    0.000
5         0.000    0.000    0.000
6         0.000    0.000    0.000
7         0.000    0.000    0.000
8         0.000    0.000    0.000
9         0.000    0.000    0.000
10        0.000    0.000    0.000
11        0.000    0.000    0.000
12        0.000    0.000    0.000
13        0.000    0.000    0.000
14        0.000    0.000    0.000
15        0.000    0.000    0.000
16        0.000    0.000    0.000
17        0.000    0.000    0.000
18        0.000    0.000    0.000
19        0.000    0.000    0.000
20        0.000    0.000    0.000
21        0.000    0.000    0.000
22        0.000    0.000    0.000
23        0.000    0.000    0.000
24        0.000    0.000    0.000
25        0.000    0.000    0.000
26        0.000    0.000    0.000
27        0.000    0.000    0.000
28        0.000    0.000    0.000
29        0.000    0.000    0.000
30        0.000    0.000    0.000
31        0.000    0.000    0.000
32        0.000    0.000    0.000
33        0.000    0.000    0.000
34        0.000    0.000    0.000
35        0.000    0.000    0.000
36        0.000    1.000    0.000
37        0.000    1.000    0.000
38        0.000    1.000    0.000
39        0.000    1.000    0.000
40        0.000   11.000   11.000
41        0.000    9.000    9.000
42        0.000   20.000    0.000
43        0.000   22.000   22.000
44        0.000   22.000   22.000
45        0.000   22.000   22.000
46        0.000   28.000   28.000
47        0.000   31.000   31.000
48        0.000   29.000   29.000
49        0.000   33.000   33.000
50        0.000   34.000   34.000
51        0.000   27.000   27.000
52        0.000   33.000   33.000
53        0.000   27.000   27.000
54        0.000   35.000   35.000
55        0.000   20.000   20.000
56        0.000   20.000   20.000
57        0.000   36.000   36.000
58        0.000   13.000    0.000
59        0.000   27.000   27.000
60        0.000   18.000   18.000
61        0.000   31.000   31.000
62        0.000   31.000   31.000
63        0.000   37.000   37.000
64        0.000   28.000    0.000
65        0.000   38.000   38.000
66        0.000   34.000   34.000
67        0.000   45.000   45.000
68        0.000   34.000   34.000
69        0.000   39.000   39.000
70        0.000   33.000   33.000
71        0.000   32.000   32.000
72        0.000   29.000   29.000
73        0.000   47.000    0.000
74        0.000   38.000   38.000
75        0.000   41.000   41.000
76        0.000   43.000   43.000
77        0.000   53.000   53.000
78        0.000   45.000   45.000
79        0.000   29.000   29.000
80        0.000   51.000   51.000
81        0.000   47.000   47.000
82        0.000   37.000   37.000
83        0.000   32.000   32.000
84        0.000   25.000   25.000
85        0.000   38.000   38.000
86        0.000   30.000   30.000
87        0.000   14.000    0.000
88        0.000    7.000    7.000
89        0.000   13.000   13.000
90        0.000   18.000   18.000
91        0.000   10.000   10.000
92        0.000    5.000    0.000
93        0.000    1.000    1.000
94        0.000    6.000    6.000
95        0.000    1.000    0.000
96        0.000    1.000    0.000
97        0.000    2.000    0.000
98        0.000    0.000    0.000
99        0.000    1.000    0.000
100       0.000    1.000    1.000
101       0.000    1.000    0.000
102       0.000    2.000    2.000
103       0.000    0.000    0.000
104       0.000    0.000    0.000
105       0.000    0.000    0.000
106       0.000    0.000    0.000
107       0.000    0.000    0.000
108       0.000    0.000    0.000
109       0.000    0.000    0.000
110       0.000    2.000    0.000
111       0.000    0.000    0.000
112       0.000    0.000    0.000
113       0.000    0.000    0.000
114       0.000    0.000    0.000
115       0.000    0.000    0.000
116       0.000    1.000    0.000
117       0.000    0.000    0.000
118       0.000    0.000    0.000
119       0.000    1.000    0.000
120       0.000    0.000    0.000
121       0.000    0.000    0.000
122       0.000    0.000    0.000
123       0.000    0.000    0.000
124       0.000    0.000    0.000
125       0.000    0.000    0.000
126       0.000    0.000    0.000
127       0.000    0.000    0.000
128       0.000    0.000    0.000
129       0.000    0.000    0.000
130       0.000    0.000    0.000
131       0.000    0.000    0.000
132       0.000    0.000    0.000
133       0.000    0.000    0.000
134       0.000    0.000    0.000
135       0.000    0.000    0.000
136       0.000    0.000    0.000
137       0.000    0.000    0.000
138       0.000    0.000    0.000
139       0.000    0.000    0.000
140       0.000    0.000    0.000
141       0.000    0.000    0.000
142       0.000    0.000    0.000
143       0.000    0.000    0.000
144       0.000    0.000    0.000
145       0.000    0.000    0.000
146       0.000    0.000    0.000
147       0.000    0.000    0.000
148       0.000    0.000    0.000
149       0.000    0.000    0.000
150       0.000    0.000    0.000
Sum       0.000 1575.000 1434.000
mW        0.000    0.000    0.000
mL        0.000    0.000    0.000
pA        0.000    0.000    0.000
tot.mW 3056.166 3056.166 3056.166
tot.mL   66.848   66.848   66.848

$ALD.j
              0        1        2        3        4        5        6        7        8        9       10       11       12       13       14
1         0.000    0.000    0.000    0.000    0.000    0.000    0.000    0.000    0.000    0.000    0.000    0.000    0.000    0.000    0.000
2         0.000    0.000    0.000    0.000    0.000    0.000    0.000    0.000    0.000    0.000    0.000    0.000    0.000    0.000    0.000
3         0.000    0.000    0.000    0.000    0.000    0.000    0.000    0.000    0.000    0.000    0.000    0.000    0.000    0.000    0.000
4         0.000    0.000    0.000    0.000    0.000    0.000    0.000    0.000    0.000    0.000    0.000    0.000    0.000    0.000    0.000
5         0.000    0.000    0.000    0.000    0.000    0.000    0.000    0.000    0.000    0.000    0.000    0.000    0.000    0.000    0.000
6         0.000    0.000    0.000    0.000    0.000    0.000    0.000    0.000    0.000    0.000    0.000    0.000    0.000    0.000    0.000
7         0.000    0.000    0.000    0.000    0.000    0.000    0.000    0.000    0.000    0.000    0.000    0.000    0.000    0.000    0.000
8         0.000    0.000    0.000    0.000    0.000    0.000    0.000    0.000    0.000    0.000    0.000    0.000    0.000    0.000    0.000
9         0.000    0.000    0.000    0.000    0.000    0.000    0.000    0.000    0.000    0.000    0.000    0.000    0.000    0.000    0.000
10        0.000    0.000    0.000    0.000    0.000    0.000    0.000    0.000    0.000    0.000    0.000    0.000    0.000    0.000    0.000
11        0.000    0.000    0.000    0.000    0.000    0.000    0.000    0.000    0.000    0.000    0.000    0.000    0.000    0.000    0.000
12        0.000    0.000    0.000    0.000    0.000    0.000    0.000    0.000    0.000    0.000    0.000    0.000    0.000    0.000    0.000
13        0.000    0.000    0.000    0.000    0.000    0.000    0.000    0.000    0.000    0.000    0.000    0.000    0.000    0.000    0.000
14        0.000    0.000    0.000    0.000    0.000    0.000    0.000    0.000    0.000    0.000    0.000    0.000    0.000    0.000    0.000
15        0.000    0.000    0.000    0.000    0.000    0.000    0.000    0.000    0.000    0.000    0.000    0.000    0.000    0.000    0.000
16        0.000    0.000    0.000    0.000    0.000    0.000    0.000    0.000    0.000    0.000    0.000    0.000    0.000    0.000    0.000
17        0.000    0.000    0.000    0.000    0.000    0.000    0.000    0.000    0.000    0.000    0.000    0.000    0.000    0.000    0.000
18        0.000    0.000    0.000    0.000    0.000    0.000    0.000    0.000    0.000    0.000    0.000    0.000    0.000    0.000    0.000
19        0.000    0.000    0.000    0.000    0.000    0.000    0.000    0.000    0.000    0.000    0.000    0.000    0.000    0.000    0.000
20        0.000    0.000    0.000    0.000    0.000    0.000    0.000    0.000    0.000    0.000    0.000    0.000    0.000    0.000    0.000
21        0.000    0.000    0.000    0.000    0.000    0.000    0.000    0.000    0.000    0.000    0.000    0.000    0.000    0.000    0.000
22        0.000    0.000    0.000    0.000    0.000    0.000    0.000    0.000    0.000    0.000    0.000    0.000    0.000    0.000    0.000
23        0.000    0.000    0.000    0.000    0.000    0.000    0.000    0.000    0.000    0.000    0.000    0.000    0.000    0.000    0.000
24        0.000    0.000    0.000    0.000    0.000    0.000    0.000    0.000    0.000    0.000    0.000    0.000    0.000    0.000    0.000
25        0.000    0.000    0.000    0.000    0.000    0.000    0.000    0.000    0.000    0.000    0.000    0.000    0.000    0.000    0.000
26        0.000    0.000    0.000    0.000    0.000    0.000    0.000    0.000    0.000    0.000    0.000    0.000    0.000    0.000    0.000
27        0.000    0.000    0.000    0.000    0.000    0.000    0.000    0.000    0.000    0.000    0.000    0.000    0.000    0.000    0.000
28        0.000    0.000    0.000    0.000    0.000    0.000    0.000    0.000    0.000    0.000    0.000    0.000    0.000    0.000    0.000
29        0.000    0.000    0.000    0.000    0.000    0.000    0.000    0.000    0.000    0.000    0.000    0.000    0.000    0.000    0.000
30        0.000    0.000    0.000    0.000    0.000    0.000    0.000    0.000    0.000    0.000    0.000    0.000    0.000    0.000    0.000
31        0.000    0.000    0.000    0.000    0.000    0.000    0.000    0.000    0.000    0.000    0.000    0.000    0.000    0.000    0.000
32        0.000    0.000    0.000    0.000    0.000    0.000    0.000    0.000    0.000    0.000    0.000    0.000    0.000    0.000    0.000
33        0.000    0.000    0.000    0.000    0.000    0.000    0.000    0.000    0.000    0.000    0.000    0.000    0.000    0.000    0.000
34        0.000    0.000    0.000    0.000    0.000    0.000    0.000    0.000    0.000    0.000    0.000    0.000    0.000    0.000    0.000
35        0.000    0.000    0.000    0.000    0.000    0.000    0.000    0.000    0.000    0.000    0.000    0.000    0.000    0.000    0.000
36        0.000    0.000    0.060    0.936    0.004    0.000    0.000    0.000    0.000    0.000    0.000    0.000    0.000    0.000    0.000
37        0.000    0.000    0.113    0.883    0.004    0.000    0.000    0.000    0.000    0.000    0.000    0.000    0.000    0.000    0.000
38        0.000    0.000    0.188    0.809    0.004    0.000    0.000    0.000    0.000    0.000    0.000    0.000    0.000    0.000    0.000
39        0.000    0.000    0.274    0.722    0.004    0.000    0.000    0.000    0.000    0.000    0.000    0.000    0.000    0.000    0.000
40        0.000    0.000    3.953    7.005    0.041    0.001    0.000    0.000    0.000    0.000    0.000    0.000    0.000    0.000    0.000
41        0.000    0.000    3.868    5.097    0.034    0.001    0.000    0.000    0.000    0.000    0.000    0.000    0.000    0.000    0.000
42        0.000    0.000    9.567   10.349    0.082    0.002    0.000    0.000    0.000    0.000    0.000    0.000    0.000    0.000    0.000
43        0.000    0.000   11.055   10.839    0.102    0.002    0.001    0.000    0.000    0.000    0.000    0.000    0.000    0.000    0.000
44        0.000    0.000   11.042   10.831    0.124    0.003    0.001    0.000    0.000    0.000    0.000    0.000    0.000    0.000    0.000
45        0.000    0.000   10.481   11.354    0.160    0.004    0.001    0.000    0.000    0.000    0.000    0.000    0.000    0.000    0.000
46        0.000    0.000   11.941   15.771    0.278    0.008    0.002    0.000    0.000    0.000    0.000    0.000    0.000    0.000    0.000
47        0.000    0.000   10.997   19.548    0.437    0.014    0.003    0.000    0.000    0.000    0.000    0.000    0.000    0.000    0.000
48        0.000    0.000    7.795   20.585    0.594    0.022    0.005    0.000    0.000    0.000    0.000    0.000    0.000    0.000    0.000
49        0.000    0.000    5.996   25.972    0.982    0.039    0.010    0.000    0.000    0.000    0.000    0.000    0.000    0.000    0.000
50        0.000    0.000    3.672   28.797    1.449    0.065    0.016    0.000    0.000    0.000    0.000    0.000    0.000    0.000    0.000
51        0.000    0.000    1.516   23.765    1.617    0.082    0.020    0.000    0.000    0.000    0.000    0.000    0.000    0.000    0.000
52        0.000    0.000    0.845   29.229    2.730    0.156    0.040    0.000    0.000    0.000    0.000    0.000    0.000    0.000    0.000
53        0.000    0.000    0.278   23.421    3.051    0.199    0.051    0.000    0.000    0.000    0.000    0.000    0.000    0.000    0.000
54        0.000    0.000    0.128   29.013    5.353    0.400    0.105    0.000    0.000    0.000    0.000    0.000    0.000    0.000    0.000
55        0.000    0.000    0.023   15.432    4.095    0.354    0.095    0.000    0.000    0.000    0.000    0.000    0.000    0.000    0.000
56        0.000    0.000    0.006   13.908    5.393    0.543    0.150    0.000    0.000    0.000    0.000    0.000    0.000    0.000    0.000
57        0.000    0.000    0.003   21.650   12.457    1.472    0.418    0.000    0.000    0.000    0.000    0.000    0.000    0.000    0.000
58        0.000    0.000    0.000    6.424    5.571    0.778    0.227    0.000    0.000    0.000    0.000    0.000    0.000    0.000    0.000
59        0.000    0.000    0.000   10.327   13.709    2.276    0.687    0.000    0.000    0.000    0.000    0.000    0.000    0.000    0.000
60        0.000    0.000    0.000    4.996   10.312    2.051    0.640    0.000    0.000    0.000    0.000    0.000    0.000    0.000    0.000
61        0.000    0.000    0.000    5.855   19.083    4.579    1.483    0.000    0.000    0.000    0.000    0.000    0.000    0.000    0.000
62        0.000    0.000    0.000    3.751   19.608    5.715    1.924    0.000    0.000    0.001    0.000    0.000    0.000    0.000    0.000
63        0.000    0.000    0.000    2.717   23.136    8.250    2.895    0.000    0.000    0.001    0.000    0.000    0.000    0.000    0.000
64        0.000    0.000    0.000    1.189   16.751    7.360    2.699    0.000    0.000    0.001    0.000    0.000    0.000    0.000    0.000
65        0.000    0.000    0.000    0.893   21.148   11.529    4.427    0.000    0.000    0.003    0.000    0.000    0.000    0.000    0.000
66        0.000    0.000    0.000    0.425   17.165   11.692    4.713    0.000    0.000    0.005    0.000    0.000    0.000    0.000    0.000
67        0.000    0.000    0.000    0.287   20.130   17.254    7.318    0.000    0.000    0.009    0.000    0.000    0.000    0.000    0.000
68        0.000    0.000    0.000    0.107   13.173   14.308    6.401    0.001    0.000    0.011    0.000    0.000    0.000    0.000    0.000
69        0.000    0.000    0.000    0.058   12.795   17.737    8.389    0.002    0.000    0.019    0.000    0.000    0.000    0.000    0.000
70        0.000    0.000    0.000    0.022    8.967   15.975    8.007    0.004    0.000    0.024    0.000    0.000    0.000    0.000    0.000
71        0.000    0.000    0.000    0.010    7.047   16.249    8.651    0.009    0.000    0.033    0.000    0.000    0.000    0.000    0.000
72        0.000    0.000    0.000    0.004    5.068   15.232    8.635    0.018    0.000    0.043    0.000    0.000    0.000    0.000    0.000
73        0.000    0.000    0.000    0.002    6.389   25.202   15.249    0.060    0.000    0.098    0.000    0.000    0.000    0.000    0.000
74        0.000    0.000    0.000    0.001    3.941   20.551   13.302    0.095    0.000    0.110    0.000    0.000    0.000    0.000    0.000
75        0.000    0.000    0.000    0.000    3.185   22.111   15.348    0.192    0.000    0.163    0.000    0.000    0.000    0.000    0.000
76        0.000    0.000    0.000    0.000    2.458   22.878   17.070    0.362    0.000    0.231    0.000    0.000    0.000    0.000    0.000
77        0.000    0.000    0.000    0.000    2.191   27.527   22.130    0.771    0.000    0.381    0.000    0.000    0.000    0.000    0.000
78        0.000    0.000    0.000    0.000    1.321   22.572   19.598    1.083    0.000    0.427    0.000    0.000    0.000    0.000    0.000
79        0.000    0.000    0.000    0.000    0.594   13.888   13.054    1.106    0.000    0.358    0.000    0.000    0.000    0.000    0.000
80        0.000    0.000    0.000    0.000    0.714   23.034   23.494    2.951    0.000    0.807    0.000    0.000    0.000    0.000    0.000
81        0.000    0.000    0.000    0.000    0.441   19.756   21.918    3.945    0.000    0.939    0.000    0.000    0.000    0.000    0.000
82        0.000    0.000    0.000    0.000    0.228   14.277   17.269    4.307    0.000    0.919    0.000    0.000    0.000    0.000    0.000
83        0.000    0.000    0.000    0.000    0.127   11.181   14.781    4.938    0.000    0.972    0.000    0.000    0.000    0.000    0.000
84        0.000    0.000    0.000    0.000    0.062    7.813   11.314    4.895    0.000    0.916    0.000    0.000    0.000    0.000    0.000
85        0.000    0.000    0.000    0.000    0.059   10.512   16.716    9.054    0.000    1.659    0.000    0.000    0.000    0.000    0.000
86        0.000    0.000    0.000    0.000    0.028    7.293   12.765    8.368    0.000    1.545    0.000    0.000    0.000    0.000    0.000
87        0.000    0.000    0.000    0.000    0.008    2.980    5.754    4.413    0.000    0.846    0.000    0.000    0.000    0.000    0.000
88        0.000    0.000    0.000    0.000    0.002    1.304    2.784    2.415    0.000    0.495    0.000    0.000    0.000    0.000    0.000
89        0.000    0.000    0.000    0.000    0.003    2.124    5.028    4.770    0.000    1.075    0.000    0.000    0.000    0.000    0.000
90        0.000    0.000    0.000    0.000    0.002    2.592    6.819    6.839    0.000    1.747    0.000    0.000    0.000    0.000    0.000
91        0.000    0.000    0.000    0.000    0.001    1.277    3.742    3.836    0.000    1.144    0.000    0.000    0.000    0.000    0.000
92        0.000    0.000    0.000    0.000    0.000    0.570    1.865    1.888    0.000    0.677    0.000    0.000    0.000    0.000    0.000
93        0.000    0.000    0.000    0.000    0.000    0.102    0.375    0.362    0.000    0.161    0.000    0.000    0.000    0.000    0.000
94        0.000    0.000    0.000    0.000    0.000    0.553    2.271    2.028    0.000    1.147    0.000    0.000    0.000    0.000    0.000
95        0.000    0.000    0.000    0.000    0.000    0.083    0.384    0.306    0.000    0.227    0.000    0.000    0.000    0.000    0.000
96        0.000    0.000    0.000    0.000    0.000    0.075    0.389    0.268    0.000    0.268    0.000    0.000    0.000    0.000    0.000
97        0.000    0.000    0.000    0.000    0.000    0.134    0.786    0.451    0.000    0.629    0.000    0.000    0.000    0.000    0.000
98        0.000    0.000    0.000    0.000    0.000    0.000    0.000    0.000    0.000    0.000    0.000    0.000    0.000    0.000    0.000
99        0.000    0.000    0.000    0.000    0.000    0.052    0.391    0.141    0.000    0.416    0.000    0.000    0.000    0.000    0.000
100       0.000    0.000    0.000    0.000    0.000    0.008    0.072    0.019    0.000    0.087    0.813    0.000    0.000    0.000    0.000
101       0.000    0.000    0.000    0.000    0.000    0.038    0.371    0.074    0.000    0.517    0.000    0.000    0.000    0.000    0.000
102       0.000    0.000    0.000    0.000    0.000    0.008    0.090    0.013    1.746    0.143    0.000    0.000    0.000    0.000    0.000
103       0.000    0.000    0.000    0.000    0.000    0.000    0.000    0.000    0.000    0.000    0.000    0.000    0.000    0.000    0.000
104       0.000    0.000    0.000    0.000    0.000    0.000    0.000    0.000    0.000    0.000    0.000    0.000    0.000    0.000    0.000
105       0.000    0.000    0.000    0.000    0.000    0.000    0.000    0.000    0.000    0.000    0.000    0.000    0.000    0.000    0.000
106       0.000    0.000    0.000    0.000    0.000    0.000    0.000    0.000    0.000    0.000    0.000    0.000    0.000    0.000    0.000
107       0.000    0.000    0.000    0.000    0.000    0.000    0.000    0.000    0.000    0.000    0.000    0.000    0.000    0.000    0.000
108       0.000    0.000    0.000    0.000    0.000    0.000    0.000    0.000    0.000    0.000    0.000    0.000    0.000    0.000    0.000
109       0.000    0.000    0.000    0.000    0.000    0.000    0.000    0.000    0.000    0.000    0.000    0.000    0.000    0.000    0.000
110       0.000    0.000    0.000    0.000    0.000    0.012    0.422    0.001    0.000    1.565    0.000    0.000    0.000    0.000    0.000
111       0.000    0.000    0.000    0.000    0.000    0.000    0.000    0.000    0.000    0.000    0.000    0.000    0.000    0.000    0.000
112       0.000    0.000    0.000    0.000    0.000    0.000    0.000    0.000    0.000    0.000    0.000    0.000    0.000    0.000    0.000
113       0.000    0.000    0.000    0.000    0.000    0.000    0.000    0.000    0.000    0.000    0.000    0.000    0.000    0.000    0.000
114       0.000    0.000    0.000    0.000    0.000    0.000    0.000    0.000    0.000    0.000    0.000    0.000    0.000    0.000    0.000
115       0.000    0.000    0.000    0.000    0.000    0.000    0.000    0.000    0.000    0.000    0.000    0.000    0.000    0.000    0.000
116       0.000    0.000    0.000    0.000    0.000    0.002    0.146    0.000    0.000    0.852    0.000    0.000    0.000    0.000    0.000
117       0.000    0.000    0.000    0.000    0.000    0.000    0.000    0.000    0.000    0.000    0.000    0.000    0.000    0.000    0.000
118       0.000    0.000    0.000    0.000    0.000    0.000    0.000    0.000    0.000    0.000    0.000    0.000    0.000    0.000    0.000
119       0.000    0.000    0.000    0.000    0.000    0.001    0.127    0.000    0.000    0.872    0.000    0.000    0.000    0.000    0.000
120       0.000    0.000    0.000    0.000    0.000    0.000    0.000    0.000    0.000    0.000    0.000    0.000    0.000    0.000    0.000
121       0.000    0.000    0.000    0.000    0.000    0.000    0.000    0.000    0.000    0.000    0.000    0.000    0.000    0.000    0.000
122       0.000    0.000    0.000    0.000    0.000    0.000    0.000    0.000    0.000    0.000    0.000    0.000    0.000    0.000    0.000
123       0.000    0.000    0.000    0.000    0.000    0.000    0.000    0.000    0.000    0.000    0.000    0.000    0.000    0.000    0.000
124       0.000    0.000    0.000    0.000    0.000    0.000    0.000    0.000    0.000    0.000    0.000    0.000    0.000    0.000    0.000
125       0.000    0.000    0.000    0.000    0.000    0.000    0.000    0.000    0.000    0.000    0.000    0.000    0.000    0.000    0.000
126       0.000    0.000    0.000    0.000    0.000    0.000    0.000    0.000    0.000    0.000    0.000    0.000    0.000    0.000    0.000
127       0.000    0.000    0.000    0.000    0.000    0.000    0.000    0.000    0.000    0.000    0.000    0.000    0.000    0.000    0.000
128       0.000    0.000    0.000    0.000    0.000    0.000    0.000    0.000    0.000    0.000    0.000    0.000    0.000    0.000    0.000
129       0.000    0.000    0.000    0.000    0.000    0.000    0.000    0.000    0.000    0.000    0.000    0.000    0.000    0.000    0.000
130       0.000    0.000    0.000    0.000    0.000    0.000    0.000    0.000    0.000    0.000    0.000    0.000    0.000    0.000    0.000
131       0.000    0.000    0.000    0.000    0.000    0.000    0.000    0.000    0.000    0.000    0.000    0.000    0.000    0.000    0.000
132       0.000    0.000    0.000    0.000    0.000    0.000    0.000    0.000    0.000    0.000    0.000    0.000    0.000    0.000    0.000
133       0.000    0.000    0.000    0.000    0.000    0.000    0.000    0.000    0.000    0.000    0.000    0.000    0.000    0.000    0.000
134       0.000    0.000    0.000    0.000    0.000    0.000    0.000    0.000    0.000    0.000    0.000    0.000    0.000    0.000    0.000
135       0.000    0.000    0.000    0.000    0.000    0.000    0.000    0.000    0.000    0.000    0.000    0.000    0.000    0.000    0.000
136       0.000    0.000    0.000    0.000    0.000    0.000    0.000    0.000    0.000    0.000    0.000    0.000    0.000    0.000    0.000
137       0.000    0.000    0.000    0.000    0.000    0.000    0.000    0.000    0.000    0.000    0.000    0.000    0.000    0.000    0.000
138       0.000    0.000    0.000    0.000    0.000    0.000    0.000    0.000    0.000    0.000    0.000    0.000    0.000    0.000    0.000
139       0.000    0.000    0.000    0.000    0.000    0.000    0.000    0.000    0.000    0.000    0.000    0.000    0.000    0.000    0.000
140       0.000    0.000    0.000    0.000    0.000    0.000    0.000    0.000    0.000    0.000    0.000    0.000    0.000    0.000    0.000
141       0.000    0.000    0.000    0.000    0.000    0.000    0.000    0.000    0.000    0.000    0.000    0.000    0.000    0.000    0.000
142       0.000    0.000    0.000    0.000    0.000    0.000    0.000    0.000    0.000    0.000    0.000    0.000    0.000    0.000    0.000
143       0.000    0.000    0.000    0.000    0.000    0.000    0.000    0.000    0.000    0.000    0.000    0.000    0.000    0.000    0.000
144       0.000    0.000    0.000    0.000    0.000    0.000    0.000    0.000    0.000    0.000    0.000    0.000    0.000    0.000    0.000
145       0.000    0.000    0.000    0.000    0.000    0.000    0.000    0.000    0.000    0.000    0.000    0.000    0.000    0.000    0.000
146       0.000    0.000    0.000    0.000    0.000    0.000    0.000    0.000    0.000    0.000    0.000    0.000    0.000    0.000    0.000
147       0.000    0.000    0.000    0.000    0.000    0.000    0.000    0.000    0.000    0.000    0.000    0.000    0.000    0.000    0.000
148       0.000    0.000    0.000    0.000    0.000    0.000    0.000    0.000    0.000    0.000    0.000    0.000    0.000    0.000    0.000
149       0.000    0.000    0.000    0.000    0.000    0.000    0.000    0.000    0.000    0.000    0.000    0.000    0.000    0.000    0.000
150       0.000    0.000    0.000    0.000    0.000    0.000    0.000    0.000    0.000    0.000    0.000    0.000    0.000    0.000    0.000
Sum       0.000    0.000   93.803  362.987  274.414  414.867  333.841   69.985    1.746   22.545    0.813    0.000    0.000    0.000    0.000
mW        0.000    0.000    0.858    1.252    2.447    3.849    4.442    5.797    9.597    7.166    9.047    0.000    0.000    0.000    0.000
mL        0.000    0.000   45.071   50.910   63.992   74.461   78.048   85.897  102.000   92.143      NaN    0.000    0.000    0.000    0.000
pA        0.000    0.000    0.060    0.230    0.174    0.263    0.212    0.044    0.001    0.014    0.001    0.000    0.000    0.000    0.000
tot.mW 3096.782 3096.782 3096.782 3096.782 3096.782 3096.782 3096.782 3096.782 3096.782 3096.782 3096.782 3096.782 3096.782 3096.782 3096.782
tot.mL   67.013   67.013   67.013   67.013   67.013   67.013   67.013   67.013   67.013   67.013   67.013   67.013   67.013   67.013   67.013
             15    Matad      Sum
1         0.000    0.000    0.000
2         0.000    0.000    0.000
3         0.000    0.000    0.000
4         0.000    0.000    0.000
5         0.000    0.000    0.000
6         0.000    0.000    0.000
7         0.000    0.000    0.000
8         0.000    0.000    0.000
9         0.000    0.000    0.000
10        0.000    0.000    0.000
11        0.000    0.000    0.000
12        0.000    0.000    0.000
13        0.000    0.000    0.000
14        0.000    0.000    0.000
15        0.000    0.000    0.000
16        0.000    0.000    0.000
17        0.000    0.000    0.000
18        0.000    0.000    0.000
19        0.000    0.000    0.000
20        0.000    0.000    0.000
21        0.000    0.000    0.000
22        0.000    0.000    0.000
23        0.000    0.000    0.000
24        0.000    0.000    0.000
25        0.000    0.000    0.000
26        0.000    0.000    0.000
27        0.000    0.000    0.000
28        0.000    0.000    0.000
29        0.000    0.000    0.000
30        0.000    0.000    0.000
31        0.000    0.000    0.000
32        0.000    0.000    0.000
33        0.000    0.000    0.000
34        0.000    0.000    0.000
35        0.000    0.000    0.000
36        0.000    1.000    1.000
37        0.000    1.000    1.000
38        0.000    1.000    1.000
39        0.000    1.000    1.000
40        0.000   11.000   11.000
41        0.000    9.000    9.000
42        0.000   20.000   20.000
43        0.000   22.000   22.000
44        0.000   22.000   22.000
45        0.000   22.000   22.000
46        0.000   28.000   28.000
47        0.000   31.000   31.000
48        0.000   29.000   29.000
49        0.000   33.000   33.000
50        0.000   34.000   34.000
51        0.000   27.000   27.000
52        0.000   33.000   33.000
53        0.000   27.000   27.000
54        0.000   35.000   35.000
55        0.000   20.000   20.000
56        0.000   20.000   20.000
57        0.000   36.000   36.000
58        0.000   13.000   13.000
59        0.000   27.000   27.000
60        0.000   18.000   18.000
61        0.000   31.000   31.000
62        0.000   31.000   31.000
63        0.000   37.000   37.000
64        0.000   28.000   28.000
65        0.000   38.000   38.000
66        0.000   34.000   34.000
67        0.000   45.000   45.000
68        0.000   34.000   34.000
69        0.000   39.000   39.000
70        0.000   33.000   33.000
71        0.000   32.000   32.000
72        0.000   29.000   29.000
73        0.000   47.000   47.000
74        0.000   38.000   38.000
75        0.000   41.000   41.000
76        0.000   43.000   43.000
77        0.000   53.000   53.000
78        0.000   45.000   45.000
79        0.000   29.000   29.000
80        0.000   51.000   51.000
81        0.000   47.000   47.000
82        0.000   37.000   37.000
83        0.000   32.000   32.000
84        0.000   25.000   25.000
85        0.000   38.000   38.000
86        0.000   30.000   30.000
87        0.000   14.000   14.000
88        0.000    7.000    7.000
89        0.000   13.000   13.000
90        0.000   18.000   18.000
91        0.000   10.000   10.000
92        0.000    5.000    5.000
93        0.000    1.000    1.000
94        0.000    6.000    6.000
95        0.000    1.000    1.000
96        0.000    1.000    1.000
97        0.000    2.000    2.000
98        0.000    0.000    0.000
99        0.000    1.000    1.000
100       0.000    1.000    1.000
101       0.000    1.000    1.000
102       0.000    2.000    2.000
103       0.000    0.000    0.000
104       0.000    0.000    0.000
105       0.000    0.000    0.000
106       0.000    0.000    0.000
107       0.000    0.000    0.000
108       0.000    0.000    0.000
109       0.000    0.000    0.000
110       0.000    2.000    2.000
111       0.000    0.000    0.000
112       0.000    0.000    0.000
113       0.000    0.000    0.000
114       0.000    0.000    0.000
115       0.000    0.000    0.000
116       0.000    1.000    1.000
117       0.000    0.000    0.000
118       0.000    0.000    0.000
119       0.000    1.000    1.000
120       0.000    0.000    0.000
121       0.000    0.000    0.000
122       0.000    0.000    0.000
123       0.000    0.000    0.000
124       0.000    0.000    0.000
125       0.000    0.000    0.000
126       0.000    0.000    0.000
127       0.000    0.000    0.000
128       0.000    0.000    0.000
129       0.000    0.000    0.000
130       0.000    0.000    0.000
131       0.000    0.000    0.000
132       0.000    0.000    0.000
133       0.000    0.000    0.000
134       0.000    0.000    0.000
135       0.000    0.000    0.000
136       0.000    0.000    0.000
137       0.000    0.000    0.000
138       0.000    0.000    0.000
139       0.000    0.000    0.000
140       0.000    0.000    0.000
141       0.000    0.000    0.000
142       0.000    0.000    0.000
143       0.000    0.000    0.000
144       0.000    0.000    0.000
145       0.000    0.000    0.000
146       0.000    0.000    0.000
147       0.000    0.000    0.000
148       0.000    0.000    0.000
149       0.000    0.000    0.000
150       0.000    0.000    0.000
Sum       0.000 1575.000 1575.000
mW        0.000    0.000    0.000
mL        0.000    0.000    0.000
pA        0.000    0.000    0.000
tot.mW 3096.782 3096.782 3096.782
tot.mL   67.013   67.013   67.013


 .... [TRUNCATED] 
>>>>>>>>>>>>>>>>>>>>>>>>>>>>>>>>>>>>>>>>>>>>>>>>>>>>>>>>>>>>>> 
 > Dato                :  Wed Dec  3 13:58:53 2014 
 > Slag                :  TO 
 > ?r                  :  2014 
 > Ti?arskei?          :  JUN-DEC 
 > Skipab?lk/-ar       :  19 20 
 > Skipab?lk/-ar (l?n) :  0 
 > ICES-?ki            :  VB1 
 <<<<<<<<<<<<<<<<<<<<<<<<<<<<<<<<<<<<<<<<<<<<<<<<<<<<<<<<<<<<<< 

$URSLITID
   aldur tal_matad tal_fiskad midal_longd midal_vekt roknad_veida
0      0         0          0        0.00      0.000            0
1      1         0          0        0.00      0.000            0
2      2        72        367       44.62      0.829          304
3      3       378       1919       52.22      1.354         2598
4      4       206       1047       63.74      2.433         2547
5      5       419       2123       73.61      3.724         7907
6      6       307       1558       79.65      4.691         7309
7      7        43        216       85.71      5.766         1246
8      8         1          5      102.00      9.597           49
9      9         6         31       91.17      6.910          217
10    10         1          5      100.00      9.047           46
11    11         0          0        0.00      0.000            0
12    12         0          0        0.00      0.000            0
13    13         0          0        0.00      0.000            0
14    14         0          0        0.00      0.000            0
15    15         0          0        0.00      0.000            0
17   Sum      1433       7271       66.85      3.056        22223

$URSLITID.j
   aldur tal_matad tal_fiskad midal_longd midal_vekt roknad_veida
0      0         0          0        0.00      0.000            0
1      1         0          0        0.00      0.000            0
2      2        94        427       45.07      0.858          367
3      3       363       1654       50.91      1.252         2070
4      4       274       1250       63.99      2.447         3059
5      5       415       1890       74.46      3.849         7275
6      6       334       1521       78.05      4.442         6756
7      7        70        319       85.90      5.797         1848
8      8         2          8      102.00      9.597           76
9      9        23        103       92.14      7.166          736
10    10         1          4        0.00      9.047           34
11    11         0          0        0.00      0.000            0
12    12         0          0        0.00      0.000            0
13    13         0          0        0.00      0.000            0
14    14         0          0        0.00      0.000            0
15    15         0          0        0.00      0.000            0
17   Sum      1576       7176       67.01      3.097        22221


 .... [TRUNCATED] 
