
 .... [TRUNCATED] 
<<<<<<<<<<<<<<<<<<<<<<<<<<<<<<<<<<<<<<<<<<<<<<<<<<<<<<<<<<<<<<<<<<<<<<<< 
 > Dato                                      :  Mon Dec  1 13:25:00 2014 
 > Slag                                      :  UP 
 > Ár                                        :  2014 
 > Skipabólk/-ar                             :  19 20 
 > Byrjanar og enda mánaŵ fyri ALK/ALD       :  JUN-DEC 
 > Skipabólk/-ar, sum longdir eru lántar frá :  0 
 > Skipabólk/-ar, sum vektir eru lántar frá  :  0 
 > Skipabólk/-ar, sum aldrar eru lántar frá  :  0 
 > ICES-øki                                  :  VB1 
 <<<<<<<<<<<<<<<<<<<<<<<<<<<<<<<<<<<<<<<<<<<<<<<<<<<<<<<<<<<<<<<<<<<<<<<<
 .... [TRUNCATED] 
>>>>>>>>>>>>>>>>>>>>>>>>>>>>>>>>>>>>> 
> Alpha	 = 0.008761022
> Beta	 = 2.981791
> R^2	 = 0.9744799
> N	 = 2271
> Veida (kg.)	  = 0
> Rundveida (kg.) = 0
<<<<<<<<<<<<<<<<<<<<<<<<<<<<<<<<<<<<<
 .... [TRUNCATED] 
>>>>>>>>>>>>>> 	 ALK-lykil 	 <<<<<<<<<<<<
 .... [TRUNCATED] 
$ALK
    longd 0 1 2 3  4  5  6 7 8 9 10 11 12 13 14 15 Sum Matad
1       1 0 0 0 0  0  0  0 0 0 0  0  0  0  0  0  0   0     0
2       2 0 0 0 0  0  0  0 0 0 0  0  0  0  0  0  0   0     0
3       3 0 0 0 0  0  0  0 0 0 0  0  0  0  0  0  0   0     0
4       4 0 0 0 0  0  0  0 0 0 0  0  0  0  0  0  0   0     0
5       5 0 0 0 0  0  0  0 0 0 0  0  0  0  0  0  0   0     0
6       6 0 0 0 0  0  0  0 0 0 0  0  0  0  0  0  0   0     0
7       7 0 0 0 0  0  0  0 0 0 0  0  0  0  0  0  0   0     0
8       8 0 0 0 0  0  0  0 0 0 0  0  0  0  0  0  0   0     0
9       9 0 0 0 0  0  0  0 0 0 0  0  0  0  0  0  0   0     0
10     10 0 0 0 0  0  0  0 0 0 0  0  0  0  0  0  0   0     0
11     11 0 0 0 0  0  0  0 0 0 0  0  0  0  0  0  0   0     0
12     12 0 0 0 0  0  0  0 0 0 0  0  0  0  0  0  0   0     0
13     13 0 0 0 0  0  0  0 0 0 0  0  0  0  0  0  0   0     0
14     14 0 0 0 0  0  0  0 0 0 0  0  0  0  0  0  0   0     0
15     15 0 0 0 0  0  0  0 0 0 0  0  0  0  0  0  0   0     0
16     16 0 0 0 0  0  0  0 0 0 0  0  0  0  0  0  0   0     0
17     17 0 0 0 0  0  0  0 0 0 0  0  0  0  0  0  0   0     0
18     18 0 0 0 0  0  0  0 0 0 0  0  0  0  0  0  0   0     0
19     19 0 0 0 0  0  0  0 0 0 0  0  0  0  0  0  0   0     0
20     20 0 0 0 0  0  0  0 0 0 0  0  0  0  0  0  0   0     0
21     21 0 0 0 0  0  0  0 0 0 0  0  0  0  0  0  0   0     0
22     22 0 0 0 0  0  0  0 0 0 0  0  0  0  0  0  0   0     0
23     23 0 0 0 0  0  0  0 0 0 0  0  0  0  0  0  0   0     0
24     24 0 0 0 0  0  0  0 0 0 0  0  0  0  0  0  0   0     0
25     25 0 0 0 0  0  0  0 0 0 0  0  0  0  0  0  0   0     0
26     26 0 0 0 0  0  0  0 0 0 0  0  0  0  0  0  0   0     0
27     27 0 0 0 0  0  0  0 0 0 0  0  0  0  0  0  0   0     0
28     28 0 0 0 0  0  0  0 0 0 0  0  0  0  0  0  0   0     0
29     29 0 0 0 0  0  0  0 0 0 0  0  0  0  0  0  0   0     0
30     30 0 0 0 0  0  0  0 0 0 0  0  0  0  0  0  0   0     0
31     31 0 0 0 0  0  0  0 0 0 0  0  0  0  0  0  0   0     0
32     32 0 0 0 0  0  0  0 0 0 0  0  0  0  0  0  0   0     0
33     33 0 0 0 0  0  0  0 0 0 0  0  0  0  0  0  0   0     0
34     34 0 0 0 0  0  0  0 0 0 0  0  0  0  0  0  0   0     0
35     35 0 0 0 0  0  0  0 0 0 0  0  0  0  0  0  0   0     0
36     36 0 0 0 0  0  0  0 0 0 0  0  0  0  0  0  0   0     0
37     37 0 0 0 0  0  0  0 0 0 0  0  0  0  0  0  0   0     0
38     38 0 0 0 0  0  0  0 0 0 0  0  0  0  0  0  0   0     0
39     39 0 0 0 0  0  0  0 0 0 0  0  0  0  0  0  0   0     0
40     40 0 0 0 0  0  0  0 0 0 0  0  0  0  0  0  0   0     0
41     41 0 0 0 0  0  0  0 0 0 0  0  0  0  0  0  0   0     4
42     42 0 0 0 1  0  0  0 0 0 0  0  0  0  0  0  0   1     2
43     43 0 0 0 0  0  0  0 0 0 0  0  0  0  0  0  0   0     4
44     44 0 0 0 1  0  0  0 0 0 0  0  0  0  0  0  0   1     4
45     45 0 0 0 0  0  0  0 0 0 0  0  0  0  0  0  0   0    10
46     46 0 0 0 0  0  0  0 0 0 0  0  0  0  0  0  0   0    22
47     47 0 0 0 0  1  0  0 0 0 0  0  0  0  0  0  0   1    41
48     48 0 0 0 0  1  0  0 0 0 0  0  0  0  0  0  0   1    49
49     49 0 0 0 0  1  0  0 0 0 0  0  0  0  0  0  0   1    55
50     50 0 0 0 0  0  1  0 0 0 0  0  0  0  0  0  0   1    80
51     51 0 0 0 0  2  3  0 0 0 0  0  0  0  0  0  0   5   105
52     52 0 0 0 0  2  2  0 0 0 0  0  0  0  0  0  0   4    96
53     53 0 0 0 0  4  7  1 0 0 0  0  0  0  0  0  0  12   120
54     54 0 0 0 0  8  7  0 0 0 0  0  0  0  0  0  0  15   118
55     55 0 0 0 0  3  6  0 1 0 0  0  0  0  0  0  0  10   153
56     56 0 0 0 0  4  6  3 0 0 0  0  0  0  0  0  0  13   137
57     57 0 0 0 0 10 11  2 1 0 0  0  0  0  0  0  0  24   191
58     58 0 0 0 0  8 13  3 1 0 0  0  0  0  0  0  0  25   182
59     59 0 0 0 0  4 13  4 1 0 0  0  0  0  0  0  0  22   176
60     60 0 0 0 0  9 22  3 1 0 0  0  0  0  0  0  0  35   215
61     61 0 0 0 0  3 21  4 1 1 0  0  0  0  0  0  0  30   235
62     62 0 0 0 0  1 18  5 0 0 0  0  0  0  0  0  0  24   217
63     63 0 0 0 0  2 16  9 3 0 0  0  0  0  0  0  0  30   219
64     64 0 0 0 0  1 21  5 0 0 0  0  0  0  0  0  0  27   200
65     65 0 0 0 0  1 15  7 3 0 0  0  0  0  0  0  0  26   216
66     66 0 0 0 0  2  7 11 1 1 0  0  0  0  0  0  0  22   168
67     67 0 0 0 0  0 13  9 0 0 0  0  0  0  0  0  0  22   150
68     68 0 0 0 0  1  6  4 0 0 0  0  0  0  0  0  0  11   136
69     69 0 0 0 0  0 10  5 2 0 0  0  0  0  0  0  0  17   126
70     70 0 0 0 0  0  2  3 2 0 0  0  0  0  0  0  0   7   117
71     71 0 0 0 0  0  2  1 2 1 0  0  0  0  0  0  0   6    95
72     72 0 0 0 0  0  0  4 3 0 0  0  0  0  0  0  0   7    85
73     73 0 0 0 0  0  1  2 1 0 0  0  0  0  0  0  0   4    77
74     74 0 0 0 0  0  0  4 3 0 0  0  0  0  0  0  0   7    61
75     75 0 0 0 0  0  0  1 1 0 0  0  0  0  0  0  0   2    51
76     76 0 0 0 0  0  0  1 0 0 0  0  0  0  0  0  0   1    39
77     77 0 0 0 0  0  0  0 1 0 0  0  0  0  0  0  0   1    30
78     78 0 0 0 0  0  0  0 0 0 0  0  0  0  0  0  0   0    34
79     79 0 0 0 0  0  0  0 2 0 0  0  0  0  0  0  0   2    20
80     80 0 0 0 0  0  0  0 0 0 0  0  0  0  0  0  0   0    28
81     81 0 0 0 0  0  0  0 0 0 0  0  0  0  0  0  0   0    26
82     82 0 0 0 0  0  0  0 0 0 0  0  0  0  0  0  0   0    19
83     83 0 0 0 0  0  0  0 0 0 0  0  0  0  0  0  0   0    23
84     84 0 0 0 0  0  0  0 0 0 0  0  0  0  0  0  0   0    23
85     85 0 0 0 0  0  0  0 0 0 0  0  0  0  0  0  0   0    20
86     86 0 0 0 0  0  0  0 0 0 0  0  0  0  0  0  0   0    17
87     87 0 0 0 0  0  0  0 0 0 0  0  0  0  0  0  0   0    37
88     88 0 0 0 0  0  0  0 0 0 1  0  0  0  0  0  0   1    21
89     89 0 0 0 0  0  0  0 0 0 0  0  0  0  0  0  0   0    24
90     90 0 0 0 0  0  0  0 0 0 0  0  0  0  0  0  0   0    27
91     91 0 0 0 0  0  0  0 0 0 0  0  1  0  0  0  0   1    28
92     92 0 0 0 0  0  0  0 0 0 0  0  0  0  0  0  0   0    36
93     93 0 0 0 0  0  0  0 0 0 0  0  0  0  0  0  0   0    36
94     94 0 0 0 0  0  0  0 0 0 0  0  0  0  0  0  0   0    25
95     95 0 0 0 0  0  0  0 0 0 0  0  0  0  0  0  0   0    32
96     96 0 0 0 0  0  0  0 0 0 0  0  0  0  0  0  0   0    10
97     97 0 0 0 0  0  0  0 0 0 0  0  0  0  0  0  0   0    15
98     98 0 0 0 0  0  0  0 0 0 0  0  0  0  0  0  0   0     6
99     99 0 0 0 0  0  0  0 0 0 0  0  0  0  0  0  0   0     7
100   100 0 0 0 0  0  0  0 0 0 0  0  0  0  0  0  0   0     7
101   101 0 0 0 0  0  0  0 0 0 0  0  0  0  0  0  0   0     2
102   102 0 0 0 0  0  0  0 0 0 0  0  0  0  0  0  0   0     2
103   103 0 0 0 0  0  0  0 0 0 0  0  0  0  0  0  0   0     3
104   104 0 0 0 0  0  0  0 0 0 0  0  0  0  0  0  0   0     1
105   105 0 0 0 0  0  0  0 0 0 0  0  0  0  0  0  0   0     2
106   106 0 0 0 0  0  0  0 0 0 0  0  0  0  0  0  0   0     1
107   107 0 0 0 0  0  0  0 0 0 0  0  0  0  0  0  0   0     0
108   108 0 0 0 0  0  0  0 0 0 0  0  0  0  0  0  0   0     0
109   109 0 0 0 0  0  0  0 0 0 0  0  0  0  0  0  0   0     0
110   110 0 0 0 0  0  0  0 0 0 0  0  0  0  0  0  0   0     0
111   111 0 0 0 0  0  0  0 0 0 0  0  0  0  0  0  0   0     0
112   112 0 0 0 0  0  0  0 0 0 0  0  0  0  0  0  0   0     0
113   113 0 0 0 0  0  0  0 0 0 0  0  0  0  0  0  0   0     0
114   114 0 0 0 0  0  0  0 0 0 0  0  0  0  0  0  0   0     0
115   115 0 0 0 0  0  0  0 0 0 0  0  0  0  0  0  0   0     0
116   116 0 0 0 0  0  0  0 0 0 0  0  0  0  0  0  0   0     1
117   117 0 0 0 0  0  0  0 0 0 0  0  0  0  0  0  0   0     0
118   118 0 0 0 0  0  0  0 0 0 0  0  0  0  0  0  0   0     0
119   119 0 0 0 0  0  0  0 0 0 0  0  0  0  0  0  0   0     0
120   120 0 0 0 0  0  0  0 0 0 0  0  0  0  0  0  0   0     0
121   121 0 0 0 0  0  0  0 0 0 0  0  0  0  0  0  0   0     0
122   122 0 0 0 0  0  0  0 0 0 0  0  0  0  0  0  0   0     0
123   123 0 0 0 0  0  0  0 0 0 0  0  0  0  0  0  0   0     0
124   124 0 0 0 0  0  0  0 0 0 0  0  0  0  0  0  0   0     0
125   125 0 0 0 0  0  0  0 0 0 0  0  0  0  0  0  0   0     0
126   126 0 0 0 0  0  0  0 0 0 0  0  0  0  0  0  0   0     0
127   127 0 0 0 0  0  0  0 0 0 0  0  0  0  0  0  0   0     0
128   128 0 0 0 0  0  0  0 0 0 0  0  0  0  0  0  0   0     0
129   129 0 0 0 0  0  0  0 0 0 0  0  0  0  0  0  0   0     0
130   130 0 0 0 0  0  0  0 0 0 0  0  0  0  0  0  0   0     0
131   131 0 0 0 0  0  0  0 0 0 0  0  0  0  0  0  0   0     0
132   132 0 0 0 0  0  0  0 0 0 0  0  0  0  0  0  0   0     0
133   133 0 0 0 0  0  0  0 0 0 0  0  0  0  0  0  0   0     0
134   134 0 0 0 0  0  0  0 0 0 0  0  0  0  0  0  0   0     0
135   135 0 0 0 0  0  0  0 0 0 0  0  0  0  0  0  0   0     0
136   136 0 0 0 0  0  0  0 0 0 0  0  0  0  0  0  0   0     0
137   137 0 0 0 0  0  0  0 0 0 0  0  0  0  0  0  0   0     0
138   138 0 0 0 0  0  0  0 0 0 0  0  0  0  0  0  0   0     0
139   139 0 0 0 0  0  0  0 0 0 0  0  0  0  0  0  0   0     0
140   140 0 0 0 0  0  0  0 0 0 0  0  0  0  0  0  0   0     0
141   141 0 0 0 0  0  0  0 0 0 0  0  0  0  0  0  0   0     0
142   142 0 0 0 0  0  0  0 0 0 0  0  0  0  0  0  0   0     0
143   143 0 0 0 0  0  0  0 0 0 0  0  0  0  0  0  0   0     0
144   144 0 0 0 0  0  0  0 0 0 0  0  0  0  0  0  0   0     0
145   145 0 0 0 0  0  0  0 0 0 0  0  0  0  0  0  0   0     0
146   146 0 0 0 0  0  0  0 0 0 0  0  0  0  0  0  0   0     0
147   147 0 0 0 0  0  0  0 0 0 0  0  0  0  0  0  0   0     0
148   148 0 0 0 0  0  0  0 0 0 0  0  0  0  0  0  0   0     0
149   149 0 0 0 0  0  0  0 0 0 0  0  0  0  0  0  0   0     0
150   150 0 0 0 0  0  0  0 0 0 0  0  0  0  0  0  0   0     0

$ALK.j
    longd 0 1 2     3     4      5     6     7     8 9 10 11 12 13 14 15    Sum Matad
1       1 0 0 0 0.000 0.000  0.000 0.000 0.000 0.000 0  0  0  0  0  0  0  0.000     0
2       2 0 0 0 0.000 0.000  0.000 0.000 0.000 0.000 0  0  0  0  0  0  0  0.000     0
3       3 0 0 0 0.000 0.000  0.000 0.000 0.000 0.000 0  0  0  0  0  0  0  0.000     0
4       4 0 0 0 0.000 0.000  0.000 0.000 0.000 0.000 0  0  0  0  0  0  0  0.000     0
5       5 0 0 0 0.000 0.000  0.000 0.000 0.000 0.000 0  0  0  0  0  0  0  0.000     0
6       6 0 0 0 0.000 0.000  0.000 0.000 0.000 0.000 0  0  0  0  0  0  0  0.000     0
7       7 0 0 0 0.000 0.000  0.000 0.000 0.000 0.000 0  0  0  0  0  0  0  0.000     0
8       8 0 0 0 0.000 0.000  0.000 0.000 0.000 0.000 0  0  0  0  0  0  0  0.000     0
9       9 0 0 0 0.000 0.000  0.000 0.000 0.000 0.000 0  0  0  0  0  0  0  0.000     0
10     10 0 0 0 0.000 0.000  0.000 0.000 0.000 0.000 0  0  0  0  0  0  0  0.000     0
11     11 0 0 0 0.000 0.000  0.000 0.000 0.000 0.000 0  0  0  0  0  0  0  0.000     0
12     12 0 0 0 0.000 0.000  0.000 0.000 0.000 0.000 0  0  0  0  0  0  0  0.000     0
13     13 0 0 0 0.000 0.000  0.000 0.000 0.000 0.000 0  0  0  0  0  0  0  0.000     0
14     14 0 0 0 0.000 0.000  0.000 0.000 0.000 0.000 0  0  0  0  0  0  0  0.000     0
15     15 0 0 0 0.000 0.000  0.000 0.000 0.000 0.000 0  0  0  0  0  0  0  0.000     0
16     16 0 0 0 0.000 0.000  0.000 0.000 0.000 0.000 0  0  0  0  0  0  0  0.000     0
17     17 0 0 0 0.000 0.000  0.000 0.000 0.000 0.000 0  0  0  0  0  0  0  0.000     0
18     18 0 0 0 0.000 0.000  0.000 0.000 0.000 0.000 0  0  0  0  0  0  0  0.000     0
19     19 0 0 0 0.000 0.000  0.000 0.000 0.000 0.000 0  0  0  0  0  0  0  0.000     0
20     20 0 0 0 0.000 0.000  0.000 0.000 0.000 0.000 0  0  0  0  0  0  0  0.000     0
21     21 0 0 0 0.000 0.000  0.000 0.000 0.000 0.000 0  0  0  0  0  0  0  0.000     0
22     22 0 0 0 0.000 0.000  0.000 0.000 0.000 0.000 0  0  0  0  0  0  0  0.000     0
23     23 0 0 0 0.000 0.000  0.000 0.000 0.000 0.000 0  0  0  0  0  0  0  0.000     0
24     24 0 0 0 0.000 0.000  0.000 0.000 0.000 0.000 0  0  0  0  0  0  0  0.000     0
25     25 0 0 0 0.000 0.000  0.000 0.000 0.000 0.000 0  0  0  0  0  0  0  0.000     0
26     26 0 0 0 0.000 0.000  0.000 0.000 0.000 0.000 0  0  0  0  0  0  0  0.000     0
27     27 0 0 0 0.000 0.000  0.000 0.000 0.000 0.000 0  0  0  0  0  0  0  0.000     0
28     28 0 0 0 0.000 0.000  0.000 0.000 0.000 0.000 0  0  0  0  0  0  0  0.000     0
29     29 0 0 0 0.000 0.000  0.000 0.000 0.000 0.000 0  0  0  0  0  0  0  0.000     0
30     30 0 0 0 0.000 0.000  0.000 0.000 0.000 0.000 0  0  0  0  0  0  0  0.000     0
31     31 0 0 0 0.000 0.000  0.000 0.000 0.000 0.000 0  0  0  0  0  0  0  0.000     0
32     32 0 0 0 0.000 0.000  0.000 0.000 0.000 0.000 0  0  0  0  0  0  0  0.000     0
33     33 0 0 0 0.000 0.000  0.000 0.000 0.000 0.000 0  0  0  0  0  0  0  0.000     0
34     34 0 0 0 0.000 0.000  0.000 0.000 0.000 0.000 0  0  0  0  0  0  0  0.000     0
35     35 0 0 0 0.000 0.000  0.000 0.000 0.000 0.000 0  0  0  0  0  0  0  0.000     0
36     36 0 0 0 0.000 0.000  0.000 0.000 0.000 0.000 0  0  0  0  0  0  0  0.000     0
37     37 0 0 0 0.000 0.000  0.000 0.000 0.000 0.000 0  0  0  0  0  0  0  0.000     0
38     38 0 0 0 0.001 0.000  0.000 0.000 0.000 0.000 0  0  0  0  0  0  0  0.001     0
39     39 0 0 0 0.010 0.000  0.000 0.000 0.000 0.000 0  0  0  0  0  0  0  0.011     0
40     40 0 0 0 0.059 0.001  0.000 0.000 0.000 0.000 0  0  0  0  0  0  0  0.061     0
41     41 0 0 0 0.208 0.003  0.001 0.000 0.000 0.000 0  0  0  0  0  0  0  0.212     4
42     42 0 0 0 0.439 0.008  0.002 0.000 0.001 0.000 0  0  0  0  0  0  0  0.451     2
43     43 0 0 0 0.564 0.019  0.006 0.000 0.001 0.000 0  0  0  0  0  0  0  0.590     4
44     44 0 0 0 0.439 0.041  0.014 0.001 0.002 0.000 0  0  0  0  0  0  0  0.498     4
45     45 0 0 0 0.208 0.086  0.031 0.002 0.004 0.000 0  0  0  0  0  0  0  0.330    10
46     46 0 0 0 0.059 0.169  0.067 0.004 0.007 0.000 0  0  0  0  0  0  0  0.306    22
47     47 0 0 0 0.010 0.314  0.136 0.008 0.012 0.000 0  0  0  0  0  0  0  0.480    41
48     48 0 0 0 0.001 0.552  0.263 0.017 0.019 0.000 0  0  0  0  0  0  0  0.852    49
49     49 0 0 0 0.000 0.914  0.488 0.033 0.029 0.001 0  0  0  0  0  0  0  1.465    55
50     50 0 0 0 0.000 1.430  0.861 0.063 0.044 0.001 0  0  0  0  0  0  0  2.400    80
51     51 0 0 0 0.000 2.111  1.451 0.116 0.066 0.003 0  0  0  0  0  0  0  3.747   105
52     52 0 0 0 0.000 2.942  2.329 0.205 0.096 0.005 0  0  0  0  0  0  0  5.577    96
53     53 0 0 0 0.000 3.870  3.565 0.346 0.137 0.008 0  0  0  0  0  0  0  7.926   120
54     54 0 0 0 0.000 4.805  5.203 0.561 0.191 0.013 0  0  0  0  0  0  0 10.774   118
55     55 0 0 0 0.000 5.632  7.241 0.873 0.260 0.021 0  0  0  0  0  0  0 14.027   153
56     56 0 0 0 0.000 6.230  9.607 1.302 0.347 0.032 0  0  0  0  0  0  0 17.519   137
57     57 0 0 0 0.000 6.506 12.154 1.864 0.451 0.047 0  0  0  0  0  0  0 21.022   191
58     58 0 0 0 0.000 6.413 14.661 2.559 0.573 0.067 0  0  0  0  0  0  0 24.273   182
59     59 0 0 0 0.000 5.966 16.862 3.372 0.713 0.090 0  0  0  0  0  0  0 27.002   176
60     60 0 0 0 0.000 5.240 18.490 4.262 0.866 0.117 0  0  0  0  0  0  0 28.975   215
61     61 0 0 0 0.000 4.343 19.333 5.169 1.028 0.145 0  0  0  0  0  0  0 30.018   235
62     62 0 0 0 0.000 3.399 19.273 6.014 1.193 0.174 0  0  0  0  0  0  0 30.053   217
63     63 0 0 0 0.000 2.510 18.319 6.713 1.354 0.200 0  0  0  0  0  0  0 29.096   219
64     64 0 0 0 0.000 1.750 16.603 7.189 1.502 0.221 0  0  0  0  0  0  0 27.264   200
65     65 0 0 0 0.000 1.151 14.346 7.387 1.628 0.235 0  0  0  0  0  0  0 24.747   216
66     66 0 0 0 0.000 0.715 11.820 7.281 1.725 0.239 0  0  0  0  0  0  0 21.781   168
67     67 0 0 0 0.000 0.419  9.285 6.886 1.786 0.235 0  0  0  0  0  0  0 18.612   150
68     68 0 0 0 0.000 0.232  6.955 6.248 1.808 0.221 0  0  0  0  0  0  0 15.464   136
69     69 0 0 0 0.000 0.121  4.967 5.439 1.789 0.200 0  0  0  0  0  0  0 12.516   126
70     70 0 0 0 0.000 0.060  3.382 4.543 1.730 0.174 0  0  0  0  0  0  0  9.888   117
71     71 0 0 0 0.000 0.028  2.196 3.640 1.635 0.145 0  0  0  0  0  0  0  7.644    95
72     72 0 0 0 0.000 0.012  1.359 2.798 1.511 0.117 0  0  0  0  0  0  0  5.797    85
73     73 0 0 0 0.000 0.005  0.802 2.064 1.364 0.090 0  0  0  0  0  0  0  4.325    77
74     74 0 0 0 0.000 0.002  0.451 1.460 1.204 0.067 0  0  0  0  0  0  0  3.185    61
75     75 0 0 0 0.000 0.001  0.242 0.991 1.039 0.047 0  0  0  0  0  0  0  2.321    51
76     76 0 0 0 0.000 0.000  0.124 0.646 0.876 0.032 0  0  0  0  0  0  0  1.679    39
77     77 0 0 0 0.000 0.000  0.060 0.404 0.722 0.021 0  0  0  0  0  0  0  1.208    30
78     78 0 0 0 0.000 0.000  0.028 0.242 0.582 0.013 0  0  0  0  0  0  0  0.866    34
79     79 0 0 0 0.000 0.000  0.012 0.139 0.458 0.008 0  0  0  0  0  0  0  0.618    20
80     80 0 0 0 0.000 0.000  0.005 0.077 0.353 0.005 0  0  0  0  0  0  0  0.440    28
81     81 0 0 0 0.000 0.000  0.002 0.041 0.266 0.003 0  0  0  0  0  0  0  0.311    26
82     82 0 0 0 0.000 0.000  0.001 0.021 0.195 0.001 0  0  0  0  0  0  0  0.218    19
83     83 0 0 0 0.000 0.000  0.000 0.010 0.140 0.001 0  0  0  0  0  0  0  0.151    23
84     84 0 0 0 0.000 0.000  0.000 0.005 0.099 0.000 0  0  0  0  0  0  0  0.104    23
85     85 0 0 0 0.000 0.000  0.000 0.002 0.068 0.000 0  0  0  0  0  0  0  0.070    20
86     86 0 0 0 0.000 0.000  0.000 0.001 0.045 0.000 0  0  0  0  0  0  0  0.046    17
87     87 0 0 0 0.000 0.000  0.000 0.000 0.030 0.000 0  0  0  0  0  0  0  0.030    37
88     88 0 0 0 0.000 0.000  0.000 0.000 0.019 0.000 1  0  0  0  0  0  0  1.019    21
89     89 0 0 0 0.000 0.000  0.000 0.000 0.012 0.000 0  0  0  0  0  0  0  0.012    24
90     90 0 0 0 0.000 0.000  0.000 0.000 0.007 0.000 0  0  0  0  0  0  0  0.007    27
91     91 0 0 0 0.000 0.000  0.000 0.000 0.004 0.000 0  0  1  0  0  0  0  1.004    28
92     92 0 0 0 0.000 0.000  0.000 0.000 0.003 0.000 0  0  0  0  0  0  0  0.003    36
93     93 0 0 0 0.000 0.000  0.000 0.000 0.001 0.000 0  0  0  0  0  0  0  0.001    36
94     94 0 0 0 0.000 0.000  0.000 0.000 0.001 0.000 0  0  0  0  0  0  0  0.001    25
95     95 0 0 0 0.000 0.000  0.000 0.000 0.000 0.000 0  0  0  0  0  0  0  0.000    32
96     96 0 0 0 0.000 0.000  0.000 0.000 0.000 0.000 0  0  0  0  0  0  0  0.000    10
97     97 0 0 0 0.000 0.000  0.000 0.000 0.000 0.000 0  0  0  0  0  0  0  0.000    15
98     98 0 0 0 0.000 0.000  0.000 0.000 0.000 0.000 0  0  0  0  0  0  0  0.000     6
99     99 0 0 0 0.000 0.000  0.000 0.000 0.000 0.000 0  0  0  0  0  0  0  0.000     7
100   100 0 0 0 0.000 0.000  0.000 0.000 0.000 0.000 0  0  0  0  0  0  0  0.000     7
101   101 0 0 0 0.000 0.000  0.000 0.000 0.000 0.000 0  0  0  0  0  0  0  0.000     2
102   102 0 0 0 0.000 0.000  0.000 0.000 0.000 0.000 0  0  0  0  0  0  0  0.000     2
103   103 0 0 0 0.000 0.000  0.000 0.000 0.000 0.000 0  0  0  0  0  0  0  0.000     3
104   104 0 0 0 0.000 0.000  0.000 0.000 0.000 0.000 0  0  0  0  0  0  0  0.000     1
105   105 0 0 0 0.000 0.000  0.000 0.000 0.000 0.000 0  0  0  0  0  0  0  0.000     2
106   106 0 0 0 0.000 0.000  0.000 0.000 0.000 0.000 0  0  0  0  0  0  0  0.000     1
107   107 0 0 0 0.000 0.000  0.000 0.000 0.000 0.000 0  0  0  0  0  0  0  0.000     0
108   108 0 0 0 0.000 0.000  0.000 0.000 0.000 0.000 0  0  0  0  0  0  0  0.000     0
109   109 0 0 0 0.000 0.000  0.000 0.000 0.000 0.000 0  0  0  0  0  0  0  0.000     0
110   110 0 0 0 0.000 0.000  0.000 0.000 0.000 0.000 0  0  0  0  0  0  0  0.000     0
111   111 0 0 0 0.000 0.000  0.000 0.000 0.000 0.000 0  0  0  0  0  0  0  0.000     0
112   112 0 0 0 0.000 0.000  0.000 0.000 0.000 0.000 0  0  0  0  0  0  0  0.000     0
113   113 0 0 0 0.000 0.000  0.000 0.000 0.000 0.000 0  0  0  0  0  0  0  0.000     0
114   114 0 0 0 0.000 0.000  0.000 0.000 0.000 0.000 0  0  0  0  0  0  0  0.000     0
115   115 0 0 0 0.000 0.000  0.000 0.000 0.000 0.000 0  0  0  0  0  0  0  0.000     0
116   116 0 0 0 0.000 0.000  0.000 0.000 0.000 0.000 0  0  0  0  0  0  0  0.000     1
117   117 0 0 0 0.000 0.000  0.000 0.000 0.000 0.000 0  0  0  0  0  0  0  0.000     0
118   118 0 0 0 0.000 0.000  0.000 0.000 0.000 0.000 0  0  0  0  0  0  0  0.000     0
119   119 0 0 0 0.000 0.000  0.000 0.000 0.000 0.000 0  0  0  0  0  0  0  0.000     0
120   120 0 0 0 0.000 0.000  0.000 0.000 0.000 0.000 0  0  0  0  0  0  0  0.000     0
121   121 0 0 0 0.000 0.000  0.000 0.000 0.000 0.000 0  0  0  0  0  0  0  0.000     0
122   122 0 0 0 0.000 0.000  0.000 0.000 0.000 0.000 0  0  0  0  0  0  0  0.000     0
123   123 0 0 0 0.000 0.000  0.000 0.000 0.000 0.000 0  0  0  0  0  0  0  0.000     0
124   124 0 0 0 0.000 0.000  0.000 0.000 0.000 0.000 0  0  0  0  0  0  0  0.000     0
125   125 0 0 0 0.000 0.000  0.000 0.000 0.000 0.000 0  0  0  0  0  0  0  0.000     0
126   126 0 0 0 0.000 0.000  0.000 0.000 0.000 0.000 0  0  0  0  0  0  0  0.000     0
127   127 0 0 0 0.000 0.000  0.000 0.000 0.000 0.000 0  0  0  0  0  0  0  0.000     0
128   128 0 0 0 0.000 0.000  0.000 0.000 0.000 0.000 0  0  0  0  0  0  0  0.000     0
129   129 0 0 0 0.000 0.000  0.000 0.000 0.000 0.000 0  0  0  0  0  0  0  0.000     0
130   130 0 0 0 0.000 0.000  0.000 0.000 0.000 0.000 0  0  0  0  0  0  0  0.000     0
131   131 0 0 0 0.000 0.000  0.000 0.000 0.000 0.000 0  0  0  0  0  0  0  0.000     0
132   132 0 0 0 0.000 0.000  0.000 0.000 0.000 0.000 0  0  0  0  0  0  0  0.000     0
133   133 0 0 0 0.000 0.000  0.000 0.000 0.000 0.000 0  0  0  0  0  0  0  0.000     0
134   134 0 0 0 0.000 0.000  0.000 0.000 0.000 0.000 0  0  0  0  0  0  0  0.000     0
135   135 0 0 0 0.000 0.000  0.000 0.000 0.000 0.000 0  0  0  0  0  0  0  0.000     0
136   136 0 0 0 0.000 0.000  0.000 0.000 0.000 0.000 0  0  0  0  0  0  0  0.000     0
137   137 0 0 0 0.000 0.000  0.000 0.000 0.000 0.000 0  0  0  0  0  0  0  0.000     0
138   138 0 0 0 0.000 0.000  0.000 0.000 0.000 0.000 0  0  0  0  0  0  0  0.000     0
139   139 0 0 0 0.000 0.000  0.000 0.000 0.000 0.000 0  0  0  0  0  0  0  0.000     0
140   140 0 0 0 0.000 0.000  0.000 0.000 0.000 0.000 0  0  0  0  0  0  0  0.000     0
141   141 0 0 0 0.000 0.000  0.000 0.000 0.000 0.000 0  0  0  0  0  0  0  0.000     0
142   142 0 0 0 0.000 0.000  0.000 0.000 0.000 0.000 0  0  0  0  0  0  0  0.000     0
143   143 0 0 0 0.000 0.000  0.000 0.000 0.000 0.000 0  0  0  0  0  0  0  0.000     0
144   144 0 0 0 0.000 0.000  0.000 0.000 0.000 0.000 0  0  0  0  0  0  0  0.000     0
145   145 0 0 0 0.000 0.000  0.000 0.000 0.000 0.000 0  0  0  0  0  0  0  0.000     0
146   146 0 0 0 0.000 0.000  0.000 0.000 0.000 0.000 0  0  0  0  0  0  0  0.000     0
147   147 0 0 0 0.000 0.000  0.000 0.000 0.000 0.000 0  0  0  0  0  0  0  0.000     0
148   148 0 0 0 0.000 0.000  0.000 0.000 0.000 0.000 0  0  0  0  0  0  0  0.000     0
149   149 0 0 0 0.000 0.000  0.000 0.000 0.000 0.000 0  0  0  0  0  0  0  0.000     0
150   150 0 0 0 0.000 0.000  0.000 0.000 0.000 0.000 0  0  0  0  0  0  0  0.000     0


 .... [TRUNCATED] 
>>>>>>>>>>>>>> 	 ALD-lykil 	 <<<<<<<<<<<<
 .... [TRUNCATED] 
$ALD
              0        1        2        3        4        5        6        7        8        9       10       11       12       13
1         0.000    0.000    0.000    0.000    0.000    0.000    0.000    0.000    0.000    0.000    0.000    0.000    0.000    0.000
2         0.000    0.000    0.000    0.000    0.000    0.000    0.000    0.000    0.000    0.000    0.000    0.000    0.000    0.000
3         0.000    0.000    0.000    0.000    0.000    0.000    0.000    0.000    0.000    0.000    0.000    0.000    0.000    0.000
4         0.000    0.000    0.000    0.000    0.000    0.000    0.000    0.000    0.000    0.000    0.000    0.000    0.000    0.000
5         0.000    0.000    0.000    0.000    0.000    0.000    0.000    0.000    0.000    0.000    0.000    0.000    0.000    0.000
6         0.000    0.000    0.000    0.000    0.000    0.000    0.000    0.000    0.000    0.000    0.000    0.000    0.000    0.000
7         0.000    0.000    0.000    0.000    0.000    0.000    0.000    0.000    0.000    0.000    0.000    0.000    0.000    0.000
8         0.000    0.000    0.000    0.000    0.000    0.000    0.000    0.000    0.000    0.000    0.000    0.000    0.000    0.000
9         0.000    0.000    0.000    0.000    0.000    0.000    0.000    0.000    0.000    0.000    0.000    0.000    0.000    0.000
10        0.000    0.000    0.000    0.000    0.000    0.000    0.000    0.000    0.000    0.000    0.000    0.000    0.000    0.000
11        0.000    0.000    0.000    0.000    0.000    0.000    0.000    0.000    0.000    0.000    0.000    0.000    0.000    0.000
12        0.000    0.000    0.000    0.000    0.000    0.000    0.000    0.000    0.000    0.000    0.000    0.000    0.000    0.000
13        0.000    0.000    0.000    0.000    0.000    0.000    0.000    0.000    0.000    0.000    0.000    0.000    0.000    0.000
14        0.000    0.000    0.000    0.000    0.000    0.000    0.000    0.000    0.000    0.000    0.000    0.000    0.000    0.000
15        0.000    0.000    0.000    0.000    0.000    0.000    0.000    0.000    0.000    0.000    0.000    0.000    0.000    0.000
16        0.000    0.000    0.000    0.000    0.000    0.000    0.000    0.000    0.000    0.000    0.000    0.000    0.000    0.000
17        0.000    0.000    0.000    0.000    0.000    0.000    0.000    0.000    0.000    0.000    0.000    0.000    0.000    0.000
18        0.000    0.000    0.000    0.000    0.000    0.000    0.000    0.000    0.000    0.000    0.000    0.000    0.000    0.000
19        0.000    0.000    0.000    0.000    0.000    0.000    0.000    0.000    0.000    0.000    0.000    0.000    0.000    0.000
20        0.000    0.000    0.000    0.000    0.000    0.000    0.000    0.000    0.000    0.000    0.000    0.000    0.000    0.000
21        0.000    0.000    0.000    0.000    0.000    0.000    0.000    0.000    0.000    0.000    0.000    0.000    0.000    0.000
22        0.000    0.000    0.000    0.000    0.000    0.000    0.000    0.000    0.000    0.000    0.000    0.000    0.000    0.000
23        0.000    0.000    0.000    0.000    0.000    0.000    0.000    0.000    0.000    0.000    0.000    0.000    0.000    0.000
24        0.000    0.000    0.000    0.000    0.000    0.000    0.000    0.000    0.000    0.000    0.000    0.000    0.000    0.000
25        0.000    0.000    0.000    0.000    0.000    0.000    0.000    0.000    0.000    0.000    0.000    0.000    0.000    0.000
26        0.000    0.000    0.000    0.000    0.000    0.000    0.000    0.000    0.000    0.000    0.000    0.000    0.000    0.000
27        0.000    0.000    0.000    0.000    0.000    0.000    0.000    0.000    0.000    0.000    0.000    0.000    0.000    0.000
28        0.000    0.000    0.000    0.000    0.000    0.000    0.000    0.000    0.000    0.000    0.000    0.000    0.000    0.000
29        0.000    0.000    0.000    0.000    0.000    0.000    0.000    0.000    0.000    0.000    0.000    0.000    0.000    0.000
30        0.000    0.000    0.000    0.000    0.000    0.000    0.000    0.000    0.000    0.000    0.000    0.000    0.000    0.000
31        0.000    0.000    0.000    0.000    0.000    0.000    0.000    0.000    0.000    0.000    0.000    0.000    0.000    0.000
32        0.000    0.000    0.000    0.000    0.000    0.000    0.000    0.000    0.000    0.000    0.000    0.000    0.000    0.000
33        0.000    0.000    0.000    0.000    0.000    0.000    0.000    0.000    0.000    0.000    0.000    0.000    0.000    0.000
34        0.000    0.000    0.000    0.000    0.000    0.000    0.000    0.000    0.000    0.000    0.000    0.000    0.000    0.000
35        0.000    0.000    0.000    0.000    0.000    0.000    0.000    0.000    0.000    0.000    0.000    0.000    0.000    0.000
36        0.000    0.000    0.000    0.000    0.000    0.000    0.000    0.000    0.000    0.000    0.000    0.000    0.000    0.000
37        0.000    0.000    0.000    0.000    0.000    0.000    0.000    0.000    0.000    0.000    0.000    0.000    0.000    0.000
38        0.000    0.000    0.000    0.000    0.000    0.000    0.000    0.000    0.000    0.000    0.000    0.000    0.000    0.000
39        0.000    0.000    0.000    0.000    0.000    0.000    0.000    0.000    0.000    0.000    0.000    0.000    0.000    0.000
40        0.000    0.000    0.000    0.000    0.000    0.000    0.000    0.000    0.000    0.000    0.000    0.000    0.000    0.000
41        0.000    0.000    0.000    0.000    0.000    0.000    0.000    0.000    0.000    0.000    0.000    0.000    0.000    0.000
42        0.000    0.000    0.000    2.000    0.000    0.000    0.000    0.000    0.000    0.000    0.000    0.000    0.000    0.000
43        0.000    0.000    0.000    0.000    0.000    0.000    0.000    0.000    0.000    0.000    0.000    0.000    0.000    0.000
44        0.000    0.000    0.000    4.000    0.000    0.000    0.000    0.000    0.000    0.000    0.000    0.000    0.000    0.000
45        0.000    0.000    0.000    0.000    0.000    0.000    0.000    0.000    0.000    0.000    0.000    0.000    0.000    0.000
46        0.000    0.000    0.000    0.000    0.000    0.000    0.000    0.000    0.000    0.000    0.000    0.000    0.000    0.000
47        0.000    0.000    0.000    0.000   41.000    0.000    0.000    0.000    0.000    0.000    0.000    0.000    0.000    0.000
48        0.000    0.000    0.000    0.000   49.000    0.000    0.000    0.000    0.000    0.000    0.000    0.000    0.000    0.000
49        0.000    0.000    0.000    0.000   55.000    0.000    0.000    0.000    0.000    0.000    0.000    0.000    0.000    0.000
50        0.000    0.000    0.000    0.000    0.000   80.000    0.000    0.000    0.000    0.000    0.000    0.000    0.000    0.000
51        0.000    0.000    0.000    0.000   42.000   63.000    0.000    0.000    0.000    0.000    0.000    0.000    0.000    0.000
52        0.000    0.000    0.000    0.000   48.000   48.000    0.000    0.000    0.000    0.000    0.000    0.000    0.000    0.000
53        0.000    0.000    0.000    0.000   40.000   70.000   10.000    0.000    0.000    0.000    0.000    0.000    0.000    0.000
54        0.000    0.000    0.000    0.000   62.933   55.067    0.000    0.000    0.000    0.000    0.000    0.000    0.000    0.000
55        0.000    0.000    0.000    0.000   45.900   91.800    0.000   15.300    0.000    0.000    0.000    0.000    0.000    0.000
56        0.000    0.000    0.000    0.000   42.154   63.231   31.615    0.000    0.000    0.000    0.000    0.000    0.000    0.000
57        0.000    0.000    0.000    0.000   79.583   87.542   15.917    7.958    0.000    0.000    0.000    0.000    0.000    0.000
58        0.000    0.000    0.000    0.000   58.240   94.640   21.840    7.280    0.000    0.000    0.000    0.000    0.000    0.000
59        0.000    0.000    0.000    0.000   32.000  104.000   32.000    8.000    0.000    0.000    0.000    0.000    0.000    0.000
60        0.000    0.000    0.000    0.000   55.286  135.143   18.429    6.143    0.000    0.000    0.000    0.000    0.000    0.000
61        0.000    0.000    0.000    0.000   23.500  164.500   31.333    7.833    7.833    0.000    0.000    0.000    0.000    0.000
62        0.000    0.000    0.000    0.000    9.042  162.750   45.208    0.000    0.000    0.000    0.000    0.000    0.000    0.000
63        0.000    0.000    0.000    0.000   14.600  116.800   65.700   21.900    0.000    0.000    0.000    0.000    0.000    0.000
64        0.000    0.000    0.000    0.000    7.407  155.556   37.037    0.000    0.000    0.000    0.000    0.000    0.000    0.000
65        0.000    0.000    0.000    0.000    8.308  124.615   58.154   24.923    0.000    0.000    0.000    0.000    0.000    0.000
66        0.000    0.000    0.000    0.000   15.273   53.455   84.000    7.636    7.636    0.000    0.000    0.000    0.000    0.000
67        0.000    0.000    0.000    0.000    0.000   88.636   61.364    0.000    0.000    0.000    0.000    0.000    0.000    0.000
68        0.000    0.000    0.000    0.000   12.364   74.182   49.455    0.000    0.000    0.000    0.000    0.000    0.000    0.000
69        0.000    0.000    0.000    0.000    0.000   74.118   37.059   14.824    0.000    0.000    0.000    0.000    0.000    0.000
70        0.000    0.000    0.000    0.000    0.000   33.429   50.143   33.429    0.000    0.000    0.000    0.000    0.000    0.000
71        0.000    0.000    0.000    0.000    0.000   31.667   15.833   31.667   15.833    0.000    0.000    0.000    0.000    0.000
72        0.000    0.000    0.000    0.000    0.000    0.000   48.571   36.429    0.000    0.000    0.000    0.000    0.000    0.000
73        0.000    0.000    0.000    0.000    0.000   19.250   38.500   19.250    0.000    0.000    0.000    0.000    0.000    0.000
74        0.000    0.000    0.000    0.000    0.000    0.000   34.857   26.143    0.000    0.000    0.000    0.000    0.000    0.000
75        0.000    0.000    0.000    0.000    0.000    0.000   25.500   25.500    0.000    0.000    0.000    0.000    0.000    0.000
76        0.000    0.000    0.000    0.000    0.000    0.000   39.000    0.000    0.000    0.000    0.000    0.000    0.000    0.000
77        0.000    0.000    0.000    0.000    0.000    0.000    0.000   30.000    0.000    0.000    0.000    0.000    0.000    0.000
78        0.000    0.000    0.000    0.000    0.000    0.000    0.000    0.000    0.000    0.000    0.000    0.000    0.000    0.000
79        0.000    0.000    0.000    0.000    0.000    0.000    0.000   20.000    0.000    0.000    0.000    0.000    0.000    0.000
80        0.000    0.000    0.000    0.000    0.000    0.000    0.000    0.000    0.000    0.000    0.000    0.000    0.000    0.000
81        0.000    0.000    0.000    0.000    0.000    0.000    0.000    0.000    0.000    0.000    0.000    0.000    0.000    0.000
82        0.000    0.000    0.000    0.000    0.000    0.000    0.000    0.000    0.000    0.000    0.000    0.000    0.000    0.000
83        0.000    0.000    0.000    0.000    0.000    0.000    0.000    0.000    0.000    0.000    0.000    0.000    0.000    0.000
84        0.000    0.000    0.000    0.000    0.000    0.000    0.000    0.000    0.000    0.000    0.000    0.000    0.000    0.000
85        0.000    0.000    0.000    0.000    0.000    0.000    0.000    0.000    0.000    0.000    0.000    0.000    0.000    0.000
86        0.000    0.000    0.000    0.000    0.000    0.000    0.000    0.000    0.000    0.000    0.000    0.000    0.000    0.000
87        0.000    0.000    0.000    0.000    0.000    0.000    0.000    0.000    0.000    0.000    0.000    0.000    0.000    0.000
88        0.000    0.000    0.000    0.000    0.000    0.000    0.000    0.000    0.000   21.000    0.000    0.000    0.000    0.000
89        0.000    0.000    0.000    0.000    0.000    0.000    0.000    0.000    0.000    0.000    0.000    0.000    0.000    0.000
90        0.000    0.000    0.000    0.000    0.000    0.000    0.000    0.000    0.000    0.000    0.000    0.000    0.000    0.000
91        0.000    0.000    0.000    0.000    0.000    0.000    0.000    0.000    0.000    0.000    0.000   28.000    0.000    0.000
92        0.000    0.000    0.000    0.000    0.000    0.000    0.000    0.000    0.000    0.000    0.000    0.000    0.000    0.000
93        0.000    0.000    0.000    0.000    0.000    0.000    0.000    0.000    0.000    0.000    0.000    0.000    0.000    0.000
94        0.000    0.000    0.000    0.000    0.000    0.000    0.000    0.000    0.000    0.000    0.000    0.000    0.000    0.000
95        0.000    0.000    0.000    0.000    0.000    0.000    0.000    0.000    0.000    0.000    0.000    0.000    0.000    0.000
96        0.000    0.000    0.000    0.000    0.000    0.000    0.000    0.000    0.000    0.000    0.000    0.000    0.000    0.000
97        0.000    0.000    0.000    0.000    0.000    0.000    0.000    0.000    0.000    0.000    0.000    0.000    0.000    0.000
98        0.000    0.000    0.000    0.000    0.000    0.000    0.000    0.000    0.000    0.000    0.000    0.000    0.000    0.000
99        0.000    0.000    0.000    0.000    0.000    0.000    0.000    0.000    0.000    0.000    0.000    0.000    0.000    0.000
100       0.000    0.000    0.000    0.000    0.000    0.000    0.000    0.000    0.000    0.000    0.000    0.000    0.000    0.000
101       0.000    0.000    0.000    0.000    0.000    0.000    0.000    0.000    0.000    0.000    0.000    0.000    0.000    0.000
102       0.000    0.000    0.000    0.000    0.000    0.000    0.000    0.000    0.000    0.000    0.000    0.000    0.000    0.000
103       0.000    0.000    0.000    0.000    0.000    0.000    0.000    0.000    0.000    0.000    0.000    0.000    0.000    0.000
104       0.000    0.000    0.000    0.000    0.000    0.000    0.000    0.000    0.000    0.000    0.000    0.000    0.000    0.000
105       0.000    0.000    0.000    0.000    0.000    0.000    0.000    0.000    0.000    0.000    0.000    0.000    0.000    0.000
106       0.000    0.000    0.000    0.000    0.000    0.000    0.000    0.000    0.000    0.000    0.000    0.000    0.000    0.000
107       0.000    0.000    0.000    0.000    0.000    0.000    0.000    0.000    0.000    0.000    0.000    0.000    0.000    0.000
108       0.000    0.000    0.000    0.000    0.000    0.000    0.000    0.000    0.000    0.000    0.000    0.000    0.000    0.000
109       0.000    0.000    0.000    0.000    0.000    0.000    0.000    0.000    0.000    0.000    0.000    0.000    0.000    0.000
110       0.000    0.000    0.000    0.000    0.000    0.000    0.000    0.000    0.000    0.000    0.000    0.000    0.000    0.000
111       0.000    0.000    0.000    0.000    0.000    0.000    0.000    0.000    0.000    0.000    0.000    0.000    0.000    0.000
112       0.000    0.000    0.000    0.000    0.000    0.000    0.000    0.000    0.000    0.000    0.000    0.000    0.000    0.000
113       0.000    0.000    0.000    0.000    0.000    0.000    0.000    0.000    0.000    0.000    0.000    0.000    0.000    0.000
114       0.000    0.000    0.000    0.000    0.000    0.000    0.000    0.000    0.000    0.000    0.000    0.000    0.000    0.000
115       0.000    0.000    0.000    0.000    0.000    0.000    0.000    0.000    0.000    0.000    0.000    0.000    0.000    0.000
116       0.000    0.000    0.000    0.000    0.000    0.000    0.000    0.000    0.000    0.000    0.000    0.000    0.000    0.000
117       0.000    0.000    0.000    0.000    0.000    0.000    0.000    0.000    0.000    0.000    0.000    0.000    0.000    0.000
118       0.000    0.000    0.000    0.000    0.000    0.000    0.000    0.000    0.000    0.000    0.000    0.000    0.000    0.000
119       0.000    0.000    0.000    0.000    0.000    0.000    0.000    0.000    0.000    0.000    0.000    0.000    0.000    0.000
120       0.000    0.000    0.000    0.000    0.000    0.000    0.000    0.000    0.000    0.000    0.000    0.000    0.000    0.000
121       0.000    0.000    0.000    0.000    0.000    0.000    0.000    0.000    0.000    0.000    0.000    0.000    0.000    0.000
122       0.000    0.000    0.000    0.000    0.000    0.000    0.000    0.000    0.000    0.000    0.000    0.000    0.000    0.000
123       0.000    0.000    0.000    0.000    0.000    0.000    0.000    0.000    0.000    0.000    0.000    0.000    0.000    0.000
124       0.000    0.000    0.000    0.000    0.000    0.000    0.000    0.000    0.000    0.000    0.000    0.000    0.000    0.000
125       0.000    0.000    0.000    0.000    0.000    0.000    0.000    0.000    0.000    0.000    0.000    0.000    0.000    0.000
126       0.000    0.000    0.000    0.000    0.000    0.000    0.000    0.000    0.000    0.000    0.000    0.000    0.000    0.000
127       0.000    0.000    0.000    0.000    0.000    0.000    0.000    0.000    0.000    0.000    0.000    0.000    0.000    0.000
128       0.000    0.000    0.000    0.000    0.000    0.000    0.000    0.000    0.000    0.000    0.000    0.000    0.000    0.000
129       0.000    0.000    0.000    0.000    0.000    0.000    0.000    0.000    0.000    0.000    0.000    0.000    0.000    0.000
130       0.000    0.000    0.000    0.000    0.000    0.000    0.000    0.000    0.000    0.000    0.000    0.000    0.000    0.000
131       0.000    0.000    0.000    0.000    0.000    0.000    0.000    0.000    0.000    0.000    0.000    0.000    0.000    0.000
132       0.000    0.000    0.000    0.000    0.000    0.000    0.000    0.000    0.000    0.000    0.000    0.000    0.000    0.000
133       0.000    0.000    0.000    0.000    0.000    0.000    0.000    0.000    0.000    0.000    0.000    0.000    0.000    0.000
134       0.000    0.000    0.000    0.000    0.000    0.000    0.000    0.000    0.000    0.000    0.000    0.000    0.000    0.000
135       0.000    0.000    0.000    0.000    0.000    0.000    0.000    0.000    0.000    0.000    0.000    0.000    0.000    0.000
136       0.000    0.000    0.000    0.000    0.000    0.000    0.000    0.000    0.000    0.000    0.000    0.000    0.000    0.000
137       0.000    0.000    0.000    0.000    0.000    0.000    0.000    0.000    0.000    0.000    0.000    0.000    0.000    0.000
138       0.000    0.000    0.000    0.000    0.000    0.000    0.000    0.000    0.000    0.000    0.000    0.000    0.000    0.000
139       0.000    0.000    0.000    0.000    0.000    0.000    0.000    0.000    0.000    0.000    0.000    0.000    0.000    0.000
140       0.000    0.000    0.000    0.000    0.000    0.000    0.000    0.000    0.000    0.000    0.000    0.000    0.000    0.000
141       0.000    0.000    0.000    0.000    0.000    0.000    0.000    0.000    0.000    0.000    0.000    0.000    0.000    0.000
142       0.000    0.000    0.000    0.000    0.000    0.000    0.000    0.000    0.000    0.000    0.000    0.000    0.000    0.000
143       0.000    0.000    0.000    0.000    0.000    0.000    0.000    0.000    0.000    0.000    0.000    0.000    0.000    0.000
144       0.000    0.000    0.000    0.000    0.000    0.000    0.000    0.000    0.000    0.000    0.000    0.000    0.000    0.000
145       0.000    0.000    0.000    0.000    0.000    0.000    0.000    0.000    0.000    0.000    0.000    0.000    0.000    0.000
146       0.000    0.000    0.000    0.000    0.000    0.000    0.000    0.000    0.000    0.000    0.000    0.000    0.000    0.000
147       0.000    0.000    0.000    0.000    0.000    0.000    0.000    0.000    0.000    0.000    0.000    0.000    0.000    0.000
148       0.000    0.000    0.000    0.000    0.000    0.000    0.000    0.000    0.000    0.000    0.000    0.000    0.000    0.000
149       0.000    0.000    0.000    0.000    0.000    0.000    0.000    0.000    0.000    0.000    0.000    0.000    0.000    0.000
150       0.000    0.000    0.000    0.000    0.000    0.000    0.000    0.000    0.000    0.000    0.000    0.000    0.000    0.000
Sum       0.000    0.000    0.000    6.000  741.589 1991.379  851.515  344.214   31.303   21.000    0.000   28.000    0.000    0.000
mW        0.000    0.000    0.000    0.667    1.401    1.861    2.412    2.788    2.499    5.503    0.000    6.081    0.000    0.000
mL        0.000    0.000    0.000   43.333   55.135   60.683   66.295   69.580   67.379   88.000    0.000   91.000    0.000    0.000
pA        0.000    0.000    0.000    0.001    0.185    0.496    0.212    0.086    0.008    0.005    0.000    0.007    0.000    0.000
tot.mW 2024.247 2024.247 2024.247 2024.247 2024.247 2024.247 2024.247 2024.247 2024.247 2024.247 2024.247 2024.247 2024.247 2024.247
tot.mL   61.992   61.992   61.992   61.992   61.992   61.992   61.992   61.992   61.992   61.992   61.992   61.992   61.992   61.992
             14       15    Matad      Sum
1         0.000    0.000    0.000    0.000
2         0.000    0.000    0.000    0.000
3         0.000    0.000    0.000    0.000
4         0.000    0.000    0.000    0.000
5         0.000    0.000    0.000    0.000
6         0.000    0.000    0.000    0.000
7         0.000    0.000    0.000    0.000
8         0.000    0.000    0.000    0.000
9         0.000    0.000    0.000    0.000
10        0.000    0.000    0.000    0.000
11        0.000    0.000    0.000    0.000
12        0.000    0.000    0.000    0.000
13        0.000    0.000    0.000    0.000
14        0.000    0.000    0.000    0.000
15        0.000    0.000    0.000    0.000
16        0.000    0.000    0.000    0.000
17        0.000    0.000    0.000    0.000
18        0.000    0.000    0.000    0.000
19        0.000    0.000    0.000    0.000
20        0.000    0.000    0.000    0.000
21        0.000    0.000    0.000    0.000
22        0.000    0.000    0.000    0.000
23        0.000    0.000    0.000    0.000
24        0.000    0.000    0.000    0.000
25        0.000    0.000    0.000    0.000
26        0.000    0.000    0.000    0.000
27        0.000    0.000    0.000    0.000
28        0.000    0.000    0.000    0.000
29        0.000    0.000    0.000    0.000
30        0.000    0.000    0.000    0.000
31        0.000    0.000    0.000    0.000
32        0.000    0.000    0.000    0.000
33        0.000    0.000    0.000    0.000
34        0.000    0.000    0.000    0.000
35        0.000    0.000    0.000    0.000
36        0.000    0.000    0.000    0.000
37        0.000    0.000    0.000    0.000
38        0.000    0.000    0.000    0.000
39        0.000    0.000    0.000    0.000
40        0.000    0.000    0.000    0.000
41        0.000    0.000    4.000    0.000
42        0.000    0.000    2.000    2.000
43        0.000    0.000    4.000    0.000
44        0.000    0.000    4.000    4.000
45        0.000    0.000   10.000    0.000
46        0.000    0.000   22.000    0.000
47        0.000    0.000   41.000   41.000
48        0.000    0.000   49.000   49.000
49        0.000    0.000   55.000   55.000
50        0.000    0.000   80.000   80.000
51        0.000    0.000  105.000  105.000
52        0.000    0.000   96.000   96.000
53        0.000    0.000  120.000  120.000
54        0.000    0.000  118.000  118.000
55        0.000    0.000  153.000  153.000
56        0.000    0.000  137.000  137.000
57        0.000    0.000  191.000  191.000
58        0.000    0.000  182.000  182.000
59        0.000    0.000  176.000  176.000
60        0.000    0.000  215.000  215.000
61        0.000    0.000  235.000  235.000
62        0.000    0.000  217.000  217.000
63        0.000    0.000  219.000  219.000
64        0.000    0.000  200.000  200.000
65        0.000    0.000  216.000  216.000
66        0.000    0.000  168.000  168.000
67        0.000    0.000  150.000  150.000
68        0.000    0.000  136.000  136.000
69        0.000    0.000  126.000  126.000
70        0.000    0.000  117.000  117.000
71        0.000    0.000   95.000   95.000
72        0.000    0.000   85.000   85.000
73        0.000    0.000   77.000   77.000
74        0.000    0.000   61.000   61.000
75        0.000    0.000   51.000   51.000
76        0.000    0.000   39.000   39.000
77        0.000    0.000   30.000   30.000
78        0.000    0.000   34.000    0.000
79        0.000    0.000   20.000   20.000
80        0.000    0.000   28.000    0.000
81        0.000    0.000   26.000    0.000
82        0.000    0.000   19.000    0.000
83        0.000    0.000   23.000    0.000
84        0.000    0.000   23.000    0.000
85        0.000    0.000   20.000    0.000
86        0.000    0.000   17.000    0.000
87        0.000    0.000   37.000    0.000
88        0.000    0.000   21.000   21.000
89        0.000    0.000   24.000    0.000
90        0.000    0.000   27.000    0.000
91        0.000    0.000   28.000   28.000
92        0.000    0.000   36.000    0.000
93        0.000    0.000   36.000    0.000
94        0.000    0.000   25.000    0.000
95        0.000    0.000   32.000    0.000
96        0.000    0.000   10.000    0.000
97        0.000    0.000   15.000    0.000
98        0.000    0.000    6.000    0.000
99        0.000    0.000    7.000    0.000
100       0.000    0.000    7.000    0.000
101       0.000    0.000    2.000    0.000
102       0.000    0.000    2.000    0.000
103       0.000    0.000    3.000    0.000
104       0.000    0.000    1.000    0.000
105       0.000    0.000    2.000    0.000
106       0.000    0.000    1.000    0.000
107       0.000    0.000    0.000    0.000
108       0.000    0.000    0.000    0.000
109       0.000    0.000    0.000    0.000
110       0.000    0.000    0.000    0.000
111       0.000    0.000    0.000    0.000
112       0.000    0.000    0.000    0.000
113       0.000    0.000    0.000    0.000
114       0.000    0.000    0.000    0.000
115       0.000    0.000    0.000    0.000
116       0.000    0.000    1.000    0.000
117       0.000    0.000    0.000    0.000
118       0.000    0.000    0.000    0.000
119       0.000    0.000    0.000    0.000
120       0.000    0.000    0.000    0.000
121       0.000    0.000    0.000    0.000
122       0.000    0.000    0.000    0.000
123       0.000    0.000    0.000    0.000
124       0.000    0.000    0.000    0.000
125       0.000    0.000    0.000    0.000
126       0.000    0.000    0.000    0.000
127       0.000    0.000    0.000    0.000
128       0.000    0.000    0.000    0.000
129       0.000    0.000    0.000    0.000
130       0.000    0.000    0.000    0.000
131       0.000    0.000    0.000    0.000
132       0.000    0.000    0.000    0.000
133       0.000    0.000    0.000    0.000
134       0.000    0.000    0.000    0.000
135       0.000    0.000    0.000    0.000
136       0.000    0.000    0.000    0.000
137       0.000    0.000    0.000    0.000
138       0.000    0.000    0.000    0.000
139       0.000    0.000    0.000    0.000
140       0.000    0.000    0.000    0.000
141       0.000    0.000    0.000    0.000
142       0.000    0.000    0.000    0.000
143       0.000    0.000    0.000    0.000
144       0.000    0.000    0.000    0.000
145       0.000    0.000    0.000    0.000
146       0.000    0.000    0.000    0.000
147       0.000    0.000    0.000    0.000
148       0.000    0.000    0.000    0.000
149       0.000    0.000    0.000    0.000
150       0.000    0.000    0.000    0.000
Sum       0.000    0.000 4519.000 4015.000
mW        0.000    0.000    0.000    0.000
mL        0.000    0.000    0.000    0.000
pA        0.000    0.000    0.000    0.000
tot.mW 2024.247 2024.247 2024.247 2024.247
tot.mL   61.992   61.992   61.992   61.992

$ALD.j
              0        1        2        3        4        5        6        7        8        9       10       11       12       13
1         0.000    0.000    0.000    0.000    0.000    0.000    0.000    0.000    0.000    0.000    0.000    0.000    0.000    0.000
2         0.000    0.000    0.000    0.000    0.000    0.000    0.000    0.000    0.000    0.000    0.000    0.000    0.000    0.000
3         0.000    0.000    0.000    0.000    0.000    0.000    0.000    0.000    0.000    0.000    0.000    0.000    0.000    0.000
4         0.000    0.000    0.000    0.000    0.000    0.000    0.000    0.000    0.000    0.000    0.000    0.000    0.000    0.000
5         0.000    0.000    0.000    0.000    0.000    0.000    0.000    0.000    0.000    0.000    0.000    0.000    0.000    0.000
6         0.000    0.000    0.000    0.000    0.000    0.000    0.000    0.000    0.000    0.000    0.000    0.000    0.000    0.000
7         0.000    0.000    0.000    0.000    0.000    0.000    0.000    0.000    0.000    0.000    0.000    0.000    0.000    0.000
8         0.000    0.000    0.000    0.000    0.000    0.000    0.000    0.000    0.000    0.000    0.000    0.000    0.000    0.000
9         0.000    0.000    0.000    0.000    0.000    0.000    0.000    0.000    0.000    0.000    0.000    0.000    0.000    0.000
10        0.000    0.000    0.000    0.000    0.000    0.000    0.000    0.000    0.000    0.000    0.000    0.000    0.000    0.000
11        0.000    0.000    0.000    0.000    0.000    0.000    0.000    0.000    0.000    0.000    0.000    0.000    0.000    0.000
12        0.000    0.000    0.000    0.000    0.000    0.000    0.000    0.000    0.000    0.000    0.000    0.000    0.000    0.000
13        0.000    0.000    0.000    0.000    0.000    0.000    0.000    0.000    0.000    0.000    0.000    0.000    0.000    0.000
14        0.000    0.000    0.000    0.000    0.000    0.000    0.000    0.000    0.000    0.000    0.000    0.000    0.000    0.000
15        0.000    0.000    0.000    0.000    0.000    0.000    0.000    0.000    0.000    0.000    0.000    0.000    0.000    0.000
16        0.000    0.000    0.000    0.000    0.000    0.000    0.000    0.000    0.000    0.000    0.000    0.000    0.000    0.000
17        0.000    0.000    0.000    0.000    0.000    0.000    0.000    0.000    0.000    0.000    0.000    0.000    0.000    0.000
18        0.000    0.000    0.000    0.000    0.000    0.000    0.000    0.000    0.000    0.000    0.000    0.000    0.000    0.000
19        0.000    0.000    0.000    0.000    0.000    0.000    0.000    0.000    0.000    0.000    0.000    0.000    0.000    0.000
20        0.000    0.000    0.000    0.000    0.000    0.000    0.000    0.000    0.000    0.000    0.000    0.000    0.000    0.000
21        0.000    0.000    0.000    0.000    0.000    0.000    0.000    0.000    0.000    0.000    0.000    0.000    0.000    0.000
22        0.000    0.000    0.000    0.000    0.000    0.000    0.000    0.000    0.000    0.000    0.000    0.000    0.000    0.000
23        0.000    0.000    0.000    0.000    0.000    0.000    0.000    0.000    0.000    0.000    0.000    0.000    0.000    0.000
24        0.000    0.000    0.000    0.000    0.000    0.000    0.000    0.000    0.000    0.000    0.000    0.000    0.000    0.000
25        0.000    0.000    0.000    0.000    0.000    0.000    0.000    0.000    0.000    0.000    0.000    0.000    0.000    0.000
26        0.000    0.000    0.000    0.000    0.000    0.000    0.000    0.000    0.000    0.000    0.000    0.000    0.000    0.000
27        0.000    0.000    0.000    0.000    0.000    0.000    0.000    0.000    0.000    0.000    0.000    0.000    0.000    0.000
28        0.000    0.000    0.000    0.000    0.000    0.000    0.000    0.000    0.000    0.000    0.000    0.000    0.000    0.000
29        0.000    0.000    0.000    0.000    0.000    0.000    0.000    0.000    0.000    0.000    0.000    0.000    0.000    0.000
30        0.000    0.000    0.000    0.000    0.000    0.000    0.000    0.000    0.000    0.000    0.000    0.000    0.000    0.000
31        0.000    0.000    0.000    0.000    0.000    0.000    0.000    0.000    0.000    0.000    0.000    0.000    0.000    0.000
32        0.000    0.000    0.000    0.000    0.000    0.000    0.000    0.000    0.000    0.000    0.000    0.000    0.000    0.000
33        0.000    0.000    0.000    0.000    0.000    0.000    0.000    0.000    0.000    0.000    0.000    0.000    0.000    0.000
34        0.000    0.000    0.000    0.000    0.000    0.000    0.000    0.000    0.000    0.000    0.000    0.000    0.000    0.000
35        0.000    0.000    0.000    0.000    0.000    0.000    0.000    0.000    0.000    0.000    0.000    0.000    0.000    0.000
36        0.000    0.000    0.000    0.000    0.000    0.000    0.000    0.000    0.000    0.000    0.000    0.000    0.000    0.000
37        0.000    0.000    0.000    0.000    0.000    0.000    0.000    0.000    0.000    0.000    0.000    0.000    0.000    0.000
38        0.000    0.000    0.000    0.000    0.000    0.000    0.000    0.000    0.000    0.000    0.000    0.000    0.000    0.000
39        0.000    0.000    0.000    0.000    0.000    0.000    0.000    0.000    0.000    0.000    0.000    0.000    0.000    0.000
40        0.000    0.000    0.000    0.000    0.000    0.000    0.000    0.000    0.000    0.000    0.000    0.000    0.000    0.000
41        0.000    0.000    0.000    3.913    0.060    0.017    0.001    0.008    0.000    0.000    0.000    0.000    0.000    0.000
42        0.000    0.000    0.000    1.950    0.035    0.011    0.000    0.004    0.000    0.000    0.000    0.000    0.000    0.000
43        0.000    0.000    0.000    3.823    0.126    0.040    0.002    0.010    0.000    0.000    0.000    0.000    0.000    0.000
44        0.000    0.000    0.000    3.532    0.330    0.112    0.006    0.020    0.000    0.000    0.000    0.000    0.000    0.000
45        0.000    0.000    0.000    6.283    2.595    0.943    0.050    0.129    0.001    0.000    0.000    0.000    0.000    0.000
46        0.000    0.000    0.000    4.278   12.153    4.787    0.266    0.511    0.006    0.000    0.000    0.000    0.000    0.000
47        0.000    0.000    0.000    0.883   26.844   11.582    0.683    0.993    0.015    0.000    0.000    0.000    0.000    0.000
48        0.000    0.000    0.000    0.063   31.738   15.153    0.957    1.068    0.021    0.000    0.000    0.000    0.000    0.000
49        0.000    0.000    0.000    0.003   34.321   18.315    1.245    1.088    0.028    0.000    0.000    0.000    0.000    0.000
50        0.000    0.000    0.000    0.000   47.652   28.711    2.114    1.475    0.048    0.000    0.000    0.000    0.000    0.000
51        0.000    0.000    0.000    0.000   59.160   40.653    3.262    1.850    0.075    0.000    0.000    0.000    0.000    0.000
52        0.000    0.000    0.000    0.000   50.643   40.090    3.529    1.657    0.082    0.000    0.000    0.000    0.000    0.000
53        0.000    0.000    0.000    0.000   58.587   53.970    5.243    2.077    0.123    0.000    0.000    0.000    0.000    0.000
54        0.000    0.000    0.000    0.000   52.626   56.986    6.147    2.094    0.147    0.000    0.000    0.000    0.000    0.000
55        0.000    0.000    0.000    0.000   61.429   78.979    9.520    2.840    0.232    0.000    0.000    0.000    0.000    0.000
56        0.000    0.000    0.000    0.000   48.722   75.132   10.183    2.710    0.253    0.000    0.000    0.000    0.000    0.000
57        0.000    0.000    0.000    0.000   59.110  110.430   16.934    4.096    0.430    0.000    0.000    0.000    0.000    0.000
58        0.000    0.000    0.000    0.000   48.082  109.929   19.191    4.299    0.499    0.000    0.000    0.000    0.000    0.000
59        0.000    0.000    0.000    0.000   38.888  109.904   21.978    4.645    0.586    0.000    0.000    0.000    0.000    0.000
60        0.000    0.000    0.000    0.000   38.879  137.204   31.627    6.424    0.865    0.000    0.000    0.000    0.000    0.000
61        0.000    0.000    0.000    0.000   34.002  151.348   40.465    8.049    1.137    0.000    0.000    0.000    0.000    0.000
62        0.000    0.000    0.000    0.000   24.539  139.164   43.424    8.618    1.255    0.000    0.000    0.000    0.000    0.000
63        0.000    0.000    0.000    0.000   18.892  137.885   50.527   10.192    1.505    0.000    0.000    0.000    0.000    0.000
64        0.000    0.000    0.000    0.000   12.836  121.790   52.737   11.015    1.621    0.000    0.000    0.000    0.000    0.000
65        0.000    0.000    0.000    0.000   10.051  125.221   64.473   14.207    2.048    0.000    0.000    0.000    0.000    0.000
66        0.000    0.000    0.000    0.000    5.517   91.171   56.164   13.302    1.846    0.000    0.000    0.000    0.000    0.000
67        0.000    0.000    0.000    0.000    3.380   74.835   55.500   14.394    1.891    0.000    0.000    0.000    0.000    0.000
68        0.000    0.000    0.000    0.000    2.041   61.165   54.952   15.899    1.943    0.000    0.000    0.000    0.000    0.000
69        0.000    0.000    0.000    0.000    1.220   50.001   54.759   18.007    2.013    0.000    0.000    0.000    0.000    0.000
70        0.000    0.000    0.000    0.000    0.707   40.016   53.752   20.468    2.057    0.000    0.000    0.000    0.000    0.000
71        0.000    0.000    0.000    0.000    0.346   27.288   45.240   20.322    1.804    0.000    0.000    0.000    0.000    0.000
72        0.000    0.000    0.000    0.000    0.179   19.929   41.031   22.152    1.708    0.000    0.000    0.000    0.000    0.000
73        0.000    0.000    0.000    0.000    0.090   14.281   36.741   24.289    1.599    0.000    0.000    0.000    0.000    0.000
74        0.000    0.000    0.000    0.000    0.038    8.647   27.973   23.068    1.275    0.000    0.000    0.000    0.000    0.000
75        0.000    0.000    0.000    0.000    0.016    5.323   21.786   22.834    1.041    0.000    0.000    0.000    0.000    0.000
76        0.000    0.000    0.000    0.000    0.006    2.879   15.003   20.360    0.753    0.000    0.000    0.000    0.000    0.000
77        0.000    0.000    0.000    0.000    0.002    1.501   10.024   17.944    0.529    0.000    0.000    0.000    0.000    0.000
78        0.000    0.000    0.000    0.000    0.001    1.104    9.503   22.864    0.528    0.000    0.000    0.000    0.000    0.000
79        0.000    0.000    0.000    0.000    0.000    0.403    4.502   14.831    0.264    0.000    0.000    0.000    0.000    0.000
80        0.000    0.000    0.000    0.000    0.000    0.336    4.890   22.472    0.302    0.000    0.000    0.000    0.000    0.000
81        0.000    0.000    0.000    0.000    0.000    0.178    3.399   22.201    0.222    0.000    0.000    0.000    0.000    0.000
82        0.000    0.000    0.000    0.000    0.000    0.071    1.798   17.006    0.125    0.000    0.000    0.000    0.000    0.000
83        0.000    0.000    0.000    0.000    0.000    0.045    1.528   21.314    0.112    0.000    0.000    0.000    0.000    0.000
84        0.000    0.000    0.000    0.000    0.000    0.023    1.043   21.853    0.081    0.000    0.000    0.000    0.000    0.000
85        0.000    0.000    0.000    0.000    0.000    0.010    0.603   19.338    0.050    0.000    0.000    0.000    0.000    0.000
86        0.000    0.000    0.000    0.000    0.000    0.004    0.332   16.634    0.029    0.000    0.000    0.000    0.000    0.000
87        0.000    0.000    0.000    0.000    0.000    0.004    0.459   36.494    0.043    0.000    0.000    0.000    0.000    0.000
88        0.000    0.000    0.000    0.000    0.000    0.000    0.003    0.394    0.000   20.602    0.000    0.000    0.000    0.000
89        0.000    0.000    0.000    0.000    0.000    0.001    0.112   23.875    0.012    0.000    0.000    0.000    0.000    0.000
90        0.000    0.000    0.000    0.000    0.000    0.000    0.075   26.916    0.009    0.000    0.000    0.000    0.000    0.000
91        0.000    0.000    0.000    0.000    0.000    0.000    0.000    0.123    0.000    0.000    0.000   27.877    0.000    0.000
92        0.000    0.000    0.000    0.000    0.000    0.000    0.034   35.962    0.004    0.000    0.000    0.000    0.000    0.000
93        0.000    0.000    0.000    0.000    0.000    0.000    0.019   35.978    0.003    0.000    0.000    0.000    0.000    0.000
94        0.000    0.000    0.000    0.000    0.000    0.000    0.007   24.992    0.001    0.000    0.000    0.000    0.000    0.000
95        0.000    0.000    0.000    0.000    0.000    0.000    0.005   31.994    0.001    0.000    0.000    0.000    0.000    0.000
96        0.000    0.000    0.000    0.000    0.000    0.000    0.001    9.999    0.000    0.000    0.000    0.000    0.000    0.000
97        0.000    0.000    0.000    0.000    0.000    0.000    0.001   14.999    0.000    0.000    0.000    0.000    0.000    0.000
98        0.000    0.000    0.000    0.000    0.000    0.000    0.000    6.000    0.000    0.000    0.000    0.000    0.000    0.000
99        0.000    0.000    0.000    0.000    0.000    0.000    0.000    7.000    0.000    0.000    0.000    0.000    0.000    0.000
100       0.000    0.000    0.000    0.000    0.000    0.000    0.000    7.000    0.000    0.000    0.000    0.000    0.000    0.000
101       0.000    0.000    0.000    0.000    0.000    0.000    0.000    2.000    0.000    0.000    0.000    0.000    0.000    0.000
102       0.000    0.000    0.000    0.000    0.000    0.000    0.000    2.000    0.000    0.000    0.000    0.000    0.000    0.000
103       0.000    0.000    0.000    0.000    0.000    0.000    0.000    3.000    0.000    0.000    0.000    0.000    0.000    0.000
104       0.000    0.000    0.000    0.000    0.000    0.000    0.000    1.000    0.000    0.000    0.000    0.000    0.000    0.000
105       0.000    0.000    0.000    0.000    0.000    0.000    0.000    2.000    0.000    0.000    0.000    0.000    0.000    0.000
106       0.000    0.000    0.000    0.000    0.000    0.000    0.000    1.000    0.000    0.000    0.000    0.000    0.000    0.000
107       0.000    0.000    0.000    0.000    0.000    0.000    0.000    0.000    0.000    0.000    0.000    0.000    0.000    0.000
108       0.000    0.000    0.000    0.000    0.000    0.000    0.000    0.000    0.000    0.000    0.000    0.000    0.000    0.000
109       0.000    0.000    0.000    0.000    0.000    0.000    0.000    0.000    0.000    0.000    0.000    0.000    0.000    0.000
110       0.000    0.000    0.000    0.000    0.000    0.000    0.000    0.000    0.000    0.000    0.000    0.000    0.000    0.000
111       0.000    0.000    0.000    0.000    0.000    0.000    0.000    0.000    0.000    0.000    0.000    0.000    0.000    0.000
112       0.000    0.000    0.000    0.000    0.000    0.000    0.000    0.000    0.000    0.000    0.000    0.000    0.000    0.000
113       0.000    0.000    0.000    0.000    0.000    0.000    0.000    0.000    0.000    0.000    0.000    0.000    0.000    0.000
114       0.000    0.000    0.000    0.000    0.000    0.000    0.000    0.000    0.000    0.000    0.000    0.000    0.000    0.000
115       0.000    0.000    0.000    0.000    0.000    0.000    0.000    0.000    0.000    0.000    0.000    0.000    0.000    0.000
116       0.000    0.000    0.000    0.000    0.000    0.000    0.000    1.000    0.000    0.000    0.000    0.000    0.000    0.000
117       0.000    0.000    0.000    0.000    0.000    0.000    0.000    0.000    0.000    0.000    0.000    0.000    0.000    0.000
118       0.000    0.000    0.000    0.000    0.000    0.000    0.000    0.000    0.000    0.000    0.000    0.000    0.000    0.000
119       0.000    0.000    0.000    0.000    0.000    0.000    0.000    0.000    0.000    0.000    0.000    0.000    0.000    0.000
120       0.000    0.000    0.000    0.000    0.000    0.000    0.000    0.000    0.000    0.000    0.000    0.000    0.000    0.000
121       0.000    0.000    0.000    0.000    0.000    0.000    0.000    0.000    0.000    0.000    0.000    0.000    0.000    0.000
122       0.000    0.000    0.000    0.000    0.000    0.000    0.000    0.000    0.000    0.000    0.000    0.000    0.000    0.000
123       0.000    0.000    0.000    0.000    0.000    0.000    0.000    0.000    0.000    0.000    0.000    0.000    0.000    0.000
124       0.000    0.000    0.000    0.000    0.000    0.000    0.000    0.000    0.000    0.000    0.000    0.000    0.000    0.000
125       0.000    0.000    0.000    0.000    0.000    0.000    0.000    0.000    0.000    0.000    0.000    0.000    0.000    0.000
126       0.000    0.000    0.000    0.000    0.000    0.000    0.000    0.000    0.000    0.000    0.000    0.000    0.000    0.000
127       0.000    0.000    0.000    0.000    0.000    0.000    0.000    0.000    0.000    0.000    0.000    0.000    0.000    0.000
128       0.000    0.000    0.000    0.000    0.000    0.000    0.000    0.000    0.000    0.000    0.000    0.000    0.000    0.000
129       0.000    0.000    0.000    0.000    0.000    0.000    0.000    0.000    0.000    0.000    0.000    0.000    0.000    0.000
130       0.000    0.000    0.000    0.000    0.000    0.000    0.000    0.000    0.000    0.000    0.000    0.000    0.000    0.000
131       0.000    0.000    0.000    0.000    0.000    0.000    0.000    0.000    0.000    0.000    0.000    0.000    0.000    0.000
132       0.000    0.000    0.000    0.000    0.000    0.000    0.000    0.000    0.000    0.000    0.000    0.000    0.000    0.000
133       0.000    0.000    0.000    0.000    0.000    0.000    0.000    0.000    0.000    0.000    0.000    0.000    0.000    0.000
134       0.000    0.000    0.000    0.000    0.000    0.000    0.000    0.000    0.000    0.000    0.000    0.000    0.000    0.000
135       0.000    0.000    0.000    0.000    0.000    0.000    0.000    0.000    0.000    0.000    0.000    0.000    0.000    0.000
136       0.000    0.000    0.000    0.000    0.000    0.000    0.000    0.000    0.000    0.000    0.000    0.000    0.000    0.000
137       0.000    0.000    0.000    0.000    0.000    0.000    0.000    0.000    0.000    0.000    0.000    0.000    0.000    0.000
138       0.000    0.000    0.000    0.000    0.000    0.000    0.000    0.000    0.000    0.000    0.000    0.000    0.000    0.000
139       0.000    0.000    0.000    0.000    0.000    0.000    0.000    0.000    0.000    0.000    0.000    0.000    0.000    0.000
140       0.000    0.000    0.000    0.000    0.000    0.000    0.000    0.000    0.000    0.000    0.000    0.000    0.000    0.000
141       0.000    0.000    0.000    0.000    0.000    0.000    0.000    0.000    0.000    0.000    0.000    0.000    0.000    0.000
142       0.000    0.000    0.000    0.000    0.000    0.000    0.000    0.000    0.000    0.000    0.000    0.000    0.000    0.000
143       0.000    0.000    0.000    0.000    0.000    0.000    0.000    0.000    0.000    0.000    0.000    0.000    0.000    0.000
144       0.000    0.000    0.000    0.000    0.000    0.000    0.000    0.000    0.000    0.000    0.000    0.000    0.000    0.000
145       0.000    0.000    0.000    0.000    0.000    0.000    0.000    0.000    0.000    0.000    0.000    0.000    0.000    0.000
146       0.000    0.000    0.000    0.000    0.000    0.000    0.000    0.000    0.000    0.000    0.000    0.000    0.000    0.000
147       0.000    0.000    0.000    0.000    0.000    0.000    0.000    0.000    0.000    0.000    0.000    0.000    0.000    0.000
148       0.000    0.000    0.000    0.000    0.000    0.000    0.000    0.000    0.000    0.000    0.000    0.000    0.000    0.000
149       0.000    0.000    0.000    0.000    0.000    0.000    0.000    0.000    0.000    0.000    0.000    0.000    0.000    0.000
150       0.000    0.000    0.000    0.000    0.000    0.000    0.000    0.000    0.000    0.000    0.000    0.000    0.000    0.000
Sum       0.000    0.000    0.000   24.727  785.846 1967.572  885.800  775.353   31.222   20.602    0.000   27.877    0.000    0.000
mW        0.000    0.000    0.000    0.697    1.386    1.882    2.448    4.451    2.600    5.503    0.000    6.081    0.000    0.000
mL        0.000    0.000    0.000   44.000   54.949   60.883   66.516   80.157   68.000   88.000    0.000   91.000    0.000    0.000
pA        0.000    0.000    0.000    0.005    0.174    0.435    0.196    0.172    0.007    0.005    0.000    0.006    0.000    0.000
tot.mW 2388.184 2388.184 2388.184 2388.184 2388.184 2388.184 2388.184 2388.184 2388.184 2388.184 2388.184 2388.184 2388.184 2388.184
tot.mL   64.558   64.558   64.558   64.558   64.558   64.558   64.558   64.558   64.558   64.558   64.558   64.558   64.558   64.558
             14       15    Matad      Sum
1         0.000    0.000    0.000    0.000
2         0.000    0.000    0.000    0.000
3         0.000    0.000    0.000    0.000
4         0.000    0.000    0.000    0.000
5         0.000    0.000    0.000    0.000
6         0.000    0.000    0.000    0.000
7         0.000    0.000    0.000    0.000
8         0.000    0.000    0.000    0.000
9         0.000    0.000    0.000    0.000
10        0.000    0.000    0.000    0.000
11        0.000    0.000    0.000    0.000
12        0.000    0.000    0.000    0.000
13        0.000    0.000    0.000    0.000
14        0.000    0.000    0.000    0.000
15        0.000    0.000    0.000    0.000
16        0.000    0.000    0.000    0.000
17        0.000    0.000    0.000    0.000
18        0.000    0.000    0.000    0.000
19        0.000    0.000    0.000    0.000
20        0.000    0.000    0.000    0.000
21        0.000    0.000    0.000    0.000
22        0.000    0.000    0.000    0.000
23        0.000    0.000    0.000    0.000
24        0.000    0.000    0.000    0.000
25        0.000    0.000    0.000    0.000
26        0.000    0.000    0.000    0.000
27        0.000    0.000    0.000    0.000
28        0.000    0.000    0.000    0.000
29        0.000    0.000    0.000    0.000
30        0.000    0.000    0.000    0.000
31        0.000    0.000    0.000    0.000
32        0.000    0.000    0.000    0.000
33        0.000    0.000    0.000    0.000
34        0.000    0.000    0.000    0.000
35        0.000    0.000    0.000    0.000
36        0.000    0.000    0.000    0.000
37        0.000    0.000    0.000    0.000
38        0.000    0.000    0.000    0.000
39        0.000    0.000    0.000    0.000
40        0.000    0.000    0.000    0.000
41        0.000    0.000    4.000    4.000
42        0.000    0.000    2.000    2.000
43        0.000    0.000    4.000    4.000
44        0.000    0.000    4.000    4.000
45        0.000    0.000   10.000   10.000
46        0.000    0.000   22.000   22.000
47        0.000    0.000   41.000   41.000
48        0.000    0.000   49.000   49.000
49        0.000    0.000   55.000   55.000
50        0.000    0.000   80.000   80.000
51        0.000    0.000  105.000  105.000
52        0.000    0.000   96.000   96.000
53        0.000    0.000  120.000  120.000
54        0.000    0.000  118.000  118.000
55        0.000    0.000  153.000  153.000
56        0.000    0.000  137.000  137.000
57        0.000    0.000  191.000  191.000
58        0.000    0.000  182.000  182.000
59        0.000    0.000  176.000  176.000
60        0.000    0.000  215.000  215.000
61        0.000    0.000  235.000  235.000
62        0.000    0.000  217.000  217.000
63        0.000    0.000  219.000  219.000
64        0.000    0.000  200.000  200.000
65        0.000    0.000  216.000  216.000
66        0.000    0.000  168.000  168.000
67        0.000    0.000  150.000  150.000
68        0.000    0.000  136.000  136.000
69        0.000    0.000  126.000  126.000
70        0.000    0.000  117.000  117.000
71        0.000    0.000   95.000   95.000
72        0.000    0.000   85.000   85.000
73        0.000    0.000   77.000   77.000
74        0.000    0.000   61.000   61.000
75        0.000    0.000   51.000   51.000
76        0.000    0.000   39.000   39.000
77        0.000    0.000   30.000   30.000
78        0.000    0.000   34.000   34.000
79        0.000    0.000   20.000   20.000
80        0.000    0.000   28.000   28.000
81        0.000    0.000   26.000   26.000
82        0.000    0.000   19.000   19.000
83        0.000    0.000   23.000   23.000
84        0.000    0.000   23.000   23.000
85        0.000    0.000   20.000   20.000
86        0.000    0.000   17.000   17.000
87        0.000    0.000   37.000   37.000
88        0.000    0.000   21.000   21.000
89        0.000    0.000   24.000   24.000
90        0.000    0.000   27.000   27.000
91        0.000    0.000   28.000   28.000
92        0.000    0.000   36.000   36.000
93        0.000    0.000   36.000   36.000
94        0.000    0.000   25.000   25.000
95        0.000    0.000   32.000   32.000
96        0.000    0.000   10.000   10.000
97        0.000    0.000   15.000   15.000
98        0.000    0.000    6.000    6.000
99        0.000    0.000    7.000    7.000
100       0.000    0.000    7.000    7.000
101       0.000    0.000    2.000    2.000
102       0.000    0.000    2.000    2.000
103       0.000    0.000    3.000    3.000
104       0.000    0.000    1.000    1.000
105       0.000    0.000    2.000    2.000
106       0.000    0.000    1.000    1.000
107       0.000    0.000    0.000    0.000
108       0.000    0.000    0.000    0.000
109       0.000    0.000    0.000    0.000
110       0.000    0.000    0.000    0.000
111       0.000    0.000    0.000    0.000
112       0.000    0.000    0.000    0.000
113       0.000    0.000    0.000    0.000
114       0.000    0.000    0.000    0.000
115       0.000    0.000    0.000    0.000
116       0.000    0.000    1.000    1.000
117       0.000    0.000    0.000    0.000
118       0.000    0.000    0.000    0.000
119       0.000    0.000    0.000    0.000
120       0.000    0.000    0.000    0.000
121       0.000    0.000    0.000    0.000
122       0.000    0.000    0.000    0.000
123       0.000    0.000    0.000    0.000
124       0.000    0.000    0.000    0.000
125       0.000    0.000    0.000    0.000
126       0.000    0.000    0.000    0.000
127       0.000    0.000    0.000    0.000
128       0.000    0.000    0.000    0.000
129       0.000    0.000    0.000    0.000
130       0.000    0.000    0.000    0.000
131       0.000    0.000    0.000    0.000
132       0.000    0.000    0.000    0.000
133       0.000    0.000    0.000    0.000
134       0.000    0.000    0.000    0.000
135       0.000    0.000    0.000    0.000
136       0.000    0.000    0.000    0.000
137       0.000    0.000    0.000    0.000
138       0.000    0.000    0.000    0.000
139       0.000    0.000    0.000    0.000
140       0.000    0.000    0.000    0.000
141       0.000    0.000    0.000    0.000
142       0.000    0.000    0.000    0.000
143       0.000    0.000    0.000    0.000
144       0.000    0.000    0.000    0.000
145       0.000    0.000    0.000    0.000
146       0.000    0.000    0.000    0.000
147       0.000    0.000    0.000    0.000
148       0.000    0.000    0.000    0.000
149       0.000    0.000    0.000    0.000
150       0.000    0.000    0.000    0.000
Sum       0.000    0.000 4519.000 4519.000
mW        0.000    0.000    0.000    0.000
mL        0.000    0.000    0.000    0.000
pA        0.000    0.000    0.000    0.000
tot.mW 2388.184 2388.184 2388.184 2388.184
tot.mL   64.558   64.558   64.558   64.558


 .... [TRUNCATED] 
>>>>>>>>>>>>>>>>>>>>>>>>>>>>>>>>>>>>>>>>>>>>>>>>>>>>>>>>>>>>>> 
 > Dato                :  Mon Dec  1 13:25:00 2014 
 > Slag                :  UP 
 > Ár                  :  2014 
 > Tiŵarskeiŵ          :  JUN-DEC 
 > Skipabólk/-ar       :  19 20 
 > Skipabólk/-ar (lán) :  0 
 > ICES-øki            :  VB1 
 <<<<<<<<<<<<<<<<<<<<<<<<<<<<<<<<<<<<<<<<<<<<<<<<<<<<<<<<<<<<<< 

$URSLITID
   aldur tal_matad tal_fiskad midal_longd midal_vekt roknad_veida
0      0         0          0        0.00      0.000            0
1      1         0          0        0.00      0.000            0
2      2         0          0        0.00      0.000            0
3      3         6          0       43.33      0.667            0
4      4       742          0       55.13      1.401            0
5      5      1991          0       60.68      1.861            0
6      6       852          0       66.30      2.412            0
7      7       344          0       69.58      2.788            0
8      8        31          0       67.38      2.499            0
9      9        21          0       88.00      5.503            0
10    10         0          0        0.00      0.000            0
11    11        28          0       91.00      6.081            0
12    12         0          0        0.00      0.000            0
13    13         0          0        0.00      0.000            0
14    14         0          0        0.00      0.000            0
15    15         0          0        0.00      0.000            0
17   Sum      4015          0       61.99      2.024            0

$URSLITID.j
   aldur tal_matad tal_fiskad midal_longd midal_vekt roknad_veida
0      0         0          0        0.00      0.000            0
1      1         0          0        0.00      0.000            0
2      2         0          0        0.00      0.000            0
3      3        25          0       44.00      0.697            0
4      4       786          0       54.95      1.386            0
5      5      1968          0       60.88      1.882            0
6      6       886          0       66.52      2.448            0
7      7       775          0       80.16      4.451            0
8      8        31          0       68.00      2.600            0
9      9        21          0       88.00      5.503            0
10    10         0          0        0.00      0.000            0
11    11        28          0       91.00      6.081            0
12    12         0          0        0.00      0.000            0
13    13         0          0        0.00      0.000            0
14    14         0          0        0.00      0.000            0
15    15         0          0        0.00      0.000            0
17   Sum      4520          0       64.56      2.388            0


 .... [TRUNCATED] 
