
 .... [TRUNCATED] 
<<<<<<<<<<<<<<<<<<<<<<<<<<<<<<<<<<<<<<<<<<<<<<<<<<<<<<<<<<<<<<<<<<<<<<<< 
 > Dato                                      :  Mon Dec  1 13:16:13 2014 
 > Slag                                      :  UP 
 > Ár                                        :  2014 
 > Skipabólk/-ar                             :  18 19 
 > Byrjanar og enda mánaŵ fyri ALK/ALD       :  FEB-DEC 
 > Skipabólk/-ar, sum longdir eru lántar frá :  0 
 > Skipabólk/-ar, sum vektir eru lántar frá  :  0 
 > Skipabólk/-ar, sum aldrar eru lántar frá  :  0 
 > ICES-øki                                  :  VB1 
 <<<<<<<<<<<<<<<<<<<<<<<<<<<<<<<<<<<<<<<<<<<<<<<<<<<<<<<<<<<<<<<<<<<<<<<<
 .... [TRUNCATED] 
>>>>>>>>>>>>>>>>>>>>>>>>>>>>>>>>>>>>> 
> Alpha	 = 0.01330391
> Beta	 = 2.879266
> R^2	 = 0.9773242
> N	 = 4749
> Veida (kg.)	  = 0
> Rundveida (kg.) = 0
<<<<<<<<<<<<<<<<<<<<<<<<<<<<<<<<<<<<<
 .... [TRUNCATED] 
>>>>>>>>>>>>>> 	 ALK-lykil 	 <<<<<<<<<<<<
 .... [TRUNCATED] 
$ALK
    longd 0 1 2 3  4  5  6 7 8 9 10 11 12 13 14 15 Sum Matad
1       1 0 0 0 0  0  0  0 0 0 0  0  0  0  0  0  0   0     0
2       2 0 0 0 0  0  0  0 0 0 0  0  0  0  0  0  0   0     0
3       3 0 0 0 0  0  0  0 0 0 0  0  0  0  0  0  0   0     0
4       4 0 0 0 0  0  0  0 0 0 0  0  0  0  0  0  0   0     0
5       5 0 0 0 0  0  0  0 0 0 0  0  0  0  0  0  0   0     0
6       6 0 0 0 0  0  0  0 0 0 0  0  0  0  0  0  0   0     0
7       7 0 0 0 0  0  0  0 0 0 0  0  0  0  0  0  0   0     0
8       8 0 0 0 0  0  0  0 0 0 0  0  0  0  0  0  0   0     0
9       9 0 0 0 0  0  0  0 0 0 0  0  0  0  0  0  0   0     0
10     10 0 0 0 0  0  0  0 0 0 0  0  0  0  0  0  0   0     0
11     11 0 0 0 0  0  0  0 0 0 0  0  0  0  0  0  0   0     0
12     12 0 0 0 0  0  0  0 0 0 0  0  0  0  0  0  0   0     0
13     13 0 0 0 0  0  0  0 0 0 0  0  0  0  0  0  0   0     0
14     14 0 0 0 0  0  0  0 0 0 0  0  0  0  0  0  0   0     0
15     15 0 0 0 0  0  0  0 0 0 0  0  0  0  0  0  0   0     0
16     16 0 0 0 0  0  0  0 0 0 0  0  0  0  0  0  0   0     0
17     17 0 0 0 0  0  0  0 0 0 0  0  0  0  0  0  0   0     0
18     18 0 0 0 0  0  0  0 0 0 0  0  0  0  0  0  0   0     0
19     19 0 0 0 0  0  0  0 0 0 0  0  0  0  0  0  0   0     0
20     20 0 0 0 0  0  0  0 0 0 0  0  0  0  0  0  0   0     0
21     21 0 0 0 0  0  0  0 0 0 0  0  0  0  0  0  0   0     0
22     22 0 0 0 0  0  0  0 0 0 0  0  0  0  0  0  0   0     0
23     23 0 0 0 0  0  0  0 0 0 0  0  0  0  0  0  0   0     0
24     24 0 0 0 0  0  0  0 0 0 0  0  0  0  0  0  0   0     0
25     25 0 0 0 0  0  0  0 0 0 0  0  0  0  0  0  0   0     0
26     26 0 0 0 0  0  0  0 0 0 0  0  0  0  0  0  0   0     0
27     27 0 0 0 0  0  0  0 0 0 0  0  0  0  0  0  0   0     0
28     28 0 0 0 0  0  0  0 0 0 0  0  0  0  0  0  0   0     0
29     29 0 0 0 0  0  0  0 0 0 0  0  0  0  0  0  0   0     0
30     30 0 0 0 0  0  0  0 0 0 0  0  0  0  0  0  0   0     0
31     31 0 0 0 0  0  0  0 0 0 0  0  0  0  0  0  0   0     0
32     32 0 0 0 0  0  0  0 0 0 0  0  0  0  0  0  0   0     0
33     33 0 0 0 0  0  0  0 0 0 0  0  0  0  0  0  0   0     0
34     34 0 0 0 0  0  0  0 0 0 0  0  0  0  0  0  0   0     0
35     35 0 0 0 0  0  0  0 0 0 0  0  0  0  0  0  0   0     0
36     36 0 0 0 0  0  0  0 0 0 0  0  0  0  0  0  0   0     0
37     37 0 0 0 0  0  0  0 0 0 0  0  0  0  0  0  0   0     0
38     38 0 0 0 0  0  0  0 0 0 0  0  0  0  0  0  0   0     0
39     39 0 0 0 0  0  0  0 0 0 0  0  0  0  0  0  0   0     0
40     40 0 0 0 0  0  0  0 0 0 0  0  0  0  0  0  0   0     4
41     41 0 0 0 0  0  0  0 0 0 0  0  0  0  0  0  0   0    13
42     42 0 0 0 0  0  0  0 0 0 0  0  0  0  0  0  0   0    16
43     43 0 0 0 0  0  0  0 0 0 0  0  0  0  0  0  0   0    47
44     44 0 0 0 1  0  0  0 0 0 0  0  0  0  0  0  0   1    55
45     45 0 0 0 0  0  0  0 0 0 0  0  0  0  0  0  0   0    73
46     46 0 0 0 0  0  0  0 0 0 0  0  0  0  0  0  0   0    87
47     47 0 0 0 0  0  0  0 0 0 0  0  0  0  0  0  0   0    84
48     48 0 0 0 0  3  0  0 0 0 0  0  0  0  0  0  0   3    97
49     49 0 0 0 3  2  1  0 0 0 0  0  0  0  0  0  0   6   101
50     50 0 0 0 0  4  1  0 0 0 0  0  0  0  0  0  0   5   139
51     51 0 0 0 4 12  2  0 0 0 0  0  0  0  0  0  0  18   176
52     52 0 0 0 0 10  2  0 0 0 0  0  0  0  0  0  0  12   195
53     53 0 0 0 4 18  5  1 0 0 0  0  0  0  0  0  0  28   249
54     54 0 0 0 1 26  8  1 0 0 0  0  0  0  0  0  0  36   288
55     55 0 0 0 4 11 12  1 0 0 0  0  0  0  0  0  0  28   303
56     56 0 0 0 1 20 17  3 0 0 0  0  0  0  0  0  0  41   329
57     57 0 0 0 3 15 18  1 1 0 0  0  0  0  0  0  0  38   359
58     58 0 0 0 0 10 21  3 1 0 0  0  0  0  0  0  0  35   379
59     59 0 0 0 0 17 29  6 1 0 0  0  0  0  0  0  0  53   342
60     60 0 0 0 0 10 31  4 0 0 0  0  0  0  0  0  0  45   417
61     61 0 0 0 0  7 29  6 0 1 0  0  0  0  0  0  0  43   424
62     62 0 0 0 0  3 25  4 2 0 0  0  0  0  0  0  0  34   378
63     63 0 0 0 0  3 20 12 1 0 0  0  0  0  0  0  0  36   358
64     64 0 0 0 0  3 27  5 1 0 0  0  0  0  0  0  0  36   347
65     65 0 0 0 0  2 15 12 5 0 0  0  0  0  0  0  0  34   336
66     66 0 0 0 0  2  4  9 3 1 0  0  0  0  0  0  0  19   256
67     67 0 0 0 0  1 11 14 6 0 0  0  0  0  0  0  0  32   255
68     68 0 0 0 0  1  7  6 3 0 0  0  0  0  0  0  0  17   224
69     69 0 0 0 0  0  6  5 5 0 0  0  0  0  0  0  0  16   206
70     70 0 0 0 0  0  2  4 7 0 0  0  0  0  0  0  0  13   200
71     71 0 0 0 0  0  2  1 4 0 0  0  0  0  0  0  0   7   169
72     72 0 0 0 0  0  1  6 1 0 0  0  0  0  0  0  0   8   144
73     73 0 0 0 0  0  1  5 3 0 0  0  0  0  0  0  0   9   140
74     74 0 0 0 0  0  0  6 4 0 0  0  0  0  0  0  0  10    99
75     75 0 0 0 0  0  0  5 3 0 0  0  0  0  0  0  0   8    94
76     76 0 0 0 0  0  0  4 1 1 0  0  0  0  0  0  0   6    85
77     77 0 0 0 0  0  0  1 2 0 0  0  0  0  0  0  0   3    62
78     78 0 0 0 0  0  0  0 1 0 0  0  0  0  0  0  0   1    48
79     79 0 0 0 0  0  0  1 2 0 0  0  0  0  0  0  0   3    41
80     80 0 0 0 0  0  0  1 0 0 0  0  0  0  0  0  0   1    52
81     81 0 0 0 0  0  0  1 3 1 0  0  0  0  0  0  0   5    50
82     82 0 0 0 0  0  0  1 1 1 0  0  0  0  0  0  0   3    44
83     83 0 0 0 0  0  0  0 2 2 0  0  0  0  0  0  0   4    49
84     84 0 0 0 0  0  0  0 0 0 0  0  0  0  0  0  0   0    40
85     85 0 0 0 0  0  0  0 0 2 0  0  0  0  0  0  0   2    41
86     86 0 0 0 0  0  0  0 1 0 1  0  0  0  0  0  0   2    34
87     87 0 0 0 0  0  0  0 0 0 1  0  0  0  0  0  0   1    52
88     88 0 0 0 0  0  0  0 0 0 3  0  0  0  0  0  0   3    38
89     89 0 0 0 0  0  0  0 0 1 1  0  0  0  0  0  0   2    38
90     90 0 0 0 0  0  0  0 0 1 0  0  0  0  0  0  0   1    53
91     91 0 0 0 0  0  0  0 0 0 2  1  1  1  0  0  0   5    44
92     92 0 0 0 0  0  0  0 0 0 0  0  0  0  0  0  0   0    50
93     93 0 0 0 0  0  0  0 0 0 0  0  1  0  0  0  0   1    42
94     94 0 0 0 0  0  0  0 0 0 0  0  0  0  0  0  0   0    34
95     95 0 0 0 0  0  0  0 0 0 0  1  1  1  0  0  0   3    48
96     96 0 0 0 0  0  0  0 0 0 0  1  0  0  0  0  0   1    26
97     97 0 0 0 0  0  0  0 0 0 0  0  0  1  0  0  0   1    27
98     98 0 0 0 0  0  0  0 0 0 0  0  0  0  0  0  0   0     9
99     99 0 0 0 0  0  0  0 0 0 0  0  0  0  0  0  0   0     9
100   100 0 0 0 0  0  0  0 0 0 0  0  0  0  0  0  0   0    10
101   101 0 0 0 0  0  0  0 0 0 0  0  0  0  0  0  0   0     3
102   102 0 0 0 0  0  0  0 0 0 0  0  0  0  0  0  0   0     3
103   103 0 0 0 0  0  0  0 0 0 0  0  0  0  0  0  0   0     6
104   104 0 0 0 0  0  0  0 0 0 0  0  0  0  0  0  0   0     2
105   105 0 0 0 0  0  0  0 0 0 0  0  0  0  0  0  0   0     4
106   106 0 0 0 0  0  0  0 0 0 0  0  0  0  0  0  0   0     2
107   107 0 0 0 0  0  0  0 0 0 0  0  0  0  0  0  0   0     1
108   108 0 0 0 0  0  0  0 0 0 0  0  0  0  0  0  0   0     0
109   109 0 0 0 0  0  0  0 0 0 0  0  0  0  0  0  0   0     0
110   110 0 0 0 0  0  0  0 0 0 0  0  0  0  0  0  0   0     1
111   111 0 0 0 0  0  0  0 0 0 0  0  0  0  0  0  0   0     0
112   112 0 0 0 0  0  0  0 0 0 0  0  0  0  0  1  0   1     1
113   113 0 0 0 0  0  0  0 0 0 0  0  0  0  0  0  0   0     0
114   114 0 0 0 0  0  0  0 0 0 0  0  0  0  0  0  0   0     0
115   115 0 0 0 0  0  0  0 0 0 0  0  0  0  0  0  0   0     0
116   116 0 0 0 0  0  0  0 0 0 0  0  0  0  0  0  0   0     1
117   117 0 0 0 0  0  0  0 0 0 0  0  0  0  0  0  0   0     0
118   118 0 0 0 0  0  0  0 0 0 0  0  0  0  0  0  0   0     0
119   119 0 0 0 0  0  0  0 0 0 0  0  0  0  0  0  0   0     0
120   120 0 0 0 0  0  0  0 0 0 0  0  0  0  0  0  0   0     0
121   121 0 0 0 0  0  0  0 0 0 0  0  0  0  0  0  0   0     0
122   122 0 0 0 0  0  0  0 0 0 0  0  0  0  0  0  0   0     0
123   123 0 0 0 0  0  0  0 0 0 0  0  0  0  0  0  0   0     0
124   124 0 0 0 0  0  0  0 0 0 0  0  0  0  0  0  0   0     0
125   125 0 0 0 0  0  0  0 0 0 0  0  0  0  0  0  0   0     0
126   126 0 0 0 0  0  0  0 0 0 0  0  0  0  0  0  0   0     0
127   127 0 0 0 0  0  0  0 0 0 0  0  0  0  0  0  0   0     0
128   128 0 0 0 0  0  0  0 0 0 0  0  0  0  0  0  0   0     0
129   129 0 0 0 0  0  0  0 0 0 0  0  0  0  0  0  0   0     0
130   130 0 0 0 0  0  0  0 0 0 0  0  0  0  0  0  0   0     0
131   131 0 0 0 0  0  0  0 0 0 0  0  0  0  0  0  0   0     0
132   132 0 0 0 0  0  0  0 0 0 0  0  0  0  0  0  0   0     0
133   133 0 0 0 0  0  0  0 0 0 0  0  0  0  0  0  0   0     0
134   134 0 0 0 0  0  0  0 0 0 0  0  0  0  0  0  0   0     0
135   135 0 0 0 0  0  0  0 0 0 0  0  0  0  0  0  0   0     0
136   136 0 0 0 0  0  0  0 0 0 0  0  0  0  0  0  0   0     0
137   137 0 0 0 0  0  0  0 0 0 0  0  0  0  0  0  0   0     0
138   138 0 0 0 0  0  0  0 0 0 0  0  0  0  0  0  0   0     0
139   139 0 0 0 0  0  0  0 0 0 0  0  0  0  0  0  0   0     0
140   140 0 0 0 0  0  0  0 0 0 0  0  0  0  0  0  0   0     0
141   141 0 0 0 0  0  0  0 0 0 0  0  0  0  0  0  0   0     0
142   142 0 0 0 0  0  0  0 0 0 0  0  0  0  0  0  0   0     0
143   143 0 0 0 0  0  0  0 0 0 0  0  0  0  0  0  0   0     0
144   144 0 0 0 0  0  0  0 0 0 0  0  0  0  0  0  0   0     0
145   145 0 0 0 0  0  0  0 0 0 0  0  0  0  0  0  0   0     0
146   146 0 0 0 0  0  0  0 0 0 0  0  0  0  0  0  0   0     0
147   147 0 0 0 0  0  0  0 0 0 0  0  0  0  0  0  0   0     0
148   148 0 0 0 0  0  0  0 0 0 0  0  0  0  0  0  0   0     0
149   149 0 0 0 0  0  0  0 0 0 0  0  0  0  0  0  0   0     0
150   150 0 0 0 0  0  0  0 0 0 0  0  0  0  0  0  0   0     0

$ALK.j
    longd 0 1 2     3      4      5     6     7     8     9    10    11    12
1       1 0 0 0 0.000  0.000  0.000 0.000 0.000 0.000 0.000 0.000 0.000 0.000
2       2 0 0 0 0.000  0.000  0.000 0.000 0.000 0.000 0.000 0.000 0.000 0.000
3       3 0 0 0 0.000  0.000  0.000 0.000 0.000 0.000 0.000 0.000 0.000 0.000
4       4 0 0 0 0.000  0.000  0.000 0.000 0.000 0.000 0.000 0.000 0.000 0.000
5       5 0 0 0 0.000  0.000  0.000 0.000 0.000 0.000 0.000 0.000 0.000 0.000
6       6 0 0 0 0.000  0.000  0.000 0.000 0.000 0.000 0.000 0.000 0.000 0.000
7       7 0 0 0 0.000  0.000  0.000 0.000 0.000 0.000 0.000 0.000 0.000 0.000
8       8 0 0 0 0.000  0.000  0.000 0.000 0.000 0.000 0.000 0.000 0.000 0.000
9       9 0 0 0 0.000  0.000  0.000 0.000 0.000 0.000 0.000 0.000 0.000 0.000
10     10 0 0 0 0.000  0.000  0.000 0.000 0.000 0.000 0.000 0.000 0.000 0.000
11     11 0 0 0 0.000  0.000  0.000 0.000 0.000 0.000 0.000 0.000 0.000 0.000
12     12 0 0 0 0.000  0.000  0.000 0.000 0.000 0.000 0.000 0.000 0.000 0.000
13     13 0 0 0 0.000  0.000  0.000 0.000 0.000 0.000 0.000 0.000 0.000 0.000
14     14 0 0 0 0.000  0.000  0.000 0.000 0.000 0.000 0.000 0.000 0.000 0.000
15     15 0 0 0 0.000  0.000  0.000 0.000 0.000 0.000 0.000 0.000 0.000 0.000
16     16 0 0 0 0.000  0.000  0.000 0.000 0.000 0.000 0.000 0.000 0.000 0.000
17     17 0 0 0 0.000  0.000  0.000 0.000 0.000 0.000 0.000 0.000 0.000 0.000
18     18 0 0 0 0.000  0.000  0.000 0.000 0.000 0.000 0.000 0.000 0.000 0.000
19     19 0 0 0 0.000  0.000  0.000 0.000 0.000 0.000 0.000 0.000 0.000 0.000
20     20 0 0 0 0.000  0.000  0.000 0.000 0.000 0.000 0.000 0.000 0.000 0.000
21     21 0 0 0 0.000  0.000  0.000 0.000 0.000 0.000 0.000 0.000 0.000 0.000
22     22 0 0 0 0.000  0.000  0.000 0.000 0.000 0.000 0.000 0.000 0.000 0.000
23     23 0 0 0 0.000  0.000  0.000 0.000 0.000 0.000 0.000 0.000 0.000 0.000
24     24 0 0 0 0.000  0.000  0.000 0.000 0.000 0.000 0.000 0.000 0.000 0.000
25     25 0 0 0 0.000  0.000  0.000 0.000 0.000 0.000 0.000 0.000 0.000 0.000
26     26 0 0 0 0.000  0.000  0.000 0.000 0.000 0.000 0.000 0.000 0.000 0.000
27     27 0 0 0 0.000  0.000  0.000 0.000 0.000 0.000 0.000 0.000 0.000 0.000
28     28 0 0 0 0.000  0.000  0.000 0.000 0.000 0.000 0.000 0.000 0.000 0.000
29     29 0 0 0 0.000  0.000  0.000 0.000 0.000 0.000 0.000 0.000 0.000 0.000
30     30 0 0 0 0.000  0.000  0.000 0.000 0.000 0.000 0.000 0.000 0.000 0.000
31     31 0 0 0 0.000  0.000  0.000 0.000 0.000 0.000 0.000 0.000 0.000 0.000
32     32 0 0 0 0.000  0.000  0.000 0.000 0.000 0.000 0.000 0.000 0.000 0.000
33     33 0 0 0 0.000  0.000  0.000 0.000 0.000 0.000 0.000 0.000 0.000 0.000
34     34 0 0 0 0.000  0.000  0.000 0.000 0.000 0.000 0.000 0.000 0.000 0.000
35     35 0 0 0 0.000  0.000  0.000 0.000 0.000 0.000 0.000 0.000 0.000 0.000
36     36 0 0 0 0.000  0.000  0.000 0.000 0.000 0.000 0.000 0.000 0.000 0.000
37     37 0 0 0 0.000  0.000  0.000 0.000 0.000 0.000 0.000 0.000 0.000 0.000
38     38 0 0 0 0.000  0.001  0.000 0.000 0.000 0.000 0.000 0.000 0.000 0.000
39     39 0 0 0 0.000  0.002  0.000 0.000 0.000 0.000 0.000 0.000 0.000 0.000
40     40 0 0 0 0.001  0.005  0.000 0.000 0.000 0.000 0.000 0.000 0.000 0.000
41     41 0 0 0 0.004  0.013  0.000 0.001 0.000 0.000 0.000 0.000 0.000 0.000
42     42 0 0 0 0.012  0.033  0.001 0.002 0.000 0.000 0.000 0.000 0.000 0.000
43     43 0 0 0 0.032  0.078  0.004 0.004 0.000 0.000 0.000 0.000 0.000 0.000
44     44 0 0 0 0.075  0.174  0.011 0.007 0.000 0.000 0.000 0.000 0.000 0.000
45     45 0 0 0 0.160  0.365  0.026 0.013 0.001 0.000 0.000 0.000 0.000 0.000
46     46 0 0 0 0.311  0.718  0.062 0.023 0.002 0.000 0.000 0.000 0.000 0.000
47     47 0 0 0 0.553  1.325  0.139 0.041 0.003 0.001 0.000 0.000 0.000 0.000
48     48 0 0 0 0.896  2.292  0.293 0.070 0.006 0.001 0.000 0.000 0.000 0.000
49     49 0 0 0 1.326  3.718  0.585 0.116 0.010 0.001 0.000 0.000 0.000 0.000
50     50 0 0 0 1.789  5.655  1.103 0.187 0.018 0.002 0.000 0.000 0.000 0.000
51     51 0 0 0 2.201  8.068  1.964 0.293 0.029 0.003 0.000 0.000 0.000 0.000
52     52 0 0 0 2.472 10.793  3.306 0.447 0.048 0.004 0.000 0.000 0.000 0.000
53     53 0 0 0 2.532 13.542  5.259 0.663 0.075 0.006 0.000 0.000 0.000 0.000
54     54 0 0 0 2.366 15.934  7.905 0.956 0.117 0.008 0.000 0.000 0.000 0.000
55     55 0 0 0 2.017 17.583 11.228 1.340 0.176 0.011 0.000 0.000 0.000 0.000
56     56 0 0 0 1.569 18.195 15.072 1.826 0.259 0.014 0.000 0.000 0.000 0.000
57     57 0 0 0 1.113 17.658 19.119 2.420 0.371 0.019 0.000 0.000 0.000 0.000
58     58 0 0 0 0.720 16.071 22.918 3.117 0.519 0.025 0.000 0.000 0.000 0.000
59     59 0 0 0 0.425 13.717 25.961 3.904 0.708 0.033 0.000 0.000 0.000 0.000
60     60 0 0 0 0.229 10.980 27.791 4.755 0.941 0.042 0.000 0.000 0.000 0.000
61     61 0 0 0 0.113  8.242 28.113 5.630 1.220 0.053 0.000 0.000 0.000 0.000
62     62 0 0 0 0.050  5.802 26.874 6.481 1.542 0.067 0.000 0.000 0.000 0.000
63     63 0 0 0 0.021  3.831 24.277 7.255 1.900 0.083 0.000 0.000 0.000 0.000
64     64 0 0 0 0.008  2.372 20.725 7.896 2.282 0.101 0.000 0.000 0.000 0.000
65     65 0 0 0 0.003  1.377 16.719 8.355 2.673 0.122 0.000 0.000 0.000 0.000
66     66 0 0 0 0.001  0.750 12.746 8.596 3.053 0.145 0.000 0.000 0.000 0.000
67     67 0 0 0 0.000  0.383  9.182 8.599 3.399 0.171 0.000 0.000 0.000 0.000
68     68 0 0 0 0.000  0.183  6.251 8.363 3.691 0.199 0.000 0.000 0.000 0.000
69     69 0 0 0 0.000  0.082  4.022 7.909 3.907 0.229 0.000 0.000 0.000 0.000
70     70 0 0 0 0.000  0.035  2.445 7.272 4.032 0.261 0.000 0.000 0.000 0.000
71     71 0 0 0 0.000  0.014  1.405 6.501 4.058 0.293 0.000 0.000 0.000 0.000
72     72 0 0 0 0.000  0.005  0.763 5.650 3.982 0.325 0.000 0.000 0.000 0.000
73     73 0 0 0 0.000  0.002  0.391 4.775 3.809 0.356 0.000 0.000 0.000 0.000
74     74 0 0 0 0.000  0.001  0.190 3.923 3.553 0.386 0.000 0.000 0.000 0.000
75     75 0 0 0 0.000  0.000  0.087 3.134 3.232 0.413 0.000 0.000 0.000 0.000
76     76 0 0 0 0.000  0.000  0.038 2.435 2.866 0.436 0.000 0.000 0.000 0.000
77     77 0 0 0 0.000  0.000  0.015 1.839 2.478 0.455 0.000 0.000 0.000 0.000
78     78 0 0 0 0.000  0.000  0.006 1.350 2.089 0.470 0.000 0.000 0.000 0.000
79     79 0 0 0 0.000  0.000  0.002 0.964 1.717 0.479 0.000 0.000 0.000 0.000
80     80 0 0 0 0.000  0.000  0.001 0.669 1.376 0.483 0.000 0.000 0.000 0.000
81     81 0 0 0 0.000  0.000  0.000 0.452 1.075 0.480 0.000 0.000 0.000 0.000
82     82 0 0 0 0.000  0.000  0.000 0.296 0.819 0.472 0.002 0.000 0.000 0.000
83     83 0 0 0 0.000  0.000  0.000 0.189 0.608 0.459 0.015 0.000 0.000 0.000
84     84 0 0 0 0.000  0.000  0.000 0.117 0.441 0.440 0.072 0.000 0.000 0.001
85     85 0 0 0 0.000  0.000  0.000 0.071 0.311 0.417 0.256 0.001 0.000 0.004
86     86 0 0 0 0.000  0.000  0.000 0.041 0.214 0.391 0.666 0.005 0.001 0.009
87     87 0 0 0 0.000  0.000  0.000 0.024 0.144 0.362 1.259 0.014 0.007 0.022
88     88 0 0 0 0.000  0.000  0.000 0.013 0.094 0.331 1.730 0.035 0.026 0.046
89     89 0 0 0 0.000  0.000  0.000 0.007 0.060 0.299 1.730 0.076 0.081 0.085
90     90 0 0 0 0.000  0.000  0.000 0.004 0.037 0.267 1.259 0.144 0.194 0.143
91     91 0 0 0 0.000  0.000  0.000 0.002 0.023 0.235 0.666 0.238 0.363 0.216
92     92 0 0 0 0.000  0.000  0.000 0.001 0.013 0.205 0.256 0.340 0.528 0.293
93     93 0 0 0 0.000  0.000  0.000 0.000 0.008 0.176 0.072 0.421 0.598 0.356
94     94 0 0 0 0.000  0.000  0.000 0.000 0.004 0.150 0.015 0.452 0.528 0.389
95     95 0 0 0 0.000  0.000  0.000 0.000 0.002 0.126 0.002 0.421 0.363 0.383
96     96 0 0 0 0.000  0.000  0.000 0.000 0.001 0.104 0.000 0.340 0.194 0.338
97     97 0 0 0 0.000  0.000  0.000 0.000 0.001 0.086 0.000 0.238 0.081 0.268
98     98 0 0 0 0.000  0.000  0.000 0.000 0.000 0.069 0.000 0.144 0.026 0.191
99     99 0 0 0 0.000  0.000  0.000 0.000 0.000 0.056 0.000 0.076 0.007 0.122
100   100 0 0 0 0.000  0.000  0.000 0.000 0.000 0.044 0.000 0.035 0.001 0.070
101   101 0 0 0 0.000  0.000  0.000 0.000 0.000 0.034 0.000 0.014 0.000 0.036
102   102 0 0 0 0.000  0.000  0.000 0.000 0.000 0.026 0.000 0.005 0.000 0.017
103   103 0 0 0 0.000  0.000  0.000 0.000 0.000 0.020 0.000 0.001 0.000 0.007
104   104 0 0 0 0.000  0.000  0.000 0.000 0.000 0.015 0.000 0.000 0.000 0.003
105   105 0 0 0 0.000  0.000  0.000 0.000 0.000 0.011 0.000 0.000 0.000 0.001
106   106 0 0 0 0.000  0.000  0.000 0.000 0.000 0.008 0.000 0.000 0.000 0.000
107   107 0 0 0 0.000  0.000  0.000 0.000 0.000 0.006 0.000 0.000 0.000 0.000
108   108 0 0 0 0.000  0.000  0.000 0.000 0.000 0.004 0.000 0.000 0.000 0.000
109   109 0 0 0 0.000  0.000  0.000 0.000 0.000 0.003 0.000 0.000 0.000 0.000
110   110 0 0 0 0.000  0.000  0.000 0.000 0.000 0.002 0.000 0.000 0.000 0.000
111   111 0 0 0 0.000  0.000  0.000 0.000 0.000 0.001 0.000 0.000 0.000 0.000
112   112 0 0 0 0.000  0.000  0.000 0.000 0.000 0.001 0.000 0.000 0.000 0.000
113   113 0 0 0 0.000  0.000  0.000 0.000 0.000 0.001 0.000 0.000 0.000 0.000
114   114 0 0 0 0.000  0.000  0.000 0.000 0.000 0.000 0.000 0.000 0.000 0.000
115   115 0 0 0 0.000  0.000  0.000 0.000 0.000 0.000 0.000 0.000 0.000 0.000
116   116 0 0 0 0.000  0.000  0.000 0.000 0.000 0.000 0.000 0.000 0.000 0.000
117   117 0 0 0 0.000  0.000  0.000 0.000 0.000 0.000 0.000 0.000 0.000 0.000
118   118 0 0 0 0.000  0.000  0.000 0.000 0.000 0.000 0.000 0.000 0.000 0.000
119   119 0 0 0 0.000  0.000  0.000 0.000 0.000 0.000 0.000 0.000 0.000 0.000
120   120 0 0 0 0.000  0.000  0.000 0.000 0.000 0.000 0.000 0.000 0.000 0.000
121   121 0 0 0 0.000  0.000  0.000 0.000 0.000 0.000 0.000 0.000 0.000 0.000
122   122 0 0 0 0.000  0.000  0.000 0.000 0.000 0.000 0.000 0.000 0.000 0.000
123   123 0 0 0 0.000  0.000  0.000 0.000 0.000 0.000 0.000 0.000 0.000 0.000
124   124 0 0 0 0.000  0.000  0.000 0.000 0.000 0.000 0.000 0.000 0.000 0.000
125   125 0 0 0 0.000  0.000  0.000 0.000 0.000 0.000 0.000 0.000 0.000 0.000
126   126 0 0 0 0.000  0.000  0.000 0.000 0.000 0.000 0.000 0.000 0.000 0.000
127   127 0 0 0 0.000  0.000  0.000 0.000 0.000 0.000 0.000 0.000 0.000 0.000
128   128 0 0 0 0.000  0.000  0.000 0.000 0.000 0.000 0.000 0.000 0.000 0.000
129   129 0 0 0 0.000  0.000  0.000 0.000 0.000 0.000 0.000 0.000 0.000 0.000
130   130 0 0 0 0.000  0.000  0.000 0.000 0.000 0.000 0.000 0.000 0.000 0.000
131   131 0 0 0 0.000  0.000  0.000 0.000 0.000 0.000 0.000 0.000 0.000 0.000
132   132 0 0 0 0.000  0.000  0.000 0.000 0.000 0.000 0.000 0.000 0.000 0.000
133   133 0 0 0 0.000  0.000  0.000 0.000 0.000 0.000 0.000 0.000 0.000 0.000
134   134 0 0 0 0.000  0.000  0.000 0.000 0.000 0.000 0.000 0.000 0.000 0.000
135   135 0 0 0 0.000  0.000  0.000 0.000 0.000 0.000 0.000 0.000 0.000 0.000
136   136 0 0 0 0.000  0.000  0.000 0.000 0.000 0.000 0.000 0.000 0.000 0.000
137   137 0 0 0 0.000  0.000  0.000 0.000 0.000 0.000 0.000 0.000 0.000 0.000
138   138 0 0 0 0.000  0.000  0.000 0.000 0.000 0.000 0.000 0.000 0.000 0.000
139   139 0 0 0 0.000  0.000  0.000 0.000 0.000 0.000 0.000 0.000 0.000 0.000
140   140 0 0 0 0.000  0.000  0.000 0.000 0.000 0.000 0.000 0.000 0.000 0.000
141   141 0 0 0 0.000  0.000  0.000 0.000 0.000 0.000 0.000 0.000 0.000 0.000
142   142 0 0 0 0.000  0.000  0.000 0.000 0.000 0.000 0.000 0.000 0.000 0.000
143   143 0 0 0 0.000  0.000  0.000 0.000 0.000 0.000 0.000 0.000 0.000 0.000
144   144 0 0 0 0.000  0.000  0.000 0.000 0.000 0.000 0.000 0.000 0.000 0.000
145   145 0 0 0 0.000  0.000  0.000 0.000 0.000 0.000 0.000 0.000 0.000 0.000
146   146 0 0 0 0.000  0.000  0.000 0.000 0.000 0.000 0.000 0.000 0.000 0.000
147   147 0 0 0 0.000  0.000  0.000 0.000 0.000 0.000 0.000 0.000 0.000 0.000
148   148 0 0 0 0.000  0.000  0.000 0.000 0.000 0.000 0.000 0.000 0.000 0.000
149   149 0 0 0 0.000  0.000  0.000 0.000 0.000 0.000 0.000 0.000 0.000 0.000
150   150 0 0 0 0.000  0.000  0.000 0.000 0.000 0.000 0.000 0.000 0.000 0.000
    13 14 15    Sum Matad
1    0  0  0  0.000     0
2    0  0  0  0.000     0
3    0  0  0  0.000     0
4    0  0  0  0.000     0
5    0  0  0  0.000     0
6    0  0  0  0.000     0
7    0  0  0  0.000     0
8    0  0  0  0.000     0
9    0  0  0  0.000     0
10   0  0  0  0.000     0
11   0  0  0  0.000     0
12   0  0  0  0.000     0
13   0  0  0  0.000     0
14   0  0  0  0.000     0
15   0  0  0  0.000     0
16   0  0  0  0.000     0
17   0  0  0  0.000     0
18   0  0  0  0.000     0
19   0  0  0  0.000     0
20   0  0  0  0.000     0
21   0  0  0  0.000     0
22   0  0  0  0.000     0
23   0  0  0  0.000     0
24   0  0  0  0.000     0
25   0  0  0  0.000     0
26   0  0  0  0.000     0
27   0  0  0  0.000     0
28   0  0  0  0.000     0
29   0  0  0  0.000     0
30   0  0  0  0.000     0
31   0  0  0  0.000     0
32   0  0  0  0.000     0
33   0  0  0  0.000     0
34   0  0  0  0.000     0
35   0  0  0  0.000     0
36   0  0  0  0.000     0
37   0  0  0  0.000     0
38   0  0  0  0.001     0
39   0  0  0  0.002     0
40   0  0  0  0.007     4
41   0  0  0  0.019    13
42   0  0  0  0.049    16
43   0  0  0  0.118    47
44   0  0  0  0.267    55
45   0  0  0  0.565    73
46   0  0  0  1.117    87
47   0  0  0  2.062    84
48   0  0  0  3.558    97
49   0  0  0  5.756   101
50   0  0  0  8.753   139
51   0  0  0 12.559   176
52   0  0  0 17.071   195
53   0  0  0 22.078   249
54   0  0  0 27.286   288
55   0  0  0 32.355   303
56   0  0  0 36.936   329
57   0  0  0 40.700   359
58   0  0  0 43.371   379
59   0  0  0 44.749   342
60   0  0  0 44.738   417
61   0  0  0 43.371   424
62   0  0  0 40.817   378
63   0  0  0 37.366   358
64   0  0  0 33.383   347
65   0  0  0 29.249   336
66   0  0  0 25.291   256
67   0  0  0 21.735   255
68   0  0  0 18.688   224
69   0  0  0 16.149   206
70   0  0  0 14.044   200
71   0  0  0 12.270   169
72   0  0  0 10.724   144
73   0  0  0  9.333   140
74   0  0  0  8.053    99
75   0  0  0  6.866    94
76   0  0  0  5.774    85
77   0  0  0  4.787    62
78   0  0  0  3.915    48
79   0  0  0  3.162    41
80   0  0  0  2.528    52
81   0  0  0  2.007    50
82   0  0  0  1.590    44
83   0  0  0  1.271    49
84   0  0  0  1.071    40
85   0  0  0  1.061    41
86   0  0  0  1.328    34
87   0  0  0  1.830    52
88   0  0  0  2.274    38
89   0  0  0  2.338    38
90   0  0  0  2.048    53
91   0  0  0  1.742    44
92   0  0  0  1.636    50
93   0  0  0  1.632    42
94   0  0  0  1.539    34
95   0  0  0  1.297    48
96   0  0  0  0.978    26
97   0  0  0  0.673    27
98   0  0  0  0.431     9
99   0  0  0  0.260     9
100  0  0  0  0.150    10
101  0  0  0  0.084     3
102  0  0  0  0.048     3
103  0  0  0  0.029     6
104  0  0  0  0.018     2
105  0  0  0  0.012     4
106  0  0  0  0.009     2
107  0  0  0  0.006     1
108  0  0  0  0.004     0
109  0  0  0  0.003     0
110  0  0  0  0.002     1
111  0  0  0  0.001     0
112  0  1  0  1.001     1
113  0  0  0  0.001     0
114  0  0  0  0.000     0
115  0  0  0  0.000     0
116  0  0  0  0.000     1
117  0  0  0  0.000     0
118  0  0  0  0.000     0
119  0  0  0  0.000     0
120  0  0  0  0.000     0
121  0  0  0  0.000     0
122  0  0  0  0.000     0
123  0  0  0  0.000     0
124  0  0  0  0.000     0
125  0  0  0  0.000     0
126  0  0  0  0.000     0
127  0  0  0  0.000     0
128  0  0  0  0.000     0
129  0  0  0  0.000     0
130  0  0  0  0.000     0
131  0  0  0  0.000     0
132  0  0  0  0.000     0
133  0  0  0  0.000     0
134  0  0  0  0.000     0
135  0  0  0  0.000     0
136  0  0  0  0.000     0
137  0  0  0  0.000     0
138  0  0  0  0.000     0
139  0  0  0  0.000     0
140  0  0  0  0.000     0
141  0  0  0  0.000     0
142  0  0  0  0.000     0
143  0  0  0  0.000     0
144  0  0  0  0.000     0
145  0  0  0  0.000     0
146  0  0  0  0.000     0
147  0  0  0  0.000     0
148  0  0  0  0.000     0
149  0  0  0  0.000     0
150  0  0  0  0.000     0


 .... [TRUNCATED] 
>>>>>>>>>>>>>> 	 ALD-lykil 	 <<<<<<<<<<<<
 .... [TRUNCATED] 
$ALD
              0        1        2        3        4        5        6        7
1         0.000    0.000    0.000    0.000    0.000    0.000    0.000    0.000
2         0.000    0.000    0.000    0.000    0.000    0.000    0.000    0.000
3         0.000    0.000    0.000    0.000    0.000    0.000    0.000    0.000
4         0.000    0.000    0.000    0.000    0.000    0.000    0.000    0.000
5         0.000    0.000    0.000    0.000    0.000    0.000    0.000    0.000
6         0.000    0.000    0.000    0.000    0.000    0.000    0.000    0.000
7         0.000    0.000    0.000    0.000    0.000    0.000    0.000    0.000
8         0.000    0.000    0.000    0.000    0.000    0.000    0.000    0.000
9         0.000    0.000    0.000    0.000    0.000    0.000    0.000    0.000
10        0.000    0.000    0.000    0.000    0.000    0.000    0.000    0.000
11        0.000    0.000    0.000    0.000    0.000    0.000    0.000    0.000
12        0.000    0.000    0.000    0.000    0.000    0.000    0.000    0.000
13        0.000    0.000    0.000    0.000    0.000    0.000    0.000    0.000
14        0.000    0.000    0.000    0.000    0.000    0.000    0.000    0.000
15        0.000    0.000    0.000    0.000    0.000    0.000    0.000    0.000
16        0.000    0.000    0.000    0.000    0.000    0.000    0.000    0.000
17        0.000    0.000    0.000    0.000    0.000    0.000    0.000    0.000
18        0.000    0.000    0.000    0.000    0.000    0.000    0.000    0.000
19        0.000    0.000    0.000    0.000    0.000    0.000    0.000    0.000
20        0.000    0.000    0.000    0.000    0.000    0.000    0.000    0.000
21        0.000    0.000    0.000    0.000    0.000    0.000    0.000    0.000
22        0.000    0.000    0.000    0.000    0.000    0.000    0.000    0.000
23        0.000    0.000    0.000    0.000    0.000    0.000    0.000    0.000
24        0.000    0.000    0.000    0.000    0.000    0.000    0.000    0.000
25        0.000    0.000    0.000    0.000    0.000    0.000    0.000    0.000
26        0.000    0.000    0.000    0.000    0.000    0.000    0.000    0.000
27        0.000    0.000    0.000    0.000    0.000    0.000    0.000    0.000
28        0.000    0.000    0.000    0.000    0.000    0.000    0.000    0.000
29        0.000    0.000    0.000    0.000    0.000    0.000    0.000    0.000
30        0.000    0.000    0.000    0.000    0.000    0.000    0.000    0.000
31        0.000    0.000    0.000    0.000    0.000    0.000    0.000    0.000
32        0.000    0.000    0.000    0.000    0.000    0.000    0.000    0.000
33        0.000    0.000    0.000    0.000    0.000    0.000    0.000    0.000
34        0.000    0.000    0.000    0.000    0.000    0.000    0.000    0.000
35        0.000    0.000    0.000    0.000    0.000    0.000    0.000    0.000
36        0.000    0.000    0.000    0.000    0.000    0.000    0.000    0.000
37        0.000    0.000    0.000    0.000    0.000    0.000    0.000    0.000
38        0.000    0.000    0.000    0.000    0.000    0.000    0.000    0.000
39        0.000    0.000    0.000    0.000    0.000    0.000    0.000    0.000
40        0.000    0.000    0.000    0.000    0.000    0.000    0.000    0.000
41        0.000    0.000    0.000    0.000    0.000    0.000    0.000    0.000
42        0.000    0.000    0.000    0.000    0.000    0.000    0.000    0.000
43        0.000    0.000    0.000    0.000    0.000    0.000    0.000    0.000
44        0.000    0.000    0.000   55.000    0.000    0.000    0.000    0.000
45        0.000    0.000    0.000    0.000    0.000    0.000    0.000    0.000
46        0.000    0.000    0.000    0.000    0.000    0.000    0.000    0.000
47        0.000    0.000    0.000    0.000    0.000    0.000    0.000    0.000
48        0.000    0.000    0.000    0.000   97.000    0.000    0.000    0.000
49        0.000    0.000    0.000   50.500   33.667   16.833    0.000    0.000
50        0.000    0.000    0.000    0.000  111.200   27.800    0.000    0.000
51        0.000    0.000    0.000   39.111  117.333   19.556    0.000    0.000
52        0.000    0.000    0.000    0.000  162.500   32.500    0.000    0.000
53        0.000    0.000    0.000   35.571  160.071   44.464    8.893    0.000
54        0.000    0.000    0.000    8.000  208.000   64.000    8.000    0.000
55        0.000    0.000    0.000   43.286  119.036  129.857   10.821    0.000
56        0.000    0.000    0.000    8.024  160.488  136.415   24.073    0.000
57        0.000    0.000    0.000   28.342  141.711  170.053    9.447    9.447
58        0.000    0.000    0.000    0.000  108.286  227.400   32.486   10.829
59        0.000    0.000    0.000    0.000  109.698  187.132   38.717    6.453
60        0.000    0.000    0.000    0.000   92.667  287.267   37.067    0.000
61        0.000    0.000    0.000    0.000   69.023  285.953   59.163    0.000
62        0.000    0.000    0.000    0.000   33.353  277.941   44.471   22.235
63        0.000    0.000    0.000    0.000   29.833  198.889  119.333    9.944
64        0.000    0.000    0.000    0.000   28.917  260.250   48.194    9.639
65        0.000    0.000    0.000    0.000   19.765  148.235  118.588   49.412
66        0.000    0.000    0.000    0.000   26.947   53.895  121.263   40.421
67        0.000    0.000    0.000    0.000    7.969   87.656  111.562   47.812
68        0.000    0.000    0.000    0.000   13.176   92.235   79.059   39.529
69        0.000    0.000    0.000    0.000    0.000   77.250   64.375   64.375
70        0.000    0.000    0.000    0.000    0.000   30.769   61.538  107.692
71        0.000    0.000    0.000    0.000    0.000   48.286   24.143   96.571
72        0.000    0.000    0.000    0.000    0.000   18.000  108.000   18.000
73        0.000    0.000    0.000    0.000    0.000   15.556   77.778   46.667
74        0.000    0.000    0.000    0.000    0.000    0.000   59.400   39.600
75        0.000    0.000    0.000    0.000    0.000    0.000   58.750   35.250
76        0.000    0.000    0.000    0.000    0.000    0.000   56.667   14.167
77        0.000    0.000    0.000    0.000    0.000    0.000   20.667   41.333
78        0.000    0.000    0.000    0.000    0.000    0.000    0.000   48.000
79        0.000    0.000    0.000    0.000    0.000    0.000   13.667   27.333
80        0.000    0.000    0.000    0.000    0.000    0.000   52.000    0.000
81        0.000    0.000    0.000    0.000    0.000    0.000   10.000   30.000
82        0.000    0.000    0.000    0.000    0.000    0.000   14.667   14.667
83        0.000    0.000    0.000    0.000    0.000    0.000    0.000   24.500
84        0.000    0.000    0.000    0.000    0.000    0.000    0.000    0.000
85        0.000    0.000    0.000    0.000    0.000    0.000    0.000    0.000
86        0.000    0.000    0.000    0.000    0.000    0.000    0.000   17.000
87        0.000    0.000    0.000    0.000    0.000    0.000    0.000    0.000
88        0.000    0.000    0.000    0.000    0.000    0.000    0.000    0.000
89        0.000    0.000    0.000    0.000    0.000    0.000    0.000    0.000
90        0.000    0.000    0.000    0.000    0.000    0.000    0.000    0.000
91        0.000    0.000    0.000    0.000    0.000    0.000    0.000    0.000
92        0.000    0.000    0.000    0.000    0.000    0.000    0.000    0.000
93        0.000    0.000    0.000    0.000    0.000    0.000    0.000    0.000
94        0.000    0.000    0.000    0.000    0.000    0.000    0.000    0.000
95        0.000    0.000    0.000    0.000    0.000    0.000    0.000    0.000
96        0.000    0.000    0.000    0.000    0.000    0.000    0.000    0.000
97        0.000    0.000    0.000    0.000    0.000    0.000    0.000    0.000
98        0.000    0.000    0.000    0.000    0.000    0.000    0.000    0.000
99        0.000    0.000    0.000    0.000    0.000    0.000    0.000    0.000
100       0.000    0.000    0.000    0.000    0.000    0.000    0.000    0.000
101       0.000    0.000    0.000    0.000    0.000    0.000    0.000    0.000
102       0.000    0.000    0.000    0.000    0.000    0.000    0.000    0.000
103       0.000    0.000    0.000    0.000    0.000    0.000    0.000    0.000
104       0.000    0.000    0.000    0.000    0.000    0.000    0.000    0.000
105       0.000    0.000    0.000    0.000    0.000    0.000    0.000    0.000
106       0.000    0.000    0.000    0.000    0.000    0.000    0.000    0.000
107       0.000    0.000    0.000    0.000    0.000    0.000    0.000    0.000
108       0.000    0.000    0.000    0.000    0.000    0.000    0.000    0.000
109       0.000    0.000    0.000    0.000    0.000    0.000    0.000    0.000
110       0.000    0.000    0.000    0.000    0.000    0.000    0.000    0.000
111       0.000    0.000    0.000    0.000    0.000    0.000    0.000    0.000
112       0.000    0.000    0.000    0.000    0.000    0.000    0.000    0.000
113       0.000    0.000    0.000    0.000    0.000    0.000    0.000    0.000
114       0.000    0.000    0.000    0.000    0.000    0.000    0.000    0.000
115       0.000    0.000    0.000    0.000    0.000    0.000    0.000    0.000
116       0.000    0.000    0.000    0.000    0.000    0.000    0.000    0.000
117       0.000    0.000    0.000    0.000    0.000    0.000    0.000    0.000
118       0.000    0.000    0.000    0.000    0.000    0.000    0.000    0.000
119       0.000    0.000    0.000    0.000    0.000    0.000    0.000    0.000
120       0.000    0.000    0.000    0.000    0.000    0.000    0.000    0.000
121       0.000    0.000    0.000    0.000    0.000    0.000    0.000    0.000
122       0.000    0.000    0.000    0.000    0.000    0.000    0.000    0.000
123       0.000    0.000    0.000    0.000    0.000    0.000    0.000    0.000
124       0.000    0.000    0.000    0.000    0.000    0.000    0.000    0.000
125       0.000    0.000    0.000    0.000    0.000    0.000    0.000    0.000
126       0.000    0.000    0.000    0.000    0.000    0.000    0.000    0.000
127       0.000    0.000    0.000    0.000    0.000    0.000    0.000    0.000
128       0.000    0.000    0.000    0.000    0.000    0.000    0.000    0.000
129       0.000    0.000    0.000    0.000    0.000    0.000    0.000    0.000
130       0.000    0.000    0.000    0.000    0.000    0.000    0.000    0.000
131       0.000    0.000    0.000    0.000    0.000    0.000    0.000    0.000
132       0.000    0.000    0.000    0.000    0.000    0.000    0.000    0.000
133       0.000    0.000    0.000    0.000    0.000    0.000    0.000    0.000
134       0.000    0.000    0.000    0.000    0.000    0.000    0.000    0.000
135       0.000    0.000    0.000    0.000    0.000    0.000    0.000    0.000
136       0.000    0.000    0.000    0.000    0.000    0.000    0.000    0.000
137       0.000    0.000    0.000    0.000    0.000    0.000    0.000    0.000
138       0.000    0.000    0.000    0.000    0.000    0.000    0.000    0.000
139       0.000    0.000    0.000    0.000    0.000    0.000    0.000    0.000
140       0.000    0.000    0.000    0.000    0.000    0.000    0.000    0.000
141       0.000    0.000    0.000    0.000    0.000    0.000    0.000    0.000
142       0.000    0.000    0.000    0.000    0.000    0.000    0.000    0.000
143       0.000    0.000    0.000    0.000    0.000    0.000    0.000    0.000
144       0.000    0.000    0.000    0.000    0.000    0.000    0.000    0.000
145       0.000    0.000    0.000    0.000    0.000    0.000    0.000    0.000
146       0.000    0.000    0.000    0.000    0.000    0.000    0.000    0.000
147       0.000    0.000    0.000    0.000    0.000    0.000    0.000    0.000
148       0.000    0.000    0.000    0.000    0.000    0.000    0.000    0.000
149       0.000    0.000    0.000    0.000    0.000    0.000    0.000    0.000
150       0.000    0.000    0.000    0.000    0.000    0.000    0.000    0.000
Sum       0.000    0.000    0.000  267.835 1850.639 2938.192 1492.789  870.878
mW        0.000    0.000    0.000    1.117    1.414    1.865    2.546    2.969
mL        0.000    0.000    0.000   50.959   55.329   60.992   67.783   71.624
pA        0.000    0.000    0.000    0.034    0.233    0.370    0.188    0.110
tot.mW 2212.582 2212.582 2212.582 2212.582 2212.582 2212.582 2212.582 2212.582
tot.mL   63.536   63.536   63.536   63.536   63.536   63.536   63.536   63.536
              8        9       10       11       12       13       14       15
1         0.000    0.000    0.000    0.000    0.000    0.000    0.000    0.000
2         0.000    0.000    0.000    0.000    0.000    0.000    0.000    0.000
3         0.000    0.000    0.000    0.000    0.000    0.000    0.000    0.000
4         0.000    0.000    0.000    0.000    0.000    0.000    0.000    0.000
5         0.000    0.000    0.000    0.000    0.000    0.000    0.000    0.000
6         0.000    0.000    0.000    0.000    0.000    0.000    0.000    0.000
7         0.000    0.000    0.000    0.000    0.000    0.000    0.000    0.000
8         0.000    0.000    0.000    0.000    0.000    0.000    0.000    0.000
9         0.000    0.000    0.000    0.000    0.000    0.000    0.000    0.000
10        0.000    0.000    0.000    0.000    0.000    0.000    0.000    0.000
11        0.000    0.000    0.000    0.000    0.000    0.000    0.000    0.000
12        0.000    0.000    0.000    0.000    0.000    0.000    0.000    0.000
13        0.000    0.000    0.000    0.000    0.000    0.000    0.000    0.000
14        0.000    0.000    0.000    0.000    0.000    0.000    0.000    0.000
15        0.000    0.000    0.000    0.000    0.000    0.000    0.000    0.000
16        0.000    0.000    0.000    0.000    0.000    0.000    0.000    0.000
17        0.000    0.000    0.000    0.000    0.000    0.000    0.000    0.000
18        0.000    0.000    0.000    0.000    0.000    0.000    0.000    0.000
19        0.000    0.000    0.000    0.000    0.000    0.000    0.000    0.000
20        0.000    0.000    0.000    0.000    0.000    0.000    0.000    0.000
21        0.000    0.000    0.000    0.000    0.000    0.000    0.000    0.000
22        0.000    0.000    0.000    0.000    0.000    0.000    0.000    0.000
23        0.000    0.000    0.000    0.000    0.000    0.000    0.000    0.000
24        0.000    0.000    0.000    0.000    0.000    0.000    0.000    0.000
25        0.000    0.000    0.000    0.000    0.000    0.000    0.000    0.000
26        0.000    0.000    0.000    0.000    0.000    0.000    0.000    0.000
27        0.000    0.000    0.000    0.000    0.000    0.000    0.000    0.000
28        0.000    0.000    0.000    0.000    0.000    0.000    0.000    0.000
29        0.000    0.000    0.000    0.000    0.000    0.000    0.000    0.000
30        0.000    0.000    0.000    0.000    0.000    0.000    0.000    0.000
31        0.000    0.000    0.000    0.000    0.000    0.000    0.000    0.000
32        0.000    0.000    0.000    0.000    0.000    0.000    0.000    0.000
33        0.000    0.000    0.000    0.000    0.000    0.000    0.000    0.000
34        0.000    0.000    0.000    0.000    0.000    0.000    0.000    0.000
35        0.000    0.000    0.000    0.000    0.000    0.000    0.000    0.000
36        0.000    0.000    0.000    0.000    0.000    0.000    0.000    0.000
37        0.000    0.000    0.000    0.000    0.000    0.000    0.000    0.000
38        0.000    0.000    0.000    0.000    0.000    0.000    0.000    0.000
39        0.000    0.000    0.000    0.000    0.000    0.000    0.000    0.000
40        0.000    0.000    0.000    0.000    0.000    0.000    0.000    0.000
41        0.000    0.000    0.000    0.000    0.000    0.000    0.000    0.000
42        0.000    0.000    0.000    0.000    0.000    0.000    0.000    0.000
43        0.000    0.000    0.000    0.000    0.000    0.000    0.000    0.000
44        0.000    0.000    0.000    0.000    0.000    0.000    0.000    0.000
45        0.000    0.000    0.000    0.000    0.000    0.000    0.000    0.000
46        0.000    0.000    0.000    0.000    0.000    0.000    0.000    0.000
47        0.000    0.000    0.000    0.000    0.000    0.000    0.000    0.000
48        0.000    0.000    0.000    0.000    0.000    0.000    0.000    0.000
49        0.000    0.000    0.000    0.000    0.000    0.000    0.000    0.000
50        0.000    0.000    0.000    0.000    0.000    0.000    0.000    0.000
51        0.000    0.000    0.000    0.000    0.000    0.000    0.000    0.000
52        0.000    0.000    0.000    0.000    0.000    0.000    0.000    0.000
53        0.000    0.000    0.000    0.000    0.000    0.000    0.000    0.000
54        0.000    0.000    0.000    0.000    0.000    0.000    0.000    0.000
55        0.000    0.000    0.000    0.000    0.000    0.000    0.000    0.000
56        0.000    0.000    0.000    0.000    0.000    0.000    0.000    0.000
57        0.000    0.000    0.000    0.000    0.000    0.000    0.000    0.000
58        0.000    0.000    0.000    0.000    0.000    0.000    0.000    0.000
59        0.000    0.000    0.000    0.000    0.000    0.000    0.000    0.000
60        0.000    0.000    0.000    0.000    0.000    0.000    0.000    0.000
61        9.860    0.000    0.000    0.000    0.000    0.000    0.000    0.000
62        0.000    0.000    0.000    0.000    0.000    0.000    0.000    0.000
63        0.000    0.000    0.000    0.000    0.000    0.000    0.000    0.000
64        0.000    0.000    0.000    0.000    0.000    0.000    0.000    0.000
65        0.000    0.000    0.000    0.000    0.000    0.000    0.000    0.000
66       13.474    0.000    0.000    0.000    0.000    0.000    0.000    0.000
67        0.000    0.000    0.000    0.000    0.000    0.000    0.000    0.000
68        0.000    0.000    0.000    0.000    0.000    0.000    0.000    0.000
69        0.000    0.000    0.000    0.000    0.000    0.000    0.000    0.000
70        0.000    0.000    0.000    0.000    0.000    0.000    0.000    0.000
71        0.000    0.000    0.000    0.000    0.000    0.000    0.000    0.000
72        0.000    0.000    0.000    0.000    0.000    0.000    0.000    0.000
73        0.000    0.000    0.000    0.000    0.000    0.000    0.000    0.000
74        0.000    0.000    0.000    0.000    0.000    0.000    0.000    0.000
75        0.000    0.000    0.000    0.000    0.000    0.000    0.000    0.000
76       14.167    0.000    0.000    0.000    0.000    0.000    0.000    0.000
77        0.000    0.000    0.000    0.000    0.000    0.000    0.000    0.000
78        0.000    0.000    0.000    0.000    0.000    0.000    0.000    0.000
79        0.000    0.000    0.000    0.000    0.000    0.000    0.000    0.000
80        0.000    0.000    0.000    0.000    0.000    0.000    0.000    0.000
81       10.000    0.000    0.000    0.000    0.000    0.000    0.000    0.000
82       14.667    0.000    0.000    0.000    0.000    0.000    0.000    0.000
83       24.500    0.000    0.000    0.000    0.000    0.000    0.000    0.000
84        0.000    0.000    0.000    0.000    0.000    0.000    0.000    0.000
85       41.000    0.000    0.000    0.000    0.000    0.000    0.000    0.000
86        0.000   17.000    0.000    0.000    0.000    0.000    0.000    0.000
87        0.000   52.000    0.000    0.000    0.000    0.000    0.000    0.000
88        0.000   38.000    0.000    0.000    0.000    0.000    0.000    0.000
89       19.000   19.000    0.000    0.000    0.000    0.000    0.000    0.000
90       53.000    0.000    0.000    0.000    0.000    0.000    0.000    0.000
91        0.000   17.600    8.800    8.800    8.800    0.000    0.000    0.000
92        0.000    0.000    0.000    0.000    0.000    0.000    0.000    0.000
93        0.000    0.000    0.000   42.000    0.000    0.000    0.000    0.000
94        0.000    0.000    0.000    0.000    0.000    0.000    0.000    0.000
95        0.000    0.000   16.000   16.000   16.000    0.000    0.000    0.000
96        0.000    0.000   26.000    0.000    0.000    0.000    0.000    0.000
97        0.000    0.000    0.000    0.000   27.000    0.000    0.000    0.000
98        0.000    0.000    0.000    0.000    0.000    0.000    0.000    0.000
99        0.000    0.000    0.000    0.000    0.000    0.000    0.000    0.000
100       0.000    0.000    0.000    0.000    0.000    0.000    0.000    0.000
101       0.000    0.000    0.000    0.000    0.000    0.000    0.000    0.000
102       0.000    0.000    0.000    0.000    0.000    0.000    0.000    0.000
103       0.000    0.000    0.000    0.000    0.000    0.000    0.000    0.000
104       0.000    0.000    0.000    0.000    0.000    0.000    0.000    0.000
105       0.000    0.000    0.000    0.000    0.000    0.000    0.000    0.000
106       0.000    0.000    0.000    0.000    0.000    0.000    0.000    0.000
107       0.000    0.000    0.000    0.000    0.000    0.000    0.000    0.000
108       0.000    0.000    0.000    0.000    0.000    0.000    0.000    0.000
109       0.000    0.000    0.000    0.000    0.000    0.000    0.000    0.000
110       0.000    0.000    0.000    0.000    0.000    0.000    0.000    0.000
111       0.000    0.000    0.000    0.000    0.000    0.000    0.000    0.000
112       0.000    0.000    0.000    0.000    0.000    0.000    1.000    0.000
113       0.000    0.000    0.000    0.000    0.000    0.000    0.000    0.000
114       0.000    0.000    0.000    0.000    0.000    0.000    0.000    0.000
115       0.000    0.000    0.000    0.000    0.000    0.000    0.000    0.000
116       0.000    0.000    0.000    0.000    0.000    0.000    0.000    0.000
117       0.000    0.000    0.000    0.000    0.000    0.000    0.000    0.000
118       0.000    0.000    0.000    0.000    0.000    0.000    0.000    0.000
119       0.000    0.000    0.000    0.000    0.000    0.000    0.000    0.000
120       0.000    0.000    0.000    0.000    0.000    0.000    0.000    0.000
121       0.000    0.000    0.000    0.000    0.000    0.000    0.000    0.000
122       0.000    0.000    0.000    0.000    0.000    0.000    0.000    0.000
123       0.000    0.000    0.000    0.000    0.000    0.000    0.000    0.000
124       0.000    0.000    0.000    0.000    0.000    0.000    0.000    0.000
125       0.000    0.000    0.000    0.000    0.000    0.000    0.000    0.000
126       0.000    0.000    0.000    0.000    0.000    0.000    0.000    0.000
127       0.000    0.000    0.000    0.000    0.000    0.000    0.000    0.000
128       0.000    0.000    0.000    0.000    0.000    0.000    0.000    0.000
129       0.000    0.000    0.000    0.000    0.000    0.000    0.000    0.000
130       0.000    0.000    0.000    0.000    0.000    0.000    0.000    0.000
131       0.000    0.000    0.000    0.000    0.000    0.000    0.000    0.000
132       0.000    0.000    0.000    0.000    0.000    0.000    0.000    0.000
133       0.000    0.000    0.000    0.000    0.000    0.000    0.000    0.000
134       0.000    0.000    0.000    0.000    0.000    0.000    0.000    0.000
135       0.000    0.000    0.000    0.000    0.000    0.000    0.000    0.000
136       0.000    0.000    0.000    0.000    0.000    0.000    0.000    0.000
137       0.000    0.000    0.000    0.000    0.000    0.000    0.000    0.000
138       0.000    0.000    0.000    0.000    0.000    0.000    0.000    0.000
139       0.000    0.000    0.000    0.000    0.000    0.000    0.000    0.000
140       0.000    0.000    0.000    0.000    0.000    0.000    0.000    0.000
141       0.000    0.000    0.000    0.000    0.000    0.000    0.000    0.000
142       0.000    0.000    0.000    0.000    0.000    0.000    0.000    0.000
143       0.000    0.000    0.000    0.000    0.000    0.000    0.000    0.000
144       0.000    0.000    0.000    0.000    0.000    0.000    0.000    0.000
145       0.000    0.000    0.000    0.000    0.000    0.000    0.000    0.000
146       0.000    0.000    0.000    0.000    0.000    0.000    0.000    0.000
147       0.000    0.000    0.000    0.000    0.000    0.000    0.000    0.000
148       0.000    0.000    0.000    0.000    0.000    0.000    0.000    0.000
149       0.000    0.000    0.000    0.000    0.000    0.000    0.000    0.000
150       0.000    0.000    0.000    0.000    0.000    0.000    0.000    0.000
Sum     199.667  143.600   50.800   66.800   51.800    0.000    1.000    0.000
mW        4.560    5.267    6.552    6.235    6.664    0.000   10.574    0.000
mL       83.081   87.888   94.880   93.242   95.431    0.000  112.000    0.000
pA        0.025    0.018    0.006    0.008    0.007    0.000    0.000    0.000
tot.mW 2212.582 2212.582 2212.582 2212.582 2212.582 2212.582 2212.582 2212.582
tot.mL   63.536   63.536   63.536   63.536   63.536   63.536   63.536   63.536
          Matad      Sum
1         0.000    0.000
2         0.000    0.000
3         0.000    0.000
4         0.000    0.000
5         0.000    0.000
6         0.000    0.000
7         0.000    0.000
8         0.000    0.000
9         0.000    0.000
10        0.000    0.000
11        0.000    0.000
12        0.000    0.000
13        0.000    0.000
14        0.000    0.000
15        0.000    0.000
16        0.000    0.000
17        0.000    0.000
18        0.000    0.000
19        0.000    0.000
20        0.000    0.000
21        0.000    0.000
22        0.000    0.000
23        0.000    0.000
24        0.000    0.000
25        0.000    0.000
26        0.000    0.000
27        0.000    0.000
28        0.000    0.000
29        0.000    0.000
30        0.000    0.000
31        0.000    0.000
32        0.000    0.000
33        0.000    0.000
34        0.000    0.000
35        0.000    0.000
36        0.000    0.000
37        0.000    0.000
38        0.000    0.000
39        0.000    0.000
40        4.000    0.000
41       13.000    0.000
42       16.000    0.000
43       47.000    0.000
44       55.000   55.000
45       73.000    0.000
46       87.000    0.000
47       84.000    0.000
48       97.000   97.000
49      101.000  101.000
50      139.000  139.000
51      176.000  176.000
52      195.000  195.000
53      249.000  249.000
54      288.000  288.000
55      303.000  303.000
56      329.000  329.000
57      359.000  359.000
58      379.000  379.000
59      342.000  342.000
60      417.000  417.000
61      424.000  424.000
62      378.000  378.000
63      358.000  358.000
64      347.000  347.000
65      336.000  336.000
66      256.000  256.000
67      255.000  255.000
68      224.000  224.000
69      206.000  206.000
70      200.000  200.000
71      169.000  169.000
72      144.000  144.000
73      140.000  140.000
74       99.000   99.000
75       94.000   94.000
76       85.000   85.000
77       62.000   62.000
78       48.000   48.000
79       41.000   41.000
80       52.000   52.000
81       50.000   50.000
82       44.000   44.000
83       49.000   49.000
84       40.000    0.000
85       41.000   41.000
86       34.000   34.000
87       52.000   52.000
88       38.000   38.000
89       38.000   38.000
90       53.000   53.000
91       44.000   44.000
92       50.000    0.000
93       42.000   42.000
94       34.000    0.000
95       48.000   48.000
96       26.000   26.000
97       27.000   27.000
98        9.000    0.000
99        9.000    0.000
100      10.000    0.000
101       3.000    0.000
102       3.000    0.000
103       6.000    0.000
104       2.000    0.000
105       4.000    0.000
106       2.000    0.000
107       1.000    0.000
108       0.000    0.000
109       0.000    0.000
110       1.000    0.000
111       0.000    0.000
112       1.000    1.000
113       0.000    0.000
114       0.000    0.000
115       0.000    0.000
116       1.000    0.000
117       0.000    0.000
118       0.000    0.000
119       0.000    0.000
120       0.000    0.000
121       0.000    0.000
122       0.000    0.000
123       0.000    0.000
124       0.000    0.000
125       0.000    0.000
126       0.000    0.000
127       0.000    0.000
128       0.000    0.000
129       0.000    0.000
130       0.000    0.000
131       0.000    0.000
132       0.000    0.000
133       0.000    0.000
134       0.000    0.000
135       0.000    0.000
136       0.000    0.000
137       0.000    0.000
138       0.000    0.000
139       0.000    0.000
140       0.000    0.000
141       0.000    0.000
142       0.000    0.000
143       0.000    0.000
144       0.000    0.000
145       0.000    0.000
146       0.000    0.000
147       0.000    0.000
148       0.000    0.000
149       0.000    0.000
150       0.000    0.000
Sum    8433.000 7934.000
mW        0.000    0.000
mL        0.000    0.000
pA        0.000    0.000
tot.mW 2212.582 2212.582
tot.mL   63.536   63.536

$ALD.j
              0        1        2        3        4        5        6        7
1         0.000    0.000    0.000    0.000    0.000    0.000    0.000    0.000
2         0.000    0.000    0.000    0.000    0.000    0.000    0.000    0.000
3         0.000    0.000    0.000    0.000    0.000    0.000    0.000    0.000
4         0.000    0.000    0.000    0.000    0.000    0.000    0.000    0.000
5         0.000    0.000    0.000    0.000    0.000    0.000    0.000    0.000
6         0.000    0.000    0.000    0.000    0.000    0.000    0.000    0.000
7         0.000    0.000    0.000    0.000    0.000    0.000    0.000    0.000
8         0.000    0.000    0.000    0.000    0.000    0.000    0.000    0.000
9         0.000    0.000    0.000    0.000    0.000    0.000    0.000    0.000
10        0.000    0.000    0.000    0.000    0.000    0.000    0.000    0.000
11        0.000    0.000    0.000    0.000    0.000    0.000    0.000    0.000
12        0.000    0.000    0.000    0.000    0.000    0.000    0.000    0.000
13        0.000    0.000    0.000    0.000    0.000    0.000    0.000    0.000
14        0.000    0.000    0.000    0.000    0.000    0.000    0.000    0.000
15        0.000    0.000    0.000    0.000    0.000    0.000    0.000    0.000
16        0.000    0.000    0.000    0.000    0.000    0.000    0.000    0.000
17        0.000    0.000    0.000    0.000    0.000    0.000    0.000    0.000
18        0.000    0.000    0.000    0.000    0.000    0.000    0.000    0.000
19        0.000    0.000    0.000    0.000    0.000    0.000    0.000    0.000
20        0.000    0.000    0.000    0.000    0.000    0.000    0.000    0.000
21        0.000    0.000    0.000    0.000    0.000    0.000    0.000    0.000
22        0.000    0.000    0.000    0.000    0.000    0.000    0.000    0.000
23        0.000    0.000    0.000    0.000    0.000    0.000    0.000    0.000
24        0.000    0.000    0.000    0.000    0.000    0.000    0.000    0.000
25        0.000    0.000    0.000    0.000    0.000    0.000    0.000    0.000
26        0.000    0.000    0.000    0.000    0.000    0.000    0.000    0.000
27        0.000    0.000    0.000    0.000    0.000    0.000    0.000    0.000
28        0.000    0.000    0.000    0.000    0.000    0.000    0.000    0.000
29        0.000    0.000    0.000    0.000    0.000    0.000    0.000    0.000
30        0.000    0.000    0.000    0.000    0.000    0.000    0.000    0.000
31        0.000    0.000    0.000    0.000    0.000    0.000    0.000    0.000
32        0.000    0.000    0.000    0.000    0.000    0.000    0.000    0.000
33        0.000    0.000    0.000    0.000    0.000    0.000    0.000    0.000
34        0.000    0.000    0.000    0.000    0.000    0.000    0.000    0.000
35        0.000    0.000    0.000    0.000    0.000    0.000    0.000    0.000
36        0.000    0.000    0.000    0.000    0.000    0.000    0.000    0.000
37        0.000    0.000    0.000    0.000    0.000    0.000    0.000    0.000
38        0.000    0.000    0.000    0.000    0.000    0.000    0.000    0.000
39        0.000    0.000    0.000    0.000    0.000    0.000    0.000    0.000
40        0.000    0.000    0.000    0.841    2.777    0.090    0.259    0.015
41        0.000    0.000    0.000    3.065    8.896    0.332    0.637    0.039
42        0.000    0.000    0.000    4.100   10.758    0.467    0.612    0.038
43        0.000    0.000    0.000   12.744   31.072    1.586    1.455    0.095
44        0.000    0.000    0.000   15.398   35.865    2.167    1.434    0.098
45        0.000    0.000    0.000   20.617   47.160    3.398    1.670    0.119
46        0.000    0.000    0.000   24.225   55.943    4.845    1.818    0.136
47        0.000    0.000    0.000   22.525   53.986    5.662    1.669    0.132
48        0.000    0.000    0.000   24.435   62.479    7.996    1.906    0.159
49        0.000    0.000    0.000   23.261   65.234   10.266    2.035    0.179
50        0.000    0.000    0.000   28.403   89.805   17.511    2.971    0.278
51        0.000    0.000    0.000   30.851  113.061   27.526    4.111    0.409
52        0.000    0.000    0.000   28.237  123.296   37.766    5.110    0.543
53        0.000    0.000    0.000   28.558  152.735   59.311    7.481    0.851
54        0.000    0.000    0.000   24.974  168.185   83.433   10.092    1.232
55        0.000    0.000    0.000   18.890  164.660  105.151   12.550    1.649
56        0.000    0.000    0.000   13.973  162.073  134.252   16.266    2.307
57        0.000    0.000    0.000    9.817  155.757  168.638   21.342    3.277
58        0.000    0.000    0.000    6.294  140.439  200.269   27.238    4.539
59        0.000    0.000    0.000    3.250  104.836  198.412   29.839    5.412
60        0.000    0.000    0.000    2.135  102.344  259.037   44.318    8.774
61        0.000    0.000    0.000    1.100   80.577  274.835   55.039   11.927
62        0.000    0.000    0.000    0.467   53.735  248.879   60.023   14.278
63        0.000    0.000    0.000    0.198   36.702  232.600   69.510   18.200
64        0.000    0.000    0.000    0.080   24.653  215.425   82.073   23.721
65        0.000    0.000    0.000    0.030   15.820  192.064   95.980   30.707
66        0.000    0.000    0.000    0.008    7.590  129.018   87.012   30.901
67        0.000    0.000    0.000    0.003    4.493  107.729  100.884   39.882
68        0.000    0.000    0.000    0.001    2.198   74.929  100.245   44.238
69        0.000    0.000    0.000    0.000    1.051   51.301  100.885   49.837
70        0.000    0.000    0.000    0.000    0.494   34.818  103.551   57.424
71        0.000    0.000    0.000    0.000    0.189   19.348   89.536   55.895
72        0.000    0.000    0.000    0.000    0.068   10.240   75.866   53.464
73        0.000    0.000    0.000    0.000    0.026    5.869   71.624   57.140
74        0.000    0.000    0.000    0.000    0.007    2.332   48.235   43.685
75        0.000    0.000    0.000    0.000    0.002    1.190   42.914   44.245
76        0.000    0.000    0.000    0.000    0.001    0.554   35.840   42.185
77        0.000    0.000    0.000    0.000    0.000    0.199   23.813   32.088
78        0.000    0.000    0.000    0.000    0.000    0.073   16.555   25.610
79        0.000    0.000    0.000    0.000    0.000    0.028   12.499   22.260
80        0.000    0.000    0.000    0.000    0.000    0.015   13.762   28.297
81        0.000    0.000    0.000    0.000    0.000    0.006   11.249   26.778
82        0.000    0.000    0.000    0.000    0.000    0.002    8.202   22.668
83        0.000    0.000    0.000    0.000    0.000    0.001    7.289   23.453
84        0.000    0.000    0.000    0.000    0.000    0.000    4.379   16.451
85        0.000    0.000    0.000    0.000    0.000    0.000    2.735   12.027
86        0.000    0.000    0.000    0.000    0.000    0.000    1.062    5.485
87        0.000    0.000    0.000    0.000    0.000    0.000    0.672    4.087
88        0.000    0.000    0.000    0.000    0.000    0.000    0.219    1.573
89        0.000    0.000    0.000    0.000    0.000    0.000    0.115    0.977
90        0.000    0.000    0.000    0.000    0.000    0.000    0.096    0.968
91        0.000    0.000    0.000    0.000    0.000    0.000    0.048    0.573
92        0.000    0.000    0.000    0.000    0.000    0.000    0.029    0.410
93        0.000    0.000    0.000    0.000    0.000    0.000    0.012    0.199
94        0.000    0.000    0.000    0.000    0.000    0.000    0.005    0.096
95        0.000    0.000    0.000    0.000    0.000    0.000    0.004    0.088
96        0.000    0.000    0.000    0.000    0.000    0.000    0.001    0.034
97        0.000    0.000    0.000    0.000    0.000    0.000    0.001    0.027
98        0.000    0.000    0.000    0.000    0.000    0.000    0.000    0.007
99        0.000    0.000    0.000    0.000    0.000    0.000    0.000    0.006
100       0.000    0.000    0.000    0.000    0.000    0.000    0.000    0.005
101       0.000    0.000    0.000    0.000    0.000    0.000    0.000    0.001
102       0.000    0.000    0.000    0.000    0.000    0.000    0.000    0.001
103       0.000    0.000    0.000    0.000    0.000    0.000    0.000    0.002
104       0.000    0.000    0.000    0.000    0.000    0.000    0.000    0.000
105       0.000    0.000    0.000    0.000    0.000    0.000    0.000    0.000
106       0.000    0.000    0.000    0.000    0.000    0.000    0.000    0.000
107       0.000    0.000    0.000    0.000    0.000    0.000    0.000    0.000
108       0.000    0.000    0.000    0.000    0.000    0.000    0.000    0.000
109       0.000    0.000    0.000    0.000    0.000    0.000    0.000    0.000
110       0.000    0.000    0.000    0.000    0.000    0.000    0.000    0.000
111       0.000    0.000    0.000    0.000    0.000    0.000    0.000    0.000
112       0.000    0.000    0.000    0.000    0.000    0.000    0.000    0.000
113       0.000    0.000    0.000    0.000    0.000    0.000    0.000    0.000
114       0.000    0.000    0.000    0.000    0.000    0.000    0.000    0.000
115       0.000    0.000    0.000    0.000    0.000    0.000    0.000    0.000
116       0.000    0.000    0.000    0.000    0.000    0.000    0.000    0.000
117       0.000    0.000    0.000    0.000    0.000    0.000    0.000    0.000
118       0.000    0.000    0.000    0.000    0.000    0.000    0.000    0.000
119       0.000    0.000    0.000    0.000    0.000    0.000    0.000    0.000
120       0.000    0.000    0.000    0.000    0.000    0.000    0.000    0.000
121       0.000    0.000    0.000    0.000    0.000    0.000    0.000    0.000
122       0.000    0.000    0.000    0.000    0.000    0.000    0.000    0.000
123       0.000    0.000    0.000    0.000    0.000    0.000    0.000    0.000
124       0.000    0.000    0.000    0.000    0.000    0.000    0.000    0.000
125       0.000    0.000    0.000    0.000    0.000    0.000    0.000    0.000
126       0.000    0.000    0.000    0.000    0.000    0.000    0.000    0.000
127       0.000    0.000    0.000    0.000    0.000    0.000    0.000    0.000
128       0.000    0.000    0.000    0.000    0.000    0.000    0.000    0.000
129       0.000    0.000    0.000    0.000    0.000    0.000    0.000    0.000
130       0.000    0.000    0.000    0.000    0.000    0.000    0.000    0.000
131       0.000    0.000    0.000    0.000    0.000    0.000    0.000    0.000
132       0.000    0.000    0.000    0.000    0.000    0.000    0.000    0.000
133       0.000    0.000    0.000    0.000    0.000    0.000    0.000    0.000
134       0.000    0.000    0.000    0.000    0.000    0.000    0.000    0.000
135       0.000    0.000    0.000    0.000    0.000    0.000    0.000    0.000
136       0.000    0.000    0.000    0.000    0.000    0.000    0.000    0.000
137       0.000    0.000    0.000    0.000    0.000    0.000    0.000    0.000
138       0.000    0.000    0.000    0.000    0.000    0.000    0.000    0.000
139       0.000    0.000    0.000    0.000    0.000    0.000    0.000    0.000
140       0.000    0.000    0.000    0.000    0.000    0.000    0.000    0.000
141       0.000    0.000    0.000    0.000    0.000    0.000    0.000    0.000
142       0.000    0.000    0.000    0.000    0.000    0.000    0.000    0.000
143       0.000    0.000    0.000    0.000    0.000    0.000    0.000    0.000
144       0.000    0.000    0.000    0.000    0.000    0.000    0.000    0.000
145       0.000    0.000    0.000    0.000    0.000    0.000    0.000    0.000
146       0.000    0.000    0.000    0.000    0.000    0.000    0.000    0.000
147       0.000    0.000    0.000    0.000    0.000    0.000    0.000    0.000
148       0.000    0.000    0.000    0.000    0.000    0.000    0.000    0.000
149       0.000    0.000    0.000    0.000    0.000    0.000    0.000    0.000
150       0.000    0.000    0.000    0.000    0.000    0.000    0.000    0.000
Sum       0.000    0.000    0.000  348.482 2078.968 2929.570 1516.775  872.188
mW        0.000    0.000    0.000    1.067    1.346    1.852    2.511    3.070
mL        0.000    0.000    0.000   50.110   54.276   60.840   67.451   72.376
pA        0.000    0.000    0.000    0.041    0.247    0.347    0.180    0.103
tot.mW 2242.896 2242.896 2242.896 2242.896 2242.896 2242.896 2242.896 2242.896
tot.mL   63.446   63.446   63.446   63.446   63.446   63.446   63.446   63.446
              8        9       10       11       12       13       14       15
1         0.000    0.000    0.000    0.000    0.000    0.000    0.000    0.000
2         0.000    0.000    0.000    0.000    0.000    0.000    0.000    0.000
3         0.000    0.000    0.000    0.000    0.000    0.000    0.000    0.000
4         0.000    0.000    0.000    0.000    0.000    0.000    0.000    0.000
5         0.000    0.000    0.000    0.000    0.000    0.000    0.000    0.000
6         0.000    0.000    0.000    0.000    0.000    0.000    0.000    0.000
7         0.000    0.000    0.000    0.000    0.000    0.000    0.000    0.000
8         0.000    0.000    0.000    0.000    0.000    0.000    0.000    0.000
9         0.000    0.000    0.000    0.000    0.000    0.000    0.000    0.000
10        0.000    0.000    0.000    0.000    0.000    0.000    0.000    0.000
11        0.000    0.000    0.000    0.000    0.000    0.000    0.000    0.000
12        0.000    0.000    0.000    0.000    0.000    0.000    0.000    0.000
13        0.000    0.000    0.000    0.000    0.000    0.000    0.000    0.000
14        0.000    0.000    0.000    0.000    0.000    0.000    0.000    0.000
15        0.000    0.000    0.000    0.000    0.000    0.000    0.000    0.000
16        0.000    0.000    0.000    0.000    0.000    0.000    0.000    0.000
17        0.000    0.000    0.000    0.000    0.000    0.000    0.000    0.000
18        0.000    0.000    0.000    0.000    0.000    0.000    0.000    0.000
19        0.000    0.000    0.000    0.000    0.000    0.000    0.000    0.000
20        0.000    0.000    0.000    0.000    0.000    0.000    0.000    0.000
21        0.000    0.000    0.000    0.000    0.000    0.000    0.000    0.000
22        0.000    0.000    0.000    0.000    0.000    0.000    0.000    0.000
23        0.000    0.000    0.000    0.000    0.000    0.000    0.000    0.000
24        0.000    0.000    0.000    0.000    0.000    0.000    0.000    0.000
25        0.000    0.000    0.000    0.000    0.000    0.000    0.000    0.000
26        0.000    0.000    0.000    0.000    0.000    0.000    0.000    0.000
27        0.000    0.000    0.000    0.000    0.000    0.000    0.000    0.000
28        0.000    0.000    0.000    0.000    0.000    0.000    0.000    0.000
29        0.000    0.000    0.000    0.000    0.000    0.000    0.000    0.000
30        0.000    0.000    0.000    0.000    0.000    0.000    0.000    0.000
31        0.000    0.000    0.000    0.000    0.000    0.000    0.000    0.000
32        0.000    0.000    0.000    0.000    0.000    0.000    0.000    0.000
33        0.000    0.000    0.000    0.000    0.000    0.000    0.000    0.000
34        0.000    0.000    0.000    0.000    0.000    0.000    0.000    0.000
35        0.000    0.000    0.000    0.000    0.000    0.000    0.000    0.000
36        0.000    0.000    0.000    0.000    0.000    0.000    0.000    0.000
37        0.000    0.000    0.000    0.000    0.000    0.000    0.000    0.000
38        0.000    0.000    0.000    0.000    0.000    0.000    0.000    0.000
39        0.000    0.000    0.000    0.000    0.000    0.000    0.000    0.000
40        0.017    0.000    0.000    0.000    0.000    0.000    0.000    0.000
41        0.032    0.000    0.000    0.000    0.000    0.000    0.000    0.000
42        0.025    0.000    0.000    0.000    0.000    0.000    0.000    0.000
43        0.047    0.000    0.000    0.000    0.000    0.000    0.000    0.000
44        0.038    0.000    0.000    0.000    0.000    0.000    0.000    0.000
45        0.036    0.000    0.000    0.000    0.000    0.000    0.000    0.000
46        0.033    0.000    0.000    0.000    0.000    0.000    0.000    0.000
47        0.026    0.000    0.000    0.000    0.000    0.000    0.000    0.000
48        0.026    0.000    0.000    0.000    0.000    0.000    0.000    0.000
49        0.025    0.000    0.000    0.000    0.000    0.000    0.000    0.000
50        0.032    0.000    0.000    0.000    0.000    0.000    0.000    0.000
51        0.041    0.000    0.000    0.000    0.000    0.000    0.000    0.000
52        0.047    0.000    0.000    0.000    0.000    0.000    0.000    0.000
53        0.064    0.000    0.000    0.000    0.000    0.000    0.000    0.000
54        0.083    0.000    0.000    0.000    0.000    0.000    0.000    0.000
55        0.100    0.000    0.000    0.000    0.000    0.000    0.000    0.000
56        0.129    0.000    0.000    0.000    0.000    0.000    0.000    0.000
57        0.169    0.000    0.000    0.000    0.000    0.000    0.000    0.000
58        0.221    0.000    0.000    0.000    0.000    0.000    0.000    0.000
59        0.250    0.000    0.000    0.000    0.000    0.000    0.000    0.000
60        0.392    0.000    0.000    0.000    0.000    0.000    0.000    0.000
61        0.521    0.000    0.000    0.000    0.000    0.000    0.000    0.000
62        0.618    0.000    0.000    0.000    0.000    0.000    0.000    0.000
63        0.791    0.000    0.000    0.000    0.000    0.000    0.000    0.000
64        1.048    0.000    0.000    0.000    0.000    0.000    0.000    0.000
65        1.399    0.000    0.000    0.000    0.000    0.000    0.000    0.000
66        1.470    0.000    0.000    0.000    0.000    0.000    0.000    0.000
67        2.009    0.000    0.000    0.000    0.000    0.000    0.000    0.000
68        2.390    0.000    0.000    0.000    0.000    0.000    0.000    0.000
69        2.926    0.000    0.000    0.000    0.000    0.000    0.000    0.000
70        3.713    0.000    0.000    0.000    0.000    0.000    0.000    0.000
71        4.033    0.000    0.000    0.000    0.000    0.000    0.000    0.000
72        4.362    0.000    0.000    0.000    0.000    0.000    0.000    0.000
73        5.341    0.000    0.000    0.000    0.000    0.000    0.000    0.000
74        4.741    0.000    0.000    0.000    0.000    0.000    0.000    0.000
75        5.649    0.000    0.000    0.000    0.000    0.000    0.000    0.000
76        6.420    0.000    0.000    0.000    0.000    0.000    0.000    0.000
77        5.899    0.000    0.000    0.000    0.000    0.000    0.000    0.000
78        5.763    0.000    0.000    0.000    0.000    0.000    0.000    0.000
79        6.212    0.000    0.000    0.000    0.000    0.000    0.000    0.000
80        9.925    0.000    0.000    0.000    0.000    0.000    0.000    0.000
81       11.960    0.006    0.000    0.000    0.001    0.000    0.000    0.000
82       13.065    0.060    0.000    0.000    0.003    0.000    0.000    0.000
83       17.674    0.564    0.003    0.000    0.016    0.000    0.000    0.000
84       16.426    2.681    0.013    0.001    0.048    0.000    0.000    0.000
85       16.123    9.911    0.054    0.008    0.142    0.000    0.000    0.000
86       10.004   17.052    0.120    0.034    0.243    0.000    0.000    0.000
87       10.275   35.764    0.388    0.189    0.624    0.000    0.000    0.000
88        5.523   28.904    0.578    0.439    0.763    0.000    0.000    0.000
89        4.854   28.119    1.233    1.316    1.387    0.000    0.000    0.000
90        6.897   32.571    3.733    5.028    3.708    0.000    0.000    0.000
91        5.934   16.819    6.006    9.165    5.455    0.000    0.000    0.000
92        6.256    7.836   10.388   16.138    8.943    0.000    0.000    0.000
93        4.534    1.848   10.839   15.401    9.166    0.000    0.000    0.000
94        3.310    0.323    9.994   11.668    8.604    0.000    0.000    0.000
95        4.657    0.080   15.585   13.431   14.155    0.000    0.000    0.000
96        2.777    0.006    9.039    5.166    8.976    0.000    0.000    0.000
97        3.437    0.001    9.544    3.250   10.740    0.000    0.000    0.000
98        1.449    0.000    3.013    0.549    3.982    0.000    0.000    0.000
99        1.921    0.000    2.624    0.230    4.220    0.000    0.000    0.000
100       2.928    0.000    2.304    0.087    4.675    0.000    0.000    0.000
101       1.219    0.000    0.485    0.007    1.287    0.000    0.000    0.000
102       1.655    0.000    0.292    0.001    1.050    0.000    0.000    0.000
103       4.237    0.000    0.291    0.000    1.470    0.000    0.000    0.000
104       1.672    0.000    0.039    0.000    0.288    0.000    0.000    0.000
105       3.686    0.000    0.026    0.000    0.287    0.000    0.000    0.000
106       1.934    0.000    0.004    0.000    0.062    0.000    0.000    0.000
107       0.988    0.000    0.000    0.000    0.012    0.000    0.000    0.000
108       0.000    0.000    0.000    0.000    0.000    0.000    0.000    0.000
109       0.000    0.000    0.000    0.000    0.000    0.000    0.000    0.000
110       1.000    0.000    0.000    0.000    0.000    0.000    0.000    0.000
111       0.000    0.000    0.000    0.000    0.000    0.000    0.000    0.000
112       0.001    0.000    0.000    0.000    0.000    0.000    0.999    0.000
113       0.000    0.000    0.000    0.000    0.000    0.000    0.000    0.000
114       0.000    0.000    0.000    0.000    0.000    0.000    0.000    0.000
115       0.000    0.000    0.000    0.000    0.000    0.000    0.000    0.000
116       1.000    0.000    0.000    0.000    0.000    0.000    0.000    0.000
117       0.000    0.000    0.000    0.000    0.000    0.000    0.000    0.000
118       0.000    0.000    0.000    0.000    0.000    0.000    0.000    0.000
119       0.000    0.000    0.000    0.000    0.000    0.000    0.000    0.000
120       0.000    0.000    0.000    0.000    0.000    0.000    0.000    0.000
121       0.000    0.000    0.000    0.000    0.000    0.000    0.000    0.000
122       0.000    0.000    0.000    0.000    0.000    0.000    0.000    0.000
123       0.000    0.000    0.000    0.000    0.000    0.000    0.000    0.000
124       0.000    0.000    0.000    0.000    0.000    0.000    0.000    0.000
125       0.000    0.000    0.000    0.000    0.000    0.000    0.000    0.000
126       0.000    0.000    0.000    0.000    0.000    0.000    0.000    0.000
127       0.000    0.000    0.000    0.000    0.000    0.000    0.000    0.000
128       0.000    0.000    0.000    0.000    0.000    0.000    0.000    0.000
129       0.000    0.000    0.000    0.000    0.000    0.000    0.000    0.000
130       0.000    0.000    0.000    0.000    0.000    0.000    0.000    0.000
131       0.000    0.000    0.000    0.000    0.000    0.000    0.000    0.000
132       0.000    0.000    0.000    0.000    0.000    0.000    0.000    0.000
133       0.000    0.000    0.000    0.000    0.000    0.000    0.000    0.000
134       0.000    0.000    0.000    0.000    0.000    0.000    0.000    0.000
135       0.000    0.000    0.000    0.000    0.000    0.000    0.000    0.000
136       0.000    0.000    0.000    0.000    0.000    0.000    0.000    0.000
137       0.000    0.000    0.000    0.000    0.000    0.000    0.000    0.000
138       0.000    0.000    0.000    0.000    0.000    0.000    0.000    0.000
139       0.000    0.000    0.000    0.000    0.000    0.000    0.000    0.000
140       0.000    0.000    0.000    0.000    0.000    0.000    0.000    0.000
141       0.000    0.000    0.000    0.000    0.000    0.000    0.000    0.000
142       0.000    0.000    0.000    0.000    0.000    0.000    0.000    0.000
143       0.000    0.000    0.000    0.000    0.000    0.000    0.000    0.000
144       0.000    0.000    0.000    0.000    0.000    0.000    0.000    0.000
145       0.000    0.000    0.000    0.000    0.000    0.000    0.000    0.000
146       0.000    0.000    0.000    0.000    0.000    0.000    0.000    0.000
147       0.000    0.000    0.000    0.000    0.000    0.000    0.000    0.000
148       0.000    0.000    0.000    0.000    0.000    0.000    0.000    0.000
149       0.000    0.000    0.000    0.000    0.000    0.000    0.000    0.000
150       0.000    0.000    0.000    0.000    0.000    0.000    0.000    0.000
Sum     244.459  182.546   86.598   82.108   90.308    0.000    0.999    0.000
mW        4.813    5.357    6.472    6.230    6.601    0.000   10.574    0.000
mL       83.930   88.394   94.367   93.141   95.037    0.000      NaN    0.000
pA        0.029    0.022    0.010    0.010    0.011    0.000    0.000    0.000
tot.mW 2242.896 2242.896 2242.896 2242.896 2242.896 2242.896 2242.896 2242.896
tot.mL   63.446   63.446   63.446   63.446   63.446   63.446   63.446   63.446
          Matad      Sum
1         0.000    0.000
2         0.000    0.000
3         0.000    0.000
4         0.000    0.000
5         0.000    0.000
6         0.000    0.000
7         0.000    0.000
8         0.000    0.000
9         0.000    0.000
10        0.000    0.000
11        0.000    0.000
12        0.000    0.000
13        0.000    0.000
14        0.000    0.000
15        0.000    0.000
16        0.000    0.000
17        0.000    0.000
18        0.000    0.000
19        0.000    0.000
20        0.000    0.000
21        0.000    0.000
22        0.000    0.000
23        0.000    0.000
24        0.000    0.000
25        0.000    0.000
26        0.000    0.000
27        0.000    0.000
28        0.000    0.000
29        0.000    0.000
30        0.000    0.000
31        0.000    0.000
32        0.000    0.000
33        0.000    0.000
34        0.000    0.000
35        0.000    0.000
36        0.000    0.000
37        0.000    0.000
38        0.000    0.000
39        0.000    0.000
40        4.000    4.000
41       13.000   13.000
42       16.000   16.000
43       47.000   47.000
44       55.000   55.000
45       73.000   73.000
46       87.000   87.000
47       84.000   84.000
48       97.000   97.000
49      101.000  101.000
50      139.000  139.000
51      176.000  176.000
52      195.000  195.000
53      249.000  249.000
54      288.000  288.000
55      303.000  303.000
56      329.000  329.000
57      359.000  359.000
58      379.000  379.000
59      342.000  342.000
60      417.000  417.000
61      424.000  424.000
62      378.000  378.000
63      358.000  358.000
64      347.000  347.000
65      336.000  336.000
66      256.000  256.000
67      255.000  255.000
68      224.000  224.000
69      206.000  206.000
70      200.000  200.000
71      169.000  169.000
72      144.000  144.000
73      140.000  140.000
74       99.000   99.000
75       94.000   94.000
76       85.000   85.000
77       62.000   62.000
78       48.000   48.000
79       41.000   41.000
80       52.000   52.000
81       50.000   50.000
82       44.000   44.000
83       49.000   49.000
84       40.000   40.000
85       41.000   41.000
86       34.000   34.000
87       52.000   52.000
88       38.000   38.000
89       38.000   38.000
90       53.000   53.000
91       44.000   44.000
92       50.000   50.000
93       42.000   42.000
94       34.000   34.000
95       48.000   48.000
96       26.000   26.000
97       27.000   27.000
98        9.000    9.000
99        9.000    9.000
100      10.000   10.000
101       3.000    3.000
102       3.000    3.000
103       6.000    6.000
104       2.000    2.000
105       4.000    4.000
106       2.000    2.000
107       1.000    1.000
108       0.000    0.000
109       0.000    0.000
110       1.000    1.000
111       0.000    0.000
112       1.000    1.000
113       0.000    0.000
114       0.000    0.000
115       0.000    0.000
116       1.000    1.000
117       0.000    0.000
118       0.000    0.000
119       0.000    0.000
120       0.000    0.000
121       0.000    0.000
122       0.000    0.000
123       0.000    0.000
124       0.000    0.000
125       0.000    0.000
126       0.000    0.000
127       0.000    0.000
128       0.000    0.000
129       0.000    0.000
130       0.000    0.000
131       0.000    0.000
132       0.000    0.000
133       0.000    0.000
134       0.000    0.000
135       0.000    0.000
136       0.000    0.000
137       0.000    0.000
138       0.000    0.000
139       0.000    0.000
140       0.000    0.000
141       0.000    0.000
142       0.000    0.000
143       0.000    0.000
144       0.000    0.000
145       0.000    0.000
146       0.000    0.000
147       0.000    0.000
148       0.000    0.000
149       0.000    0.000
150       0.000    0.000
Sum    8433.000 8433.000
mW        0.000    0.000
mL        0.000    0.000
pA        0.000    0.000
tot.mW 2242.896 2242.896
tot.mL   63.446   63.446


 .... [TRUNCATED] 
>>>>>>>>>>>>>>>>>>>>>>>>>>>>>>>>>>>>>>>>>>>>>>>>>>>>>>>>>>>>>> 
 > Dato                :  Mon Dec  1 13:16:13 2014 
 > Slag                :  UP 
 > Ár                  :  2014 
 > Tiŵarskeiŵ          :  FEB-DEC 
 > Skipabólk/-ar       :  18 19 
 > Skipabólk/-ar (lán) :  0 
 > ICES-øki            :  VB1 
 <<<<<<<<<<<<<<<<<<<<<<<<<<<<<<<<<<<<<<<<<<<<<<<<<<<<<<<<<<<<<< 

$URSLITID
   aldur tal_matad tal_fiskad midal_longd midal_vekt roknad_veida
0      0         0          0        0.00      0.000            0
1      1         0          0        0.00      0.000            0
2      2         0          0        0.00      0.000            0
3      3       268          0       50.96      1.117            0
4      4      1851          0       55.33      1.414            0
5      5      2938          0       60.99      1.865            0
6      6      1493          0       67.78      2.546            0
7      7       871          0       71.62      2.969            0
8      8       200          0       83.08      4.560            0
9      9       144          0       87.89      5.267            0
10    10        51          0       94.88      6.552            0
11    11        67          0       93.24      6.235            0
12    12        52          0       95.43      6.664            0
13    13         0          0        0.00      0.000            0
14    14         1          0      112.00     10.574            0
15    15         0          0        0.00      0.000            0
17   Sum      7936          0       63.54      2.213            0

$URSLITID.j
   aldur tal_matad tal_fiskad midal_longd midal_vekt roknad_veida
0      0         0          0        0.00      0.000            0
1      1         0          0        0.00      0.000            0
2      2         0          0        0.00      0.000            0
3      3       348          0       50.11      1.067            0
4      4      2079          0       54.28      1.346            0
5      5      2930          0       60.84      1.852            0
6      6      1517          0       67.45      2.511            0
7      7       872          0       72.38      3.070            0
8      8       244          0       83.93      4.813            0
9      9       183          0       88.39      5.357            0
10    10        87          0       94.37      6.472            0
11    11        82          0       93.14      6.230            0
12    12        90          0       95.04      6.601            0
13    13         0          0        0.00      0.000            0
14    14         1          0        0.00     10.574            0
15    15         0          0        0.00      0.000            0
17   Sum      8433          0       63.45      2.243            0


 .... [TRUNCATED] 
