
 .... [TRUNCATED] 
<<<<<<<<<<<<<<<<<<<<<<<<<<<<<<<<<<<<<<<<<<<<<<<<<<<<<<<<<<<<<<<<<<<<<<<< 
 > Dato                                      :  Thu Dec 11 13:36:59 2014 
 > Slag                                      :  TO 
 > Ár                                        :  2014 
 > Skipabólk/-ar                             :  20 21 
 > Byrjanar og enda mánaŵ fyri ALK/ALD       :  JAN-DEC 
 > Skipabólk/-ar, sum longdir eru lántar frá :  0 
 > Skipabólk/-ar, sum vektir eru lántar frá  :  0 
 > Skipabólk/-ar, sum aldrar eru lántar frá  :  0 
 > ICES-øki                                  :  VB1 
 <<<<<<<<<<<<<<<<<<<<<<<<<<<<<<<<<<<<<<<<<<<<<<<<<<<<<<<<<<<<<<<<<<<<<<<<
 .... [TRUNCATED] 
>>>>>>>>>>>>>>>>>>>>>>>>>>>>>>>>>>>>> 
> Alpha	 = 0.0121549
> Beta	 = 2.938414
> R^2	 = 0.9721621
> N	 = 1396
> Veida (kg.)	  = 88888
> Rundveida (kg.) = 98665.68
<<<<<<<<<<<<<<<<<<<<<<<<<<<<<<<<<<<<<
 .... [TRUNCATED] 
>>>>>>>>>>>>>> 	 ALK-lykil 	 <<<<<<<<<<<<
 .... [TRUNCATED] 
$ALK
    longd 0 1 2 3 4 5 6 7 8 9 10 11 12 13 14 15 Sum Matad
1       1 0 0 0 0 0 0 0 0 0 0  0  0  0  0  0  0   0     0
2       2 0 0 0 0 0 0 0 0 0 0  0  0  0  0  0  0   0     0
3       3 0 0 0 0 0 0 0 0 0 0  0  0  0  0  0  0   0     0
4       4 0 0 0 0 0 0 0 0 0 0  0  0  0  0  0  0   0     0
5       5 0 0 0 0 0 0 0 0 0 0  0  0  0  0  0  0   0     0
6       6 0 0 0 0 0 0 0 0 0 0  0  0  0  0  0  0   0     0
7       7 0 0 0 0 0 0 0 0 0 0  0  0  0  0  0  0   0     5
8       8 0 0 0 0 0 0 0 0 0 0  0  0  0  0  0  0   0     0
9       9 0 0 0 0 0 0 0 0 0 0  0  0  0  0  0  0   0     7
10     10 0 0 0 0 0 0 0 0 0 0  0  0  0  0  0  0   0     5
11     11 0 0 0 0 0 0 0 0 0 0  0  0  0  0  0  0   0     0
12     12 0 0 0 0 0 0 0 0 0 0  0  0  0  0  0  0   0     0
13     13 0 0 0 0 0 0 0 0 0 0  0  0  0  0  0  0   0     0
14     14 0 0 0 0 0 0 0 0 0 0  0  0  0  0  0  0   0     0
15     15 0 0 0 0 0 0 0 0 0 0  0  0  0  0  0  0   0     0
16     16 0 0 0 0 0 0 0 0 0 0  0  0  0  0  0  0   0     0
17     17 0 0 0 0 0 0 0 0 0 0  0  0  0  0  0  0   0     0
18     18 0 0 0 0 0 0 0 0 0 0  0  0  0  0  0  0   0     0
19     19 0 0 0 0 0 0 0 0 0 0  0  0  0  0  0  0   0     0
20     20 0 0 0 0 0 0 0 0 0 0  0  0  0  0  0  0   0     0
21     21 0 0 0 0 0 0 0 0 0 0  0  0  0  0  0  0   0     0
22     22 0 0 0 0 0 0 0 0 0 0  0  0  0  0  0  0   0     0
23     23 0 0 0 0 0 0 0 0 0 0  0  0  0  0  0  0   0     0
24     24 0 0 0 0 0 0 0 0 0 0  0  0  0  0  0  0   0     0
25     25 0 0 0 0 0 0 0 0 0 0  0  0  0  0  0  0   0     0
26     26 0 0 0 0 0 0 0 0 0 0  0  0  0  0  0  0   0     0
27     27 0 0 0 0 0 0 0 0 0 0  0  0  0  0  0  0   0     0
28     28 0 0 0 0 0 0 0 0 0 0  0  0  0  0  0  0   0     0
29     29 0 0 0 0 0 0 0 0 0 0  0  0  0  0  0  0   0     0
30     30 0 0 0 0 0 0 0 0 0 0  0  0  0  0  0  0   0     0
31     31 0 0 0 0 0 0 0 0 0 0  0  0  0  0  0  0   0     0
32     32 0 0 0 0 0 0 0 0 0 0  0  0  0  0  0  0   0     0
33     33 0 0 0 0 0 0 0 0 0 0  0  0  0  0  0  0   0     0
34     34 0 0 0 0 0 0 0 0 0 0  0  0  0  0  0  0   0     0
35     35 0 0 0 0 0 0 0 0 0 0  0  0  0  0  0  0   0     0
36     36 0 0 0 0 0 0 0 0 0 0  0  0  0  0  0  0   0     0
37     37 0 0 0 0 0 0 0 0 0 0  0  0  0  0  0  0   0     0
38     38 0 0 0 0 0 0 0 0 0 0  0  0  0  0  0  0   0     1
39     39 0 0 0 0 0 0 0 0 0 0  0  0  0  0  0  0   0     1
40     40 0 0 1 0 0 0 0 0 0 0  0  0  0  0  0  0   1     5
41     41 0 0 1 0 0 0 0 0 0 0  0  0  0  0  0  0   1     5
42     42 0 0 0 0 0 0 0 0 0 0  0  0  0  0  0  0   0     9
43     43 0 0 0 1 0 0 0 0 0 0  0  0  0  0  0  0   1    11
44     44 0 0 0 1 0 0 0 0 0 0  0  0  0  0  0  0   1    10
45     45 0 0 2 0 0 0 0 0 0 0  0  0  0  0  0  0   2     7
46     46 0 0 3 0 0 0 0 0 0 0  0  0  0  0  0  0   3    13
47     47 0 0 1 1 0 0 0 0 0 0  0  0  0  0  0  0   2    18
48     48 0 0 3 3 0 0 0 0 0 0  0  0  0  0  0  0   6    21
49     49 0 0 1 0 0 1 0 0 0 0  0  0  0  0  0  0   2    19
50     50 0 0 0 3 0 0 0 0 0 0  0  0  0  0  0  0   3    21
51     51 0 0 1 2 1 0 0 0 0 0  0  0  0  0  0  0   4    24
52     52 0 0 0 4 1 0 0 0 0 0  0  0  0  0  0  0   5    17
53     53 0 0 0 3 0 0 0 0 0 0  0  0  0  0  0  0   3    19
54     54 0 0 0 2 0 1 0 0 0 0  0  0  0  0  0  0   3    19
55     55 0 0 0 2 0 0 0 0 0 0  0  0  0  0  0  0   2    15
56     56 0 0 0 1 1 0 0 0 0 0  0  0  0  0  0  0   2    25
57     57 0 0 0 0 1 0 0 0 0 0  0  0  0  0  0  0   1    32
58     58 0 0 0 1 2 0 0 0 0 0  0  0  0  0  0  0   3    40
59     59 0 0 0 1 0 0 0 0 0 0  0  0  0  0  0  0   1    37
60     60 0 0 0 0 3 1 0 0 0 0  0  0  0  0  0  0   4    28
61     61 0 0 0 0 0 3 0 0 0 0  0  0  0  0  0  0   3    35
62     62 0 0 0 0 3 2 0 0 0 0  0  0  0  0  0  0   5    43
63     63 0 0 0 0 1 0 0 0 0 0  0  0  0  0  0  0   1    35
64     64 0 0 0 1 0 0 0 0 0 0  0  0  0  0  0  0   1    33
65     65 0 0 0 1 2 1 0 0 0 0  0  0  0  0  0  0   4    48
66     66 0 0 0 1 1 5 0 0 0 0  0  0  0  0  0  0   7    41
67     67 0 0 0 2 1 2 0 0 0 0  0  0  0  0  0  0   5    49
68     68 0 0 0 0 3 2 1 0 0 0  0  0  0  0  0  0   6    44
69     69 0 0 0 0 2 4 1 0 0 0  0  0  0  0  0  0   7    52
70     70 0 0 0 0 0 1 1 0 0 0  0  0  0  0  0  0   2    48
71     71 0 0 0 0 1 2 1 0 0 0  0  0  0  0  0  0   4    50
72     72 0 0 0 0 1 4 3 0 0 0  0  0  0  0  0  0   8    49
73     73 0 0 0 0 3 1 1 0 0 0  0  0  0  0  0  0   5    41
74     74 0 0 0 0 0 2 1 0 0 0  0  0  0  0  0  0   3    55
75     75 0 0 0 0 0 2 2 0 0 0  0  0  0  0  0  0   4    51
76     76 0 0 0 0 2 4 1 0 0 0  0  0  0  0  0  0   7    49
77     77 0 0 0 0 1 3 5 0 0 0  0  0  0  0  0  0   9    55
78     78 0 0 0 0 0 6 2 0 0 0  0  0  0  0  0  0   8    64
79     79 0 0 0 0 0 2 2 0 0 0  0  0  0  0  0  0   4    53
80     80 0 0 0 0 0 2 1 0 0 0  0  0  0  0  0  0   3    36
81     81 0 0 0 0 0 0 1 1 0 0  0  0  0  0  0  0   2    35
82     82 0 0 0 0 0 3 2 0 0 0  0  0  0  0  0  0   5    32
83     83 0 0 0 0 0 2 1 0 0 0  0  0  0  0  0  0   3    28
84     84 0 0 0 0 0 0 2 0 0 0  0  0  0  0  0  0   2    23
85     85 0 0 0 0 0 0 4 0 0 0  0  0  0  0  0  0   4    22
86     86 0 0 0 0 0 2 1 1 0 0  0  0  0  0  0  0   4    19
87     87 0 0 0 0 0 0 1 0 0 0  0  0  0  0  0  0   1    15
88     88 0 0 0 0 0 0 3 0 0 0  0  0  0  0  0  0   3    13
89     89 0 0 0 0 0 1 1 0 0 1  0  0  0  0  0  0   3    13
90     90 0 0 0 0 0 0 0 1 0 0  0  0  0  0  0  0   1     8
91     91 0 0 0 0 0 0 0 0 0 0  0  0  0  0  0  0   0    11
92     92 0 0 0 0 0 0 0 0 0 0  0  0  0  0  0  0   0     7
93     93 0 0 0 0 0 0 1 1 0 0  0  0  0  0  0  0   2     3
94     94 0 0 0 0 0 0 1 0 0 0  0  0  0  0  0  0   1     4
95     95 0 0 0 0 0 0 0 0 0 0  0  0  0  0  0  0   0     0
96     96 0 0 0 0 0 0 0 0 0 0  0  0  0  0  0  0   0     1
97     97 0 0 0 0 0 0 0 0 0 0  0  0  0  0  0  0   0     2
98     98 0 0 0 0 0 0 0 0 0 0  0  0  0  0  0  0   0     2
99     99 0 0 0 0 0 0 0 0 0 0  0  0  0  0  0  0   0     1
100   100 0 0 0 0 0 0 0 0 0 0  1  0  0  0  0  0   1     1
101   101 0 0 0 0 0 0 0 0 0 0  0  0  0  0  0  0   0     0
102   102 0 0 0 0 0 0 0 0 0 1  0  0  0  0  0  0   1     3
103   103 0 0 0 0 0 0 0 0 0 0  0  0  0  0  0  0   0     1
104   104 0 0 0 0 0 0 0 0 0 0  0  0  0  0  0  0   0     0
105   105 0 0 0 0 0 0 0 0 0 0  0  0  0  0  0  0   0     3
106   106 0 0 0 0 0 0 0 0 0 0  0  0  0  0  0  0   0     0
107   107 0 0 0 0 0 0 0 0 0 0  0  0  0  0  0  0   0     0
108   108 0 0 0 0 0 0 0 0 0 0  0  0  0  0  0  0   0     0
109   109 0 0 0 0 0 0 0 0 0 0  0  0  0  0  0  0   0     0
110   110 0 0 0 0 0 0 0 0 0 0  0  0  0  0  0  0   0     0
111   111 0 0 0 0 0 0 0 0 0 0  0  0  0  0  0  0   0     1
112   112 0 0 0 0 0 0 0 0 0 0  0  0  0  0  0  0   0     0
113   113 0 0 0 0 0 0 0 0 0 0  0  0  0  0  0  0   0     0
114   114 0 0 0 0 0 0 0 0 0 0  0  0  0  0  0  0   0     1
115   115 0 0 0 0 0 0 0 0 1 0  0  0  0  0  0  0   1     1
116   116 0 0 0 0 0 0 0 0 0 0  0  0  0  0  0  0   0     0
117   117 0 0 0 0 0 0 0 0 0 0  0  0  0  0  0  0   0     1
118   118 0 0 0 0 0 0 0 0 0 0  0  0  0  0  0  0   0     0
119   119 0 0 0 0 0 0 0 0 0 0  0  0  0  0  0  0   0     0
120   120 0 0 0 0 0 0 0 0 0 0  0  0  0  0  0  0   0     0
121   121 0 0 0 0 0 0 0 0 0 0  0  0  0  0  0  0   0     0
122   122 0 0 0 0 0 0 0 0 0 0  0  0  0  0  0  0   0     0
123   123 0 0 0 0 0 0 0 0 0 0  0  0  0  0  0  0   0     0
124   124 0 0 0 0 0 0 0 0 0 0  0  0  0  0  0  0   0     0
125   125 0 0 0 0 0 0 0 0 0 0  0  0  0  0  0  0   0     0
126   126 0 0 0 0 0 0 0 0 0 0  0  0  0  0  0  0   0     0
127   127 0 0 0 0 0 0 0 0 0 0  0  0  0  0  0  0   0     0
128   128 0 0 0 0 0 0 0 0 0 0  0  0  0  0  0  0   0     0
129   129 0 0 0 0 0 0 0 0 0 0  0  0  0  0  0  0   0     0
130   130 0 0 0 0 0 0 0 0 0 0  0  0  0  0  0  0   0     0
131   131 0 0 0 0 0 0 0 0 0 0  0  0  0  0  0  0   0     0
132   132 0 0 0 0 0 0 0 0 0 0  0  0  0  0  0  0   0     0
133   133 0 0 0 0 0 0 0 0 0 0  0  0  0  0  0  0   0     0
134   134 0 0 0 0 0 0 0 0 0 0  0  0  0  0  0  0   0     0
135   135 0 0 0 0 0 0 0 0 0 0  0  0  0  0  0  0   0     0
136   136 0 0 0 0 0 0 0 0 0 0  0  0  0  0  0  0   0     0
137   137 0 0 0 0 0 0 0 0 0 0  0  0  0  0  0  0   0     0
138   138 0 0 0 0 0 0 0 0 0 0  0  0  0  0  0  0   0     0
139   139 0 0 0 0 0 0 0 0 0 0  0  0  0  0  0  0   0     0
140   140 0 0 0 0 0 0 0 0 0 0  0  0  0  0  0  0   0     0
141   141 0 0 0 0 0 0 0 0 0 0  0  0  0  0  0  0   0     0
142   142 0 0 0 0 0 0 0 0 0 0  0  0  0  0  0  0   0     0
143   143 0 0 0 0 0 0 0 0 0 0  0  0  0  0  0  0   0     0
144   144 0 0 0 0 0 0 0 0 0 0  0  0  0  0  0  0   0     0
145   145 0 0 0 0 0 0 0 0 0 0  0  0  0  0  0  0   0     0
146   146 0 0 0 0 0 0 0 0 0 0  0  0  0  0  0  0   0     0
147   147 0 0 0 0 0 0 0 0 0 0  0  0  0  0  0  0   0     0
148   148 0 0 0 0 0 0 0 0 0 0  0  0  0  0  0  0   0     0
149   149 0 0 0 0 0 0 0 0 0 0  0  0  0  0  0  0   0     0
150   150 0 0 0 0 0 0 0 0 0 0  0  0  0  0  0  0   0     0

$ALK.j
    longd 0 1     2     3     4     5     6     7 8     9 10 11 12 13 14 15   Sum Matad
1       1 0 0 0.000 0.000 0.000 0.000 0.000 0.000 0 0.000  0  0  0  0  0  0 0.000     0
2       2 0 0 0.000 0.000 0.000 0.000 0.000 0.000 0 0.000  0  0  0  0  0  0 0.000     0
3       3 0 0 0.000 0.000 0.000 0.000 0.000 0.000 0 0.000  0  0  0  0  0  0 0.000     0
4       4 0 0 0.000 0.000 0.000 0.000 0.000 0.000 0 0.000  0  0  0  0  0  0 0.000     0
5       5 0 0 0.000 0.000 0.000 0.000 0.000 0.000 0 0.000  0  0  0  0  0  0 0.000     0
6       6 0 0 0.000 0.000 0.000 0.000 0.000 0.000 0 0.000  0  0  0  0  0  0 0.000     0
7       7 0 0 0.000 0.000 0.000 0.000 0.000 0.000 0 0.000  0  0  0  0  0  0 0.000     5
8       8 0 0 0.000 0.000 0.000 0.000 0.000 0.000 0 0.000  0  0  0  0  0  0 0.000     0
9       9 0 0 0.000 0.000 0.000 0.000 0.000 0.000 0 0.000  0  0  0  0  0  0 0.000     7
10     10 0 0 0.000 0.000 0.000 0.000 0.000 0.000 0 0.000  0  0  0  0  0  0 0.000     5
11     11 0 0 0.000 0.000 0.000 0.000 0.000 0.000 0 0.000  0  0  0  0  0  0 0.000     0
12     12 0 0 0.000 0.000 0.000 0.000 0.000 0.000 0 0.000  0  0  0  0  0  0 0.000     0
13     13 0 0 0.000 0.000 0.000 0.000 0.000 0.000 0 0.000  0  0  0  0  0  0 0.000     0
14     14 0 0 0.000 0.000 0.000 0.000 0.000 0.000 0 0.000  0  0  0  0  0  0 0.000     0
15     15 0 0 0.000 0.000 0.000 0.000 0.000 0.000 0 0.000  0  0  0  0  0  0 0.000     0
16     16 0 0 0.000 0.000 0.000 0.000 0.000 0.000 0 0.000  0  0  0  0  0  0 0.000     0
17     17 0 0 0.000 0.000 0.000 0.000 0.000 0.000 0 0.000  0  0  0  0  0  0 0.000     0
18     18 0 0 0.000 0.000 0.000 0.000 0.000 0.000 0 0.000  0  0  0  0  0  0 0.000     0
19     19 0 0 0.000 0.000 0.000 0.000 0.000 0.000 0 0.000  0  0  0  0  0  0 0.000     0
20     20 0 0 0.000 0.000 0.000 0.000 0.000 0.000 0 0.000  0  0  0  0  0  0 0.000     0
21     21 0 0 0.000 0.000 0.000 0.000 0.000 0.000 0 0.000  0  0  0  0  0  0 0.000     0
22     22 0 0 0.000 0.000 0.000 0.000 0.000 0.000 0 0.000  0  0  0  0  0  0 0.000     0
23     23 0 0 0.000 0.000 0.000 0.000 0.000 0.000 0 0.000  0  0  0  0  0  0 0.000     0
24     24 0 0 0.000 0.000 0.000 0.000 0.000 0.000 0 0.000  0  0  0  0  0  0 0.000     0
25     25 0 0 0.000 0.000 0.000 0.000 0.000 0.000 0 0.000  0  0  0  0  0  0 0.000     0
26     26 0 0 0.000 0.000 0.000 0.000 0.000 0.000 0 0.000  0  0  0  0  0  0 0.000     0
27     27 0 0 0.000 0.000 0.000 0.000 0.000 0.000 0 0.000  0  0  0  0  0  0 0.000     0
28     28 0 0 0.000 0.001 0.000 0.000 0.000 0.000 0 0.000  0  0  0  0  0  0 0.001     0
29     29 0 0 0.000 0.001 0.000 0.000 0.000 0.000 0 0.000  0  0  0  0  0  0 0.001     0
30     30 0 0 0.000 0.002 0.000 0.000 0.000 0.000 0 0.000  0  0  0  0  0  0 0.002     0
31     31 0 0 0.000 0.004 0.000 0.000 0.000 0.000 0 0.000  0  0  0  0  0  0 0.004     0
32     32 0 0 0.000 0.006 0.000 0.000 0.000 0.000 0 0.000  0  0  0  0  0  0 0.006     0
33     33 0 0 0.000 0.010 0.000 0.000 0.000 0.000 0 0.000  0  0  0  0  0  0 0.010     0
34     34 0 0 0.001 0.016 0.000 0.000 0.000 0.000 0 0.000  0  0  0  0  0  0 0.017     0
35     35 0 0 0.002 0.026 0.000 0.000 0.000 0.000 0 0.000  0  0  0  0  0  0 0.028     0
36     36 0 0 0.006 0.040 0.000 0.000 0.000 0.000 0 0.000  0  0  0  0  0  0 0.047     0
37     37 0 0 0.018 0.061 0.001 0.000 0.000 0.000 0 0.000  0  0  0  0  0  0 0.079     0
38     38 0 0 0.045 0.090 0.001 0.000 0.000 0.000 0 0.000  0  0  0  0  0  0 0.137     1
39     39 0 0 0.104 0.130 0.002 0.000 0.000 0.000 0 0.000  0  0  0  0  0  0 0.237     1
40     40 0 0 0.216 0.184 0.003 0.001 0.000 0.000 0 0.000  0  0  0  0  0  0 0.403     5
41     41 0 0 0.401 0.253 0.005 0.001 0.000 0.000 0 0.000  0  0  0  0  0  0 0.660     5
42     42 0 0 0.668 0.340 0.007 0.002 0.000 0.000 0 0.000  0  0  0  0  0  0 1.017     9
43     43 0 0 0.996 0.447 0.012 0.003 0.000 0.000 0 0.000  0  0  0  0  0  0 1.458    11
44     44 0 0 1.331 0.573 0.018 0.005 0.000 0.000 0 0.000  0  0  0  0  0  0 1.928    10
45     45 0 0 1.595 0.718 0.027 0.008 0.000 0.000 0 0.000  0  0  0  0  0  0 2.349     7
46     46 0 0 1.713 0.878 0.041 0.013 0.000 0.000 0 0.000  0  0  0  0  0  0 2.644    13
47     47 0 0 1.649 1.047 0.060 0.019 0.000 0.000 0 0.000  0  0  0  0  0  0 2.775    18
48     48 0 0 1.424 1.221 0.085 0.028 0.000 0.000 0 0.000  0  0  0  0  0  0 2.757    21
49     49 0 0 1.101 1.389 0.119 0.040 0.000 0.000 0 0.000  0  0  0  0  0  0 2.650    19
50     50 0 0 0.764 1.543 0.164 0.058 0.000 0.000 0 0.000  0  0  0  0  0  0 2.529    21
51     51 0 0 0.475 1.674 0.221 0.081 0.000 0.000 0 0.000  0  0  0  0  0  0 2.451    24
52     52 0 0 0.265 1.773 0.291 0.113 0.000 0.000 0 0.000  0  0  0  0  0  0 2.441    17
53     53 0 0 0.132 1.833 0.376 0.154 0.001 0.000 0 0.000  0  0  0  0  0  0 2.496    19
54     54 0 0 0.059 1.851 0.477 0.207 0.001 0.000 0 0.000  0  0  0  0  0  0 2.594    19
55     55 0 0 0.024 1.824 0.592 0.273 0.002 0.000 0 0.000  0  0  0  0  0  0 2.715    15
56     56 0 0 0.009 1.756 0.720 0.356 0.004 0.000 0 0.000  0  0  0  0  0  0 2.844    25
57     57 0 0 0.003 1.650 0.858 0.456 0.006 0.000 0 0.000  0  0  0  0  0  0 2.973    32
58     58 0 0 0.001 1.514 1.003 0.576 0.010 0.000 0 0.000  0  0  0  0  0  0 3.104    40
59     59 0 0 0.000 1.356 1.149 0.716 0.017 0.000 0 0.000  0  0  0  0  0  0 3.237    37
60     60 0 0 0.000 1.186 1.289 0.875 0.027 0.000 0 0.000  0  0  0  0  0  0 3.378    28
61     61 0 0 0.000 1.013 1.418 1.055 0.042 0.000 0 0.000  0  0  0  0  0  0 3.528    35
62     62 0 0 0.000 0.845 1.529 1.251 0.064 0.000 0 0.000  0  0  0  0  0  0 3.688    43
63     63 0 0 0.000 0.688 1.616 1.461 0.095 0.000 0 0.000  0  0  0  0  0  0 3.859    35
64     64 0 0 0.000 0.547 1.673 1.679 0.137 0.000 0 0.000  0  0  0  0  0  0 4.036    33
65     65 0 0 0.000 0.424 1.698 1.901 0.195 0.000 0 0.000  0  0  0  0  0  0 4.218    48
66     66 0 0 0.000 0.321 1.689 2.119 0.270 0.000 0 0.001  0  0  0  0  0  0 4.399    41
67     67 0 0 0.000 0.238 1.646 2.325 0.366 0.000 0 0.001  0  0  0  0  0  0 4.576    49
68     68 0 0 0.000 0.172 1.573 2.512 0.485 0.000 0 0.001  0  0  0  0  0  0 4.742    44
69     69 0 0 0.000 0.121 1.473 2.672 0.628 0.001 0 0.001  0  0  0  0  0  0 4.895    52
70     70 0 0 0.000 0.083 1.351 2.798 0.794 0.001 0 0.002  0  0  0  0  0  0 5.030    48
71     71 0 0 0.000 0.056 1.215 2.886 0.983 0.002 0 0.002  0  0  0  0  0  0 5.144    50
72     72 0 0 0.000 0.037 1.071 2.930 1.189 0.004 0 0.003  0  0  0  0  0  0 5.234    49
73     73 0 0 0.000 0.024 0.925 2.929 1.406 0.006 0 0.004  0  0  0  0  0  0 5.294    41
74     74 0 0 0.000 0.015 0.783 2.882 1.625 0.011 0 0.006  0  0  0  0  0  0 5.322    55
75     75 0 0 0.000 0.009 0.650 2.793 1.836 0.017 0 0.007  0  0  0  0  0  0 5.312    51
76     76 0 0 0.000 0.005 0.528 2.665 2.028 0.027 0 0.009  0  0  0  0  0  0 5.262    49
77     77 0 0 0.000 0.003 0.421 2.503 2.190 0.040 0 0.011  0  0  0  0  0  0 5.168    55
78     78 0 0 0.000 0.002 0.329 2.315 2.311 0.058 0 0.014  0  0  0  0  0  0 5.029    64
79     79 0 0 0.000 0.001 0.252 2.108 2.385 0.081 0 0.017  0  0  0  0  0  0 4.843    53
80     80 0 0 0.000 0.001 0.189 1.890 2.405 0.108 0 0.021  0  0  0  0  0  0 4.613    36
81     81 0 0 0.000 0.000 0.139 1.668 2.371 0.140 0 0.025  0  0  0  0  0  0 4.344    35
82     82 0 0 0.000 0.000 0.100 1.450 2.285 0.175 0 0.030  0  0  0  0  0  0 4.040    32
83     83 0 0 0.000 0.000 0.071 1.240 2.153 0.211 0 0.034  0  0  0  0  0  0 3.710    28
84     84 0 0 0.000 0.000 0.049 1.045 1.983 0.245 0 0.040  0  0  0  0  0  0 3.361    23
85     85 0 0 0.000 0.000 0.033 0.867 1.785 0.274 0 0.045  0  0  0  0  0  0 3.004    22
86     86 0 0 0.000 0.000 0.022 0.708 1.571 0.295 0 0.051  0  0  0  0  0  0 2.646    19
87     87 0 0 0.000 0.000 0.014 0.569 1.351 0.306 0 0.057  0  0  0  0  0  0 2.297    15
88     88 0 0 0.000 0.000 0.009 0.451 1.136 0.306 0 0.062  0  0  0  0  0  0 1.964    13
89     89 0 0 0.000 0.000 0.006 0.351 0.934 0.295 0 0.068  0  0  0  0  0  0 1.653    13
90     90 0 0 0.000 0.000 0.004 0.270 0.751 0.274 0 0.073  0  0  0  0  0  0 1.370     8
91     91 0 0 0.000 0.000 0.002 0.204 0.590 0.245 0 0.077  0  0  0  0  0  0 1.117    11
92     92 0 0 0.000 0.000 0.001 0.152 0.453 0.211 0 0.081  0  0  0  0  0  0 0.897     7
93     93 0 0 0.000 0.000 0.001 0.111 0.340 0.175 0 0.084  0  0  0  0  0  0 0.711     3
94     94 0 0 0.000 0.000 0.000 0.080 0.249 0.140 0 0.086  0  0  0  0  0  0 0.556     4
95     95 0 0 0.000 0.000 0.000 0.057 0.179 0.108 0 0.087  0  0  0  0  0  0 0.431     0
96     96 0 0 0.000 0.000 0.000 0.040 0.125 0.081 0 0.087  0  0  0  0  0  0 0.332     1
97     97 0 0 0.000 0.000 0.000 0.027 0.086 0.058 0 0.086  0  0  0  0  0  0 0.257     2
98     98 0 0 0.000 0.000 0.000 0.019 0.058 0.040 0 0.084  0  0  0  0  0  0 0.200     2
99     99 0 0 0.000 0.000 0.000 0.012 0.038 0.027 0 0.081  0  0  0  0  0  0 0.157     1
100   100 0 0 0.000 0.000 0.000 0.008 0.024 0.017 0 0.077  1  0  0  0  0  0 1.126     1
101   101 0 0 0.000 0.000 0.000 0.005 0.015 0.011 0 0.073  0  0  0  0  0  0 0.103     0
102   102 0 0 0.000 0.000 0.000 0.003 0.009 0.006 0 0.068  0  0  0  0  0  0 0.086     3
103   103 0 0 0.000 0.000 0.000 0.002 0.006 0.004 0 0.062  0  0  0  0  0  0 0.073     1
104   104 0 0 0.000 0.000 0.000 0.001 0.003 0.002 0 0.057  0  0  0  0  0  0 0.063     0
105   105 0 0 0.000 0.000 0.000 0.001 0.002 0.001 0 0.051  0  0  0  0  0  0 0.055     3
106   106 0 0 0.000 0.000 0.000 0.000 0.001 0.001 0 0.045  0  0  0  0  0  0 0.047     0
107   107 0 0 0.000 0.000 0.000 0.000 0.001 0.000 0 0.040  0  0  0  0  0  0 0.041     0
108   108 0 0 0.000 0.000 0.000 0.000 0.000 0.000 0 0.034  0  0  0  0  0  0 0.035     0
109   109 0 0 0.000 0.000 0.000 0.000 0.000 0.000 0 0.030  0  0  0  0  0  0 0.030     0
110   110 0 0 0.000 0.000 0.000 0.000 0.000 0.000 0 0.025  0  0  0  0  0  0 0.025     0
111   111 0 0 0.000 0.000 0.000 0.000 0.000 0.000 0 0.021  0  0  0  0  0  0 0.021     1
112   112 0 0 0.000 0.000 0.000 0.000 0.000 0.000 0 0.017  0  0  0  0  0  0 0.017     0
113   113 0 0 0.000 0.000 0.000 0.000 0.000 0.000 0 0.014  0  0  0  0  0  0 0.014     0
114   114 0 0 0.000 0.000 0.000 0.000 0.000 0.000 0 0.011  0  0  0  0  0  0 0.011     1
115   115 0 0 0.000 0.000 0.000 0.000 0.000 0.000 1 0.009  0  0  0  0  0  0 1.009     1
116   116 0 0 0.000 0.000 0.000 0.000 0.000 0.000 0 0.007  0  0  0  0  0  0 0.007     0
117   117 0 0 0.000 0.000 0.000 0.000 0.000 0.000 0 0.006  0  0  0  0  0  0 0.006     1
118   118 0 0 0.000 0.000 0.000 0.000 0.000 0.000 0 0.004  0  0  0  0  0  0 0.004     0
119   119 0 0 0.000 0.000 0.000 0.000 0.000 0.000 0 0.003  0  0  0  0  0  0 0.003     0
120   120 0 0 0.000 0.000 0.000 0.000 0.000 0.000 0 0.002  0  0  0  0  0  0 0.002     0
121   121 0 0 0.000 0.000 0.000 0.000 0.000 0.000 0 0.002  0  0  0  0  0  0 0.002     0
122   122 0 0 0.000 0.000 0.000 0.000 0.000 0.000 0 0.001  0  0  0  0  0  0 0.001     0
123   123 0 0 0.000 0.000 0.000 0.000 0.000 0.000 0 0.001  0  0  0  0  0  0 0.001     0
124   124 0 0 0.000 0.000 0.000 0.000 0.000 0.000 0 0.001  0  0  0  0  0  0 0.001     0
125   125 0 0 0.000 0.000 0.000 0.000 0.000 0.000 0 0.001  0  0  0  0  0  0 0.001     0
126   126 0 0 0.000 0.000 0.000 0.000 0.000 0.000 0 0.000  0  0  0  0  0  0 0.000     0
127   127 0 0 0.000 0.000 0.000 0.000 0.000 0.000 0 0.000  0  0  0  0  0  0 0.000     0
128   128 0 0 0.000 0.000 0.000 0.000 0.000 0.000 0 0.000  0  0  0  0  0  0 0.000     0
129   129 0 0 0.000 0.000 0.000 0.000 0.000 0.000 0 0.000  0  0  0  0  0  0 0.000     0
130   130 0 0 0.000 0.000 0.000 0.000 0.000 0.000 0 0.000  0  0  0  0  0  0 0.000     0
131   131 0 0 0.000 0.000 0.000 0.000 0.000 0.000 0 0.000  0  0  0  0  0  0 0.000     0
132   132 0 0 0.000 0.000 0.000 0.000 0.000 0.000 0 0.000  0  0  0  0  0  0 0.000     0
133   133 0 0 0.000 0.000 0.000 0.000 0.000 0.000 0 0.000  0  0  0  0  0  0 0.000     0
134   134 0 0 0.000 0.000 0.000 0.000 0.000 0.000 0 0.000  0  0  0  0  0  0 0.000     0
135   135 0 0 0.000 0.000 0.000 0.000 0.000 0.000 0 0.000  0  0  0  0  0  0 0.000     0
136   136 0 0 0.000 0.000 0.000 0.000 0.000 0.000 0 0.000  0  0  0  0  0  0 0.000     0
137   137 0 0 0.000 0.000 0.000 0.000 0.000 0.000 0 0.000  0  0  0  0  0  0 0.000     0
138   138 0 0 0.000 0.000 0.000 0.000 0.000 0.000 0 0.000  0  0  0  0  0  0 0.000     0
139   139 0 0 0.000 0.000 0.000 0.000 0.000 0.000 0 0.000  0  0  0  0  0  0 0.000     0
140   140 0 0 0.000 0.000 0.000 0.000 0.000 0.000 0 0.000  0  0  0  0  0  0 0.000     0
141   141 0 0 0.000 0.000 0.000 0.000 0.000 0.000 0 0.000  0  0  0  0  0  0 0.000     0
142   142 0 0 0.000 0.000 0.000 0.000 0.000 0.000 0 0.000  0  0  0  0  0  0 0.000     0
143   143 0 0 0.000 0.000 0.000 0.000 0.000 0.000 0 0.000  0  0  0  0  0  0 0.000     0
144   144 0 0 0.000 0.000 0.000 0.000 0.000 0.000 0 0.000  0  0  0  0  0  0 0.000     0
145   145 0 0 0.000 0.000 0.000 0.000 0.000 0.000 0 0.000  0  0  0  0  0  0 0.000     0
146   146 0 0 0.000 0.000 0.000 0.000 0.000 0.000 0 0.000  0  0  0  0  0  0 0.000     0
147   147 0 0 0.000 0.000 0.000 0.000 0.000 0.000 0 0.000  0  0  0  0  0  0 0.000     0
148   148 0 0 0.000 0.000 0.000 0.000 0.000 0.000 0 0.000  0  0  0  0  0  0 0.000     0
149   149 0 0 0.000 0.000 0.000 0.000 0.000 0.000 0 0.000  0  0  0  0  0  0 0.000     0
150   150 0 0 0.000 0.000 0.000 0.000 0.000 0.000 0 0.000  0  0  0  0  0  0 0.000     0


 .... [TRUNCATED] 
>>>>>>>>>>>>>> 	 ALD-lykil 	 <<<<<<<<<<<<
 .... [TRUNCATED] 
$ALD
              0        1        2        3        4        5        6        7        8        9       10       11       12       13       14       15
1         0.000    0.000    0.000    0.000    0.000    0.000    0.000    0.000    0.000    0.000    0.000    0.000    0.000    0.000    0.000    0.000
2         0.000    0.000    0.000    0.000    0.000    0.000    0.000    0.000    0.000    0.000    0.000    0.000    0.000    0.000    0.000    0.000
3         0.000    0.000    0.000    0.000    0.000    0.000    0.000    0.000    0.000    0.000    0.000    0.000    0.000    0.000    0.000    0.000
4         0.000    0.000    0.000    0.000    0.000    0.000    0.000    0.000    0.000    0.000    0.000    0.000    0.000    0.000    0.000    0.000
5         0.000    0.000    0.000    0.000    0.000    0.000    0.000    0.000    0.000    0.000    0.000    0.000    0.000    0.000    0.000    0.000
6         0.000    0.000    0.000    0.000    0.000    0.000    0.000    0.000    0.000    0.000    0.000    0.000    0.000    0.000    0.000    0.000
7         0.000    0.000    0.000    0.000    0.000    0.000    0.000    0.000    0.000    0.000    0.000    0.000    0.000    0.000    0.000    0.000
8         0.000    0.000    0.000    0.000    0.000    0.000    0.000    0.000    0.000    0.000    0.000    0.000    0.000    0.000    0.000    0.000
9         0.000    0.000    0.000    0.000    0.000    0.000    0.000    0.000    0.000    0.000    0.000    0.000    0.000    0.000    0.000    0.000
10        0.000    0.000    0.000    0.000    0.000    0.000    0.000    0.000    0.000    0.000    0.000    0.000    0.000    0.000    0.000    0.000
11        0.000    0.000    0.000    0.000    0.000    0.000    0.000    0.000    0.000    0.000    0.000    0.000    0.000    0.000    0.000    0.000
12        0.000    0.000    0.000    0.000    0.000    0.000    0.000    0.000    0.000    0.000    0.000    0.000    0.000    0.000    0.000    0.000
13        0.000    0.000    0.000    0.000    0.000    0.000    0.000    0.000    0.000    0.000    0.000    0.000    0.000    0.000    0.000    0.000
14        0.000    0.000    0.000    0.000    0.000    0.000    0.000    0.000    0.000    0.000    0.000    0.000    0.000    0.000    0.000    0.000
15        0.000    0.000    0.000    0.000    0.000    0.000    0.000    0.000    0.000    0.000    0.000    0.000    0.000    0.000    0.000    0.000
16        0.000    0.000    0.000    0.000    0.000    0.000    0.000    0.000    0.000    0.000    0.000    0.000    0.000    0.000    0.000    0.000
17        0.000    0.000    0.000    0.000    0.000    0.000    0.000    0.000    0.000    0.000    0.000    0.000    0.000    0.000    0.000    0.000
18        0.000    0.000    0.000    0.000    0.000    0.000    0.000    0.000    0.000    0.000    0.000    0.000    0.000    0.000    0.000    0.000
19        0.000    0.000    0.000    0.000    0.000    0.000    0.000    0.000    0.000    0.000    0.000    0.000    0.000    0.000    0.000    0.000
20        0.000    0.000    0.000    0.000    0.000    0.000    0.000    0.000    0.000    0.000    0.000    0.000    0.000    0.000    0.000    0.000
21        0.000    0.000    0.000    0.000    0.000    0.000    0.000    0.000    0.000    0.000    0.000    0.000    0.000    0.000    0.000    0.000
22        0.000    0.000    0.000    0.000    0.000    0.000    0.000    0.000    0.000    0.000    0.000    0.000    0.000    0.000    0.000    0.000
23        0.000    0.000    0.000    0.000    0.000    0.000    0.000    0.000    0.000    0.000    0.000    0.000    0.000    0.000    0.000    0.000
24        0.000    0.000    0.000    0.000    0.000    0.000    0.000    0.000    0.000    0.000    0.000    0.000    0.000    0.000    0.000    0.000
25        0.000    0.000    0.000    0.000    0.000    0.000    0.000    0.000    0.000    0.000    0.000    0.000    0.000    0.000    0.000    0.000
26        0.000    0.000    0.000    0.000    0.000    0.000    0.000    0.000    0.000    0.000    0.000    0.000    0.000    0.000    0.000    0.000
27        0.000    0.000    0.000    0.000    0.000    0.000    0.000    0.000    0.000    0.000    0.000    0.000    0.000    0.000    0.000    0.000
28        0.000    0.000    0.000    0.000    0.000    0.000    0.000    0.000    0.000    0.000    0.000    0.000    0.000    0.000    0.000    0.000
29        0.000    0.000    0.000    0.000    0.000    0.000    0.000    0.000    0.000    0.000    0.000    0.000    0.000    0.000    0.000    0.000
30        0.000    0.000    0.000    0.000    0.000    0.000    0.000    0.000    0.000    0.000    0.000    0.000    0.000    0.000    0.000    0.000
31        0.000    0.000    0.000    0.000    0.000    0.000    0.000    0.000    0.000    0.000    0.000    0.000    0.000    0.000    0.000    0.000
32        0.000    0.000    0.000    0.000    0.000    0.000    0.000    0.000    0.000    0.000    0.000    0.000    0.000    0.000    0.000    0.000
33        0.000    0.000    0.000    0.000    0.000    0.000    0.000    0.000    0.000    0.000    0.000    0.000    0.000    0.000    0.000    0.000
34        0.000    0.000    0.000    0.000    0.000    0.000    0.000    0.000    0.000    0.000    0.000    0.000    0.000    0.000    0.000    0.000
35        0.000    0.000    0.000    0.000    0.000    0.000    0.000    0.000    0.000    0.000    0.000    0.000    0.000    0.000    0.000    0.000
36        0.000    0.000    0.000    0.000    0.000    0.000    0.000    0.000    0.000    0.000    0.000    0.000    0.000    0.000    0.000    0.000
37        0.000    0.000    0.000    0.000    0.000    0.000    0.000    0.000    0.000    0.000    0.000    0.000    0.000    0.000    0.000    0.000
38        0.000    0.000    0.000    0.000    0.000    0.000    0.000    0.000    0.000    0.000    0.000    0.000    0.000    0.000    0.000    0.000
39        0.000    0.000    0.000    0.000    0.000    0.000    0.000    0.000    0.000    0.000    0.000    0.000    0.000    0.000    0.000    0.000
40        0.000    0.000    5.000    0.000    0.000    0.000    0.000    0.000    0.000    0.000    0.000    0.000    0.000    0.000    0.000    0.000
41        0.000    0.000    5.000    0.000    0.000    0.000    0.000    0.000    0.000    0.000    0.000    0.000    0.000    0.000    0.000    0.000
42        0.000    0.000    0.000    0.000    0.000    0.000    0.000    0.000    0.000    0.000    0.000    0.000    0.000    0.000    0.000    0.000
43        0.000    0.000    0.000   11.000    0.000    0.000    0.000    0.000    0.000    0.000    0.000    0.000    0.000    0.000    0.000    0.000
44        0.000    0.000    0.000   10.000    0.000    0.000    0.000    0.000    0.000    0.000    0.000    0.000    0.000    0.000    0.000    0.000
45        0.000    0.000    7.000    0.000    0.000    0.000    0.000    0.000    0.000    0.000    0.000    0.000    0.000    0.000    0.000    0.000
46        0.000    0.000   13.000    0.000    0.000    0.000    0.000    0.000    0.000    0.000    0.000    0.000    0.000    0.000    0.000    0.000
47        0.000    0.000    9.000    9.000    0.000    0.000    0.000    0.000    0.000    0.000    0.000    0.000    0.000    0.000    0.000    0.000
48        0.000    0.000   10.500   10.500    0.000    0.000    0.000    0.000    0.000    0.000    0.000    0.000    0.000    0.000    0.000    0.000
49        0.000    0.000    9.500    0.000    0.000    9.500    0.000    0.000    0.000    0.000    0.000    0.000    0.000    0.000    0.000    0.000
50        0.000    0.000    0.000   21.000    0.000    0.000    0.000    0.000    0.000    0.000    0.000    0.000    0.000    0.000    0.000    0.000
51        0.000    0.000    6.000   12.000    6.000    0.000    0.000    0.000    0.000    0.000    0.000    0.000    0.000    0.000    0.000    0.000
52        0.000    0.000    0.000   13.600    3.400    0.000    0.000    0.000    0.000    0.000    0.000    0.000    0.000    0.000    0.000    0.000
53        0.000    0.000    0.000   19.000    0.000    0.000    0.000    0.000    0.000    0.000    0.000    0.000    0.000    0.000    0.000    0.000
54        0.000    0.000    0.000   12.667    0.000    6.333    0.000    0.000    0.000    0.000    0.000    0.000    0.000    0.000    0.000    0.000
55        0.000    0.000    0.000   15.000    0.000    0.000    0.000    0.000    0.000    0.000    0.000    0.000    0.000    0.000    0.000    0.000
56        0.000    0.000    0.000   12.500   12.500    0.000    0.000    0.000    0.000    0.000    0.000    0.000    0.000    0.000    0.000    0.000
57        0.000    0.000    0.000    0.000   32.000    0.000    0.000    0.000    0.000    0.000    0.000    0.000    0.000    0.000    0.000    0.000
58        0.000    0.000    0.000   13.333   26.667    0.000    0.000    0.000    0.000    0.000    0.000    0.000    0.000    0.000    0.000    0.000
59        0.000    0.000    0.000   37.000    0.000    0.000    0.000    0.000    0.000    0.000    0.000    0.000    0.000    0.000    0.000    0.000
60        0.000    0.000    0.000    0.000   21.000    7.000    0.000    0.000    0.000    0.000    0.000    0.000    0.000    0.000    0.000    0.000
61        0.000    0.000    0.000    0.000    0.000   35.000    0.000    0.000    0.000    0.000    0.000    0.000    0.000    0.000    0.000    0.000
62        0.000    0.000    0.000    0.000   25.800   17.200    0.000    0.000    0.000    0.000    0.000    0.000    0.000    0.000    0.000    0.000
63        0.000    0.000    0.000    0.000   35.000    0.000    0.000    0.000    0.000    0.000    0.000    0.000    0.000    0.000    0.000    0.000
64        0.000    0.000    0.000   33.000    0.000    0.000    0.000    0.000    0.000    0.000    0.000    0.000    0.000    0.000    0.000    0.000
65        0.000    0.000    0.000   12.000   24.000   12.000    0.000    0.000    0.000    0.000    0.000    0.000    0.000    0.000    0.000    0.000
66        0.000    0.000    0.000    5.857    5.857   29.286    0.000    0.000    0.000    0.000    0.000    0.000    0.000    0.000    0.000    0.000
67        0.000    0.000    0.000   19.600    9.800   19.600    0.000    0.000    0.000    0.000    0.000    0.000    0.000    0.000    0.000    0.000
68        0.000    0.000    0.000    0.000   22.000   14.667    7.333    0.000    0.000    0.000    0.000    0.000    0.000    0.000    0.000    0.000
69        0.000    0.000    0.000    0.000   14.857   29.714    7.429    0.000    0.000    0.000    0.000    0.000    0.000    0.000    0.000    0.000
70        0.000    0.000    0.000    0.000    0.000   24.000   24.000    0.000    0.000    0.000    0.000    0.000    0.000    0.000    0.000    0.000
71        0.000    0.000    0.000    0.000   12.500   25.000   12.500    0.000    0.000    0.000    0.000    0.000    0.000    0.000    0.000    0.000
72        0.000    0.000    0.000    0.000    6.125   24.500   18.375    0.000    0.000    0.000    0.000    0.000    0.000    0.000    0.000    0.000
73        0.000    0.000    0.000    0.000   24.600    8.200    8.200    0.000    0.000    0.000    0.000    0.000    0.000    0.000    0.000    0.000
74        0.000    0.000    0.000    0.000    0.000   36.667   18.333    0.000    0.000    0.000    0.000    0.000    0.000    0.000    0.000    0.000
75        0.000    0.000    0.000    0.000    0.000   25.500   25.500    0.000    0.000    0.000    0.000    0.000    0.000    0.000    0.000    0.000
76        0.000    0.000    0.000    0.000   14.000   28.000    7.000    0.000    0.000    0.000    0.000    0.000    0.000    0.000    0.000    0.000
77        0.000    0.000    0.000    0.000    6.111   18.333   30.556    0.000    0.000    0.000    0.000    0.000    0.000    0.000    0.000    0.000
78        0.000    0.000    0.000    0.000    0.000   48.000   16.000    0.000    0.000    0.000    0.000    0.000    0.000    0.000    0.000    0.000
79        0.000    0.000    0.000    0.000    0.000   26.500   26.500    0.000    0.000    0.000    0.000    0.000    0.000    0.000    0.000    0.000
80        0.000    0.000    0.000    0.000    0.000   24.000   12.000    0.000    0.000    0.000    0.000    0.000    0.000    0.000    0.000    0.000
81        0.000    0.000    0.000    0.000    0.000    0.000   17.500   17.500    0.000    0.000    0.000    0.000    0.000    0.000    0.000    0.000
82        0.000    0.000    0.000    0.000    0.000   19.200   12.800    0.000    0.000    0.000    0.000    0.000    0.000    0.000    0.000    0.000
83        0.000    0.000    0.000    0.000    0.000   18.667    9.333    0.000    0.000    0.000    0.000    0.000    0.000    0.000    0.000    0.000
84        0.000    0.000    0.000    0.000    0.000    0.000   23.000    0.000    0.000    0.000    0.000    0.000    0.000    0.000    0.000    0.000
85        0.000    0.000    0.000    0.000    0.000    0.000   22.000    0.000    0.000    0.000    0.000    0.000    0.000    0.000    0.000    0.000
86        0.000    0.000    0.000    0.000    0.000    9.500    4.750    4.750    0.000    0.000    0.000    0.000    0.000    0.000    0.000    0.000
87        0.000    0.000    0.000    0.000    0.000    0.000   15.000    0.000    0.000    0.000    0.000    0.000    0.000    0.000    0.000    0.000
88        0.000    0.000    0.000    0.000    0.000    0.000   13.000    0.000    0.000    0.000    0.000    0.000    0.000    0.000    0.000    0.000
89        0.000    0.000    0.000    0.000    0.000    4.333    4.333    0.000    0.000    4.333    0.000    0.000    0.000    0.000    0.000    0.000
90        0.000    0.000    0.000    0.000    0.000    0.000    0.000    8.000    0.000    0.000    0.000    0.000    0.000    0.000    0.000    0.000
91        0.000    0.000    0.000    0.000    0.000    0.000    0.000    0.000    0.000    0.000    0.000    0.000    0.000    0.000    0.000    0.000
92        0.000    0.000    0.000    0.000    0.000    0.000    0.000    0.000    0.000    0.000    0.000    0.000    0.000    0.000    0.000    0.000
93        0.000    0.000    0.000    0.000    0.000    0.000    1.500    1.500    0.000    0.000    0.000    0.000    0.000    0.000    0.000    0.000
94        0.000    0.000    0.000    0.000    0.000    0.000    4.000    0.000    0.000    0.000    0.000    0.000    0.000    0.000    0.000    0.000
95        0.000    0.000    0.000    0.000    0.000    0.000    0.000    0.000    0.000    0.000    0.000    0.000    0.000    0.000    0.000    0.000
96        0.000    0.000    0.000    0.000    0.000    0.000    0.000    0.000    0.000    0.000    0.000    0.000    0.000    0.000    0.000    0.000
97        0.000    0.000    0.000    0.000    0.000    0.000    0.000    0.000    0.000    0.000    0.000    0.000    0.000    0.000    0.000    0.000
98        0.000    0.000    0.000    0.000    0.000    0.000    0.000    0.000    0.000    0.000    0.000    0.000    0.000    0.000    0.000    0.000
99        0.000    0.000    0.000    0.000    0.000    0.000    0.000    0.000    0.000    0.000    0.000    0.000    0.000    0.000    0.000    0.000
100       0.000    0.000    0.000    0.000    0.000    0.000    0.000    0.000    0.000    0.000    1.000    0.000    0.000    0.000    0.000    0.000
101       0.000    0.000    0.000    0.000    0.000    0.000    0.000    0.000    0.000    0.000    0.000    0.000    0.000    0.000    0.000    0.000
102       0.000    0.000    0.000    0.000    0.000    0.000    0.000    0.000    0.000    3.000    0.000    0.000    0.000    0.000    0.000    0.000
103       0.000    0.000    0.000    0.000    0.000    0.000    0.000    0.000    0.000    0.000    0.000    0.000    0.000    0.000    0.000    0.000
104       0.000    0.000    0.000    0.000    0.000    0.000    0.000    0.000    0.000    0.000    0.000    0.000    0.000    0.000    0.000    0.000
105       0.000    0.000    0.000    0.000    0.000    0.000    0.000    0.000    0.000    0.000    0.000    0.000    0.000    0.000    0.000    0.000
106       0.000    0.000    0.000    0.000    0.000    0.000    0.000    0.000    0.000    0.000    0.000    0.000    0.000    0.000    0.000    0.000
107       0.000    0.000    0.000    0.000    0.000    0.000    0.000    0.000    0.000    0.000    0.000    0.000    0.000    0.000    0.000    0.000
108       0.000    0.000    0.000    0.000    0.000    0.000    0.000    0.000    0.000    0.000    0.000    0.000    0.000    0.000    0.000    0.000
109       0.000    0.000    0.000    0.000    0.000    0.000    0.000    0.000    0.000    0.000    0.000    0.000    0.000    0.000    0.000    0.000
110       0.000    0.000    0.000    0.000    0.000    0.000    0.000    0.000    0.000    0.000    0.000    0.000    0.000    0.000    0.000    0.000
111       0.000    0.000    0.000    0.000    0.000    0.000    0.000    0.000    0.000    0.000    0.000    0.000    0.000    0.000    0.000    0.000
112       0.000    0.000    0.000    0.000    0.000    0.000    0.000    0.000    0.000    0.000    0.000    0.000    0.000    0.000    0.000    0.000
113       0.000    0.000    0.000    0.000    0.000    0.000    0.000    0.000    0.000    0.000    0.000    0.000    0.000    0.000    0.000    0.000
114       0.000    0.000    0.000    0.000    0.000    0.000    0.000    0.000    0.000    0.000    0.000    0.000    0.000    0.000    0.000    0.000
115       0.000    0.000    0.000    0.000    0.000    0.000    0.000    0.000    1.000    0.000    0.000    0.000    0.000    0.000    0.000    0.000
116       0.000    0.000    0.000    0.000    0.000    0.000    0.000    0.000    0.000    0.000    0.000    0.000    0.000    0.000    0.000    0.000
117       0.000    0.000    0.000    0.000    0.000    0.000    0.000    0.000    0.000    0.000    0.000    0.000    0.000    0.000    0.000    0.000
118       0.000    0.000    0.000    0.000    0.000    0.000    0.000    0.000    0.000    0.000    0.000    0.000    0.000    0.000    0.000    0.000
119       0.000    0.000    0.000    0.000    0.000    0.000    0.000    0.000    0.000    0.000    0.000    0.000    0.000    0.000    0.000    0.000
120       0.000    0.000    0.000    0.000    0.000    0.000    0.000    0.000    0.000    0.000    0.000    0.000    0.000    0.000    0.000    0.000
121       0.000    0.000    0.000    0.000    0.000    0.000    0.000    0.000    0.000    0.000    0.000    0.000    0.000    0.000    0.000    0.000
122       0.000    0.000    0.000    0.000    0.000    0.000    0.000    0.000    0.000    0.000    0.000    0.000    0.000    0.000    0.000    0.000
123       0.000    0.000    0.000    0.000    0.000    0.000    0.000    0.000    0.000    0.000    0.000    0.000    0.000    0.000    0.000    0.000
124       0.000    0.000    0.000    0.000    0.000    0.000    0.000    0.000    0.000    0.000    0.000    0.000    0.000    0.000    0.000    0.000
125       0.000    0.000    0.000    0.000    0.000    0.000    0.000    0.000    0.000    0.000    0.000    0.000    0.000    0.000    0.000    0.000
126       0.000    0.000    0.000    0.000    0.000    0.000    0.000    0.000    0.000    0.000    0.000    0.000    0.000    0.000    0.000    0.000
127       0.000    0.000    0.000    0.000    0.000    0.000    0.000    0.000    0.000    0.000    0.000    0.000    0.000    0.000    0.000    0.000
128       0.000    0.000    0.000    0.000    0.000    0.000    0.000    0.000    0.000    0.000    0.000    0.000    0.000    0.000    0.000    0.000
129       0.000    0.000    0.000    0.000    0.000    0.000    0.000    0.000    0.000    0.000    0.000    0.000    0.000    0.000    0.000    0.000
130       0.000    0.000    0.000    0.000    0.000    0.000    0.000    0.000    0.000    0.000    0.000    0.000    0.000    0.000    0.000    0.000
131       0.000    0.000    0.000    0.000    0.000    0.000    0.000    0.000    0.000    0.000    0.000    0.000    0.000    0.000    0.000    0.000
132       0.000    0.000    0.000    0.000    0.000    0.000    0.000    0.000    0.000    0.000    0.000    0.000    0.000    0.000    0.000    0.000
133       0.000    0.000    0.000    0.000    0.000    0.000    0.000    0.000    0.000    0.000    0.000    0.000    0.000    0.000    0.000    0.000
134       0.000    0.000    0.000    0.000    0.000    0.000    0.000    0.000    0.000    0.000    0.000    0.000    0.000    0.000    0.000    0.000
135       0.000    0.000    0.000    0.000    0.000    0.000    0.000    0.000    0.000    0.000    0.000    0.000    0.000    0.000    0.000    0.000
136       0.000    0.000    0.000    0.000    0.000    0.000    0.000    0.000    0.000    0.000    0.000    0.000    0.000    0.000    0.000    0.000
137       0.000    0.000    0.000    0.000    0.000    0.000    0.000    0.000    0.000    0.000    0.000    0.000    0.000    0.000    0.000    0.000
138       0.000    0.000    0.000    0.000    0.000    0.000    0.000    0.000    0.000    0.000    0.000    0.000    0.000    0.000    0.000    0.000
139       0.000    0.000    0.000    0.000    0.000    0.000    0.000    0.000    0.000    0.000    0.000    0.000    0.000    0.000    0.000    0.000
140       0.000    0.000    0.000    0.000    0.000    0.000    0.000    0.000    0.000    0.000    0.000    0.000    0.000    0.000    0.000    0.000
141       0.000    0.000    0.000    0.000    0.000    0.000    0.000    0.000    0.000    0.000    0.000    0.000    0.000    0.000    0.000    0.000
142       0.000    0.000    0.000    0.000    0.000    0.000    0.000    0.000    0.000    0.000    0.000    0.000    0.000    0.000    0.000    0.000
143       0.000    0.000    0.000    0.000    0.000    0.000    0.000    0.000    0.000    0.000    0.000    0.000    0.000    0.000    0.000    0.000
144       0.000    0.000    0.000    0.000    0.000    0.000    0.000    0.000    0.000    0.000    0.000    0.000    0.000    0.000    0.000    0.000
145       0.000    0.000    0.000    0.000    0.000    0.000    0.000    0.000    0.000    0.000    0.000    0.000    0.000    0.000    0.000    0.000
146       0.000    0.000    0.000    0.000    0.000    0.000    0.000    0.000    0.000    0.000    0.000    0.000    0.000    0.000    0.000    0.000
147       0.000    0.000    0.000    0.000    0.000    0.000    0.000    0.000    0.000    0.000    0.000    0.000    0.000    0.000    0.000    0.000
148       0.000    0.000    0.000    0.000    0.000    0.000    0.000    0.000    0.000    0.000    0.000    0.000    0.000    0.000    0.000    0.000
149       0.000    0.000    0.000    0.000    0.000    0.000    0.000    0.000    0.000    0.000    0.000    0.000    0.000    0.000    0.000    0.000
150       0.000    0.000    0.000    0.000    0.000    0.000    0.000    0.000    0.000    0.000    0.000    0.000    0.000    0.000    0.000    0.000
Sum       0.000    0.000   65.000  267.057  302.217  520.700  340.942   31.750    1.000    7.333    1.000    0.000    0.000    0.000    0.000    0.000
mW        0.000    0.000    0.970    1.743    2.559    3.616    4.566    5.637   13.802    7.809    9.153    0.000    0.000    0.000    0.000    0.000
mL        0.000    0.000   46.375   56.038   64.182   72.152   78.473   84.467  115.000   94.571  100.000    0.000    0.000    0.000    0.000    0.000
pA        0.000    0.000    0.042    0.174    0.197    0.339    0.222    0.021    0.001    0.005    0.001    0.000    0.000    0.000    0.000    0.000
tot.mW 3253.536 3253.536 3253.536 3253.536 3253.536 3253.536 3253.536 3253.536 3253.536 3253.536 3253.536 3253.536 3253.536 3253.536 3253.536 3253.536
tot.mL   68.517   68.517   68.517   68.517   68.517   68.517   68.517   68.517   68.517   68.517   68.517   68.517   68.517   68.517   68.517   68.517
          Matad      Sum
1         0.000    0.000
2         0.000    0.000
3         0.000    0.000
4         0.000    0.000
5         0.000    0.000
6         0.000    0.000
7         5.000    0.000
8         0.000    0.000
9         7.000    0.000
10        5.000    0.000
11        0.000    0.000
12        0.000    0.000
13        0.000    0.000
14        0.000    0.000
15        0.000    0.000
16        0.000    0.000
17        0.000    0.000
18        0.000    0.000
19        0.000    0.000
20        0.000    0.000
21        0.000    0.000
22        0.000    0.000
23        0.000    0.000
24        0.000    0.000
25        0.000    0.000
26        0.000    0.000
27        0.000    0.000
28        0.000    0.000
29        0.000    0.000
30        0.000    0.000
31        0.000    0.000
32        0.000    0.000
33        0.000    0.000
34        0.000    0.000
35        0.000    0.000
36        0.000    0.000
37        0.000    0.000
38        1.000    0.000
39        1.000    0.000
40        5.000    5.000
41        5.000    5.000
42        9.000    0.000
43       11.000   11.000
44       10.000   10.000
45        7.000    7.000
46       13.000   13.000
47       18.000   18.000
48       21.000   21.000
49       19.000   19.000
50       21.000   21.000
51       24.000   24.000
52       17.000   17.000
53       19.000   19.000
54       19.000   19.000
55       15.000   15.000
56       25.000   25.000
57       32.000   32.000
58       40.000   40.000
59       37.000   37.000
60       28.000   28.000
61       35.000   35.000
62       43.000   43.000
63       35.000   35.000
64       33.000   33.000
65       48.000   48.000
66       41.000   41.000
67       49.000   49.000
68       44.000   44.000
69       52.000   52.000
70       48.000   48.000
71       50.000   50.000
72       49.000   49.000
73       41.000   41.000
74       55.000   55.000
75       51.000   51.000
76       49.000   49.000
77       55.000   55.000
78       64.000   64.000
79       53.000   53.000
80       36.000   36.000
81       35.000   35.000
82       32.000   32.000
83       28.000   28.000
84       23.000   23.000
85       22.000   22.000
86       19.000   19.000
87       15.000   15.000
88       13.000   13.000
89       13.000   13.000
90        8.000    8.000
91       11.000    0.000
92        7.000    0.000
93        3.000    3.000
94        4.000    4.000
95        0.000    0.000
96        1.000    0.000
97        2.000    0.000
98        2.000    0.000
99        1.000    0.000
100       1.000    1.000
101       0.000    0.000
102       3.000    3.000
103       1.000    0.000
104       0.000    0.000
105       3.000    0.000
106       0.000    0.000
107       0.000    0.000
108       0.000    0.000
109       0.000    0.000
110       0.000    0.000
111       1.000    0.000
112       0.000    0.000
113       0.000    0.000
114       1.000    0.000
115       1.000    1.000
116       0.000    0.000
117       1.000    0.000
118       0.000    0.000
119       0.000    0.000
120       0.000    0.000
121       0.000    0.000
122       0.000    0.000
123       0.000    0.000
124       0.000    0.000
125       0.000    0.000
126       0.000    0.000
127       0.000    0.000
128       0.000    0.000
129       0.000    0.000
130       0.000    0.000
131       0.000    0.000
132       0.000    0.000
133       0.000    0.000
134       0.000    0.000
135       0.000    0.000
136       0.000    0.000
137       0.000    0.000
138       0.000    0.000
139       0.000    0.000
140       0.000    0.000
141       0.000    0.000
142       0.000    0.000
143       0.000    0.000
144       0.000    0.000
145       0.000    0.000
146       0.000    0.000
147       0.000    0.000
148       0.000    0.000
149       0.000    0.000
150       0.000    0.000
Sum    1596.000 1537.000
mW        0.000    0.000
mL        0.000    0.000
pA        0.000    0.000
tot.mW 3253.536 3253.536
tot.mL   68.517   68.517

$ALD.j
              0        1        2        3        4        5        6        7        8        9       10       11       12       13       14       15
1         0.000    0.000    0.000    0.000    0.000    0.000    0.000    0.000    0.000    0.000    0.000    0.000    0.000    0.000    0.000    0.000
2         0.000    0.000    0.000    0.000    0.000    0.000    0.000    0.000    0.000    0.000    0.000    0.000    0.000    0.000    0.000    0.000
3         0.000    0.000    0.000    0.000    0.000    0.000    0.000    0.000    0.000    0.000    0.000    0.000    0.000    0.000    0.000    0.000
4         0.000    0.000    0.000    0.000    0.000    0.000    0.000    0.000    0.000    0.000    0.000    0.000    0.000    0.000    0.000    0.000
5         0.000    0.000    0.000    0.000    0.000    0.000    0.000    0.000    0.000    0.000    0.000    0.000    0.000    0.000    0.000    0.000
6         0.000    0.000    0.000    0.000    0.000    0.000    0.000    0.000    0.000    0.000    0.000    0.000    0.000    0.000    0.000    0.000
7         0.000    0.000    0.000    4.991    0.002    0.007    0.000    0.000    0.000    0.000    0.000    0.000    0.000    0.000    0.000    0.000
8         0.000    0.000    0.000    0.000    0.000    0.000    0.000    0.000    0.000    0.000    0.000    0.000    0.000    0.000    0.000    0.000
9         0.000    0.000    0.000    6.989    0.003    0.008    0.000    0.000    0.000    0.000    0.000    0.000    0.000    0.000    0.000    0.000
10        0.000    0.000    0.000    4.993    0.002    0.005    0.000    0.000    0.000    0.000    0.000    0.000    0.000    0.000    0.000    0.000
11        0.000    0.000    0.000    0.000    0.000    0.000    0.000    0.000    0.000    0.000    0.000    0.000    0.000    0.000    0.000    0.000
12        0.000    0.000    0.000    0.000    0.000    0.000    0.000    0.000    0.000    0.000    0.000    0.000    0.000    0.000    0.000    0.000
13        0.000    0.000    0.000    0.000    0.000    0.000    0.000    0.000    0.000    0.000    0.000    0.000    0.000    0.000    0.000    0.000
14        0.000    0.000    0.000    0.000    0.000    0.000    0.000    0.000    0.000    0.000    0.000    0.000    0.000    0.000    0.000    0.000
15        0.000    0.000    0.000    0.000    0.000    0.000    0.000    0.000    0.000    0.000    0.000    0.000    0.000    0.000    0.000    0.000
16        0.000    0.000    0.000    0.000    0.000    0.000    0.000    0.000    0.000    0.000    0.000    0.000    0.000    0.000    0.000    0.000
17        0.000    0.000    0.000    0.000    0.000    0.000    0.000    0.000    0.000    0.000    0.000    0.000    0.000    0.000    0.000    0.000
18        0.000    0.000    0.000    0.000    0.000    0.000    0.000    0.000    0.000    0.000    0.000    0.000    0.000    0.000    0.000    0.000
19        0.000    0.000    0.000    0.000    0.000    0.000    0.000    0.000    0.000    0.000    0.000    0.000    0.000    0.000    0.000    0.000
20        0.000    0.000    0.000    0.000    0.000    0.000    0.000    0.000    0.000    0.000    0.000    0.000    0.000    0.000    0.000    0.000
21        0.000    0.000    0.000    0.000    0.000    0.000    0.000    0.000    0.000    0.000    0.000    0.000    0.000    0.000    0.000    0.000
22        0.000    0.000    0.000    0.000    0.000    0.000    0.000    0.000    0.000    0.000    0.000    0.000    0.000    0.000    0.000    0.000
23        0.000    0.000    0.000    0.000    0.000    0.000    0.000    0.000    0.000    0.000    0.000    0.000    0.000    0.000    0.000    0.000
24        0.000    0.000    0.000    0.000    0.000    0.000    0.000    0.000    0.000    0.000    0.000    0.000    0.000    0.000    0.000    0.000
25        0.000    0.000    0.000    0.000    0.000    0.000    0.000    0.000    0.000    0.000    0.000    0.000    0.000    0.000    0.000    0.000
26        0.000    0.000    0.000    0.000    0.000    0.000    0.000    0.000    0.000    0.000    0.000    0.000    0.000    0.000    0.000    0.000
27        0.000    0.000    0.000    0.000    0.000    0.000    0.000    0.000    0.000    0.000    0.000    0.000    0.000    0.000    0.000    0.000
28        0.000    0.000    0.000    0.000    0.000    0.000    0.000    0.000    0.000    0.000    0.000    0.000    0.000    0.000    0.000    0.000
29        0.000    0.000    0.000    0.000    0.000    0.000    0.000    0.000    0.000    0.000    0.000    0.000    0.000    0.000    0.000    0.000
30        0.000    0.000    0.000    0.000    0.000    0.000    0.000    0.000    0.000    0.000    0.000    0.000    0.000    0.000    0.000    0.000
31        0.000    0.000    0.000    0.000    0.000    0.000    0.000    0.000    0.000    0.000    0.000    0.000    0.000    0.000    0.000    0.000
32        0.000    0.000    0.000    0.000    0.000    0.000    0.000    0.000    0.000    0.000    0.000    0.000    0.000    0.000    0.000    0.000
33        0.000    0.000    0.000    0.000    0.000    0.000    0.000    0.000    0.000    0.000    0.000    0.000    0.000    0.000    0.000    0.000
34        0.000    0.000    0.000    0.000    0.000    0.000    0.000    0.000    0.000    0.000    0.000    0.000    0.000    0.000    0.000    0.000
35        0.000    0.000    0.000    0.000    0.000    0.000    0.000    0.000    0.000    0.000    0.000    0.000    0.000    0.000    0.000    0.000
36        0.000    0.000    0.000    0.000    0.000    0.000    0.000    0.000    0.000    0.000    0.000    0.000    0.000    0.000    0.000    0.000
37        0.000    0.000    0.000    0.000    0.000    0.000    0.000    0.000    0.000    0.000    0.000    0.000    0.000    0.000    0.000    0.000
38        0.000    0.000    0.331    0.660    0.007    0.002    0.000    0.000    0.000    0.000    0.000    0.000    0.000    0.000    0.000    0.000
39        0.000    0.000    0.441    0.550    0.007    0.002    0.000    0.000    0.000    0.000    0.000    0.000    0.000    0.000    0.000    0.000
40        0.000    0.000    2.679    2.277    0.034    0.010    0.000    0.000    0.000    0.000    0.000    0.000    0.000    0.000    0.000    0.000
41        0.000    0.000    3.039    1.917    0.035    0.010    0.000    0.000    0.000    0.000    0.000    0.000    0.000    0.000    0.000    0.000
42        0.000    0.000    5.905    3.011    0.065    0.019    0.000    0.000    0.000    0.000    0.000    0.000    0.000    0.000    0.000    0.000
43        0.000    0.000    7.512    3.374    0.088    0.026    0.000    0.000    0.000    0.000    0.000    0.000    0.000    0.000    0.000    0.000
44        0.000    0.000    6.904    2.974    0.094    0.028    0.000    0.000    0.000    0.000    0.000    0.000    0.000    0.000    0.000    0.000
45        0.000    0.000    4.754    2.140    0.082    0.025    0.000    0.000    0.000    0.000    0.000    0.000    0.000    0.000    0.000    0.000
46        0.000    0.000    8.422    4.314    0.201    0.062    0.000    0.000    0.000    0.000    0.000    0.000    0.000    0.000    0.000    0.000
47        0.000    0.000   10.697    6.793    0.387    0.123    0.000    0.000    0.000    0.000    0.000    0.000    0.000    0.000    0.000    0.000
48        0.000    0.000   10.842    9.296    0.649    0.212    0.000    0.000    0.000    0.000    0.000    0.000    0.000    0.000    0.000    0.000
49        0.000    0.000    7.896    9.957    0.856    0.290    0.000    0.000    0.000    0.000    0.000    0.000    0.000    0.000    0.000    0.000
50        0.000    0.000    6.343   12.814    1.362    0.481    0.001    0.000    0.000    0.000    0.000    0.000    0.000    0.000    0.000    0.000
51        0.000    0.000    4.649   16.390    2.161    0.797    0.002    0.000    0.000    0.000    0.000    0.000    0.000    0.000    0.000    0.000
52        0.000    0.000    1.842   12.343    2.027    0.786    0.002    0.000    0.000    0.000    0.000    0.000    0.000    0.000    0.000    0.000
53        0.000    0.000    1.006   13.954    2.864    1.172    0.005    0.000    0.000    0.000    0.000    0.000    0.000    0.000    0.000    0.000
54        0.000    0.000    0.433   13.554    3.490    1.514    0.009    0.000    0.000    0.000    0.000    0.000    0.000    0.000    0.000    0.000
55        0.000    0.000    0.131   10.079    3.268    1.510    0.012    0.000    0.000    0.000    0.000    0.000    0.000    0.000    0.000    0.000
56        0.000    0.000    0.075   15.436    6.327    3.129    0.033    0.000    0.000    0.000    0.000    0.000    0.000    0.000    0.000    0.000
57        0.000    0.000    0.030   17.757    9.236    4.910    0.068    0.000    0.000    0.000    0.000    0.000    0.000    0.000    0.000    0.000
58        0.000    0.000    0.010   19.509   12.924    7.421    0.135    0.000    0.000    0.000    0.000    0.000    0.000    0.000    0.000    0.000
59        0.000    0.000    0.002   15.498   13.127    8.178    0.195    0.000    0.000    0.000    0.000    0.000    0.000    0.000    0.000    0.000
60        0.000    0.000    0.000    9.832   10.686    7.257    0.224    0.000    0.000    0.000    0.000    0.000    0.000    0.000    0.000    0.000
61        0.000    0.000    0.000   10.049   14.070   10.463    0.417    0.000    0.000    0.001    0.000    0.000    0.000    0.000    0.000    0.000
62        0.000    0.000    0.000    9.847   17.826   14.582    0.744    0.000    0.000    0.001    0.000    0.000    0.000    0.000    0.000    0.000
63        0.000    0.000    0.000    6.237   14.654   13.249    0.859    0.000    0.000    0.002    0.000    0.000    0.000    0.000    0.000    0.000
64        0.000    0.000    0.000    4.468   13.678   13.729    1.123    0.000    0.000    0.002    0.000    0.000    0.000    0.000    0.000    0.000
65        0.000    0.000    0.000    4.827   19.321   21.632    2.216    0.000    0.000    0.004    0.000    0.000    0.000    0.000    0.000    0.000
66        0.000    0.000    0.000    2.996   15.739   19.745    2.516    0.001    0.000    0.005    0.000    0.000    0.000    0.000    0.000    0.000
67        0.000    0.000    0.000    2.547   17.629   24.897    3.918    0.001    0.000    0.008    0.000    0.000    0.000    0.000    0.000    0.000
68        0.000    0.000    0.000    1.594   14.592   23.306    4.497    0.002    0.000    0.009    0.000    0.000    0.000    0.000    0.000    0.000
69        0.000    0.000    0.000    1.287   15.643   28.383    6.667    0.006    0.000    0.014    0.000    0.000    0.000    0.000    0.000    0.000
70        0.000    0.000    0.000    0.796   12.894   26.702    7.580    0.010    0.000    0.018    0.000    0.000    0.000    0.000    0.000    0.000
71        0.000    0.000    0.000    0.545   11.811   28.046    9.554    0.019    0.000    0.024    0.000    0.000    0.000    0.000    0.000    0.000
72        0.000    0.000    0.000    0.345   10.028   27.430   11.133    0.034    0.000    0.031    0.000    0.000    0.000    0.000    0.000    0.000
73        0.000    0.000    0.000    0.183    7.165   22.681   10.889    0.048    0.000    0.034    0.000    0.000    0.000    0.000    0.000    0.000
74        0.000    0.000    0.000    0.153    8.095   29.789   16.797    0.109    0.000    0.058    0.000    0.000    0.000    0.000    0.000    0.000
75        0.000    0.000    0.000    0.087    6.239   26.813   17.629    0.163    0.000    0.069    0.000    0.000    0.000    0.000    0.000    0.000
76        0.000    0.000    0.000    0.050    4.921   24.811   18.886    0.247    0.000    0.085    0.000    0.000    0.000    0.000    0.000    0.000
77        0.000    0.000    0.000    0.033    4.481   26.635   23.304    0.424    0.000    0.122    0.000    0.000    0.000    0.000    0.000    0.000
78        0.000    0.000    0.000    0.023    4.186   29.461   29.416    0.735    0.000    0.180    0.000    0.000    0.000    0.000    0.000    0.000
79        0.000    0.000    0.000    0.011    2.755   23.067   26.096    0.882    0.000    0.190    0.000    0.000    0.000    0.000    0.000    0.000
80        0.000    0.000    0.000    0.004    1.474   14.746   18.767    0.846    0.000    0.163    0.000    0.000    0.000    0.000    0.000    0.000
81        0.000    0.000    0.000    0.002    1.119   13.440   19.105    1.132    0.000    0.202    0.000    0.000    0.000    0.000    0.000    0.000
82        0.000    0.000    0.000    0.001    0.793   11.483   18.100    1.389    0.000    0.234    0.000    0.000    0.000    0.000    0.000    0.000
83        0.000    0.000    0.000    0.001    0.533    9.363   16.250    1.593    0.000    0.260    0.000    0.000    0.000    0.000    0.000    0.000
84        0.000    0.000    0.000    0.000    0.335    7.151   13.567    1.675    0.000    0.272    0.000    0.000    0.000    0.000    0.000    0.000
85        0.000    0.000    0.000    0.000    0.243    6.349   13.073    2.004    0.000    0.331    0.000    0.000    0.000    0.000    0.000    0.000
86        0.000    0.000    0.000    0.000    0.158    5.083   11.278    2.115    0.000    0.365    0.000    0.000    0.000    0.000    0.000    0.000
87        0.000    0.000    0.000    0.000    0.094    3.717    8.823    1.996    0.000    0.370    0.000    0.000    0.000    0.000    0.000    0.000
88        0.000    0.000    0.000    0.000    0.061    2.983    7.521    2.023    0.000    0.412    0.000    0.000    0.000    0.000    0.000    0.000
89        0.000    0.000    0.000    0.000    0.045    2.762    7.345    2.316    0.000    0.532    0.000    0.000    0.000    0.000    0.000    0.000
90        0.000    0.000    0.000    0.000    0.021    1.575    4.383    1.598    0.000    0.424    0.000    0.000    0.000    0.000    0.000    0.000
91        0.000    0.000    0.000    0.000    0.021    2.006    5.805    2.410    0.000    0.758    0.000    0.000    0.000    0.000    0.000    0.000
92        0.000    0.000    0.000    0.000    0.010    1.182    3.532    1.647    0.000    0.630    0.000    0.000    0.000    0.000    0.000    0.000
93        0.000    0.000    0.000    0.000    0.003    0.469    1.435    0.740    0.000    0.353    0.000    0.000    0.000    0.000    0.000    0.000
94        0.000    0.000    0.000    0.000    0.003    0.576    1.794    1.011    0.000    0.616    0.000    0.000    0.000    0.000    0.000    0.000
95        0.000    0.000    0.000    0.000    0.000    0.000    0.000    0.000    0.000    0.000    0.000    0.000    0.000    0.000    0.000    0.000
96        0.000    0.000    0.000    0.000    0.000    0.120    0.377    0.242    0.000    0.261    0.000    0.000    0.000    0.000    0.000    0.000
97        0.000    0.000    0.000    0.000    0.001    0.213    0.669    0.450    0.000    0.667    0.000    0.000    0.000    0.000    0.000    0.000
98        0.000    0.000    0.000    0.000    0.000    0.186    0.577    0.399    0.000    0.838    0.000    0.000    0.000    0.000    0.000    0.000
99        0.000    0.000    0.000    0.000    0.000    0.079    0.240    0.169    0.000    0.513    0.000    0.000    0.000    0.000    0.000    0.000
100       0.000    0.000    0.000    0.000    0.000    0.007    0.021    0.015    0.000    0.068    0.888    0.000    0.000    0.000    0.000    0.000
101       0.000    0.000    0.000    0.000    0.000    0.000    0.000    0.000    0.000    0.000    0.000    0.000    0.000    0.000    0.000    0.000
102       0.000    0.000    0.000    0.000    0.000    0.116    0.321    0.217    0.000    2.346    0.000    0.000    0.000    0.000    0.000    0.000
103       0.000    0.000    0.000    0.000    0.000    0.029    0.075    0.049    0.000    0.847    0.000    0.000    0.000    0.000    0.000    0.000
104       0.000    0.000    0.000    0.000    0.000    0.000    0.000    0.000    0.000    0.000    0.000    0.000    0.000    0.000    0.000    0.000
105       0.000    0.000    0.000    0.000    0.000    0.043    0.102    0.058    0.000    2.797    0.000    0.000    0.000    0.000    0.000    0.000
106       0.000    0.000    0.000    0.000    0.000    0.000    0.000    0.000    0.000    0.000    0.000    0.000    0.000    0.000    0.000    0.000
107       0.000    0.000    0.000    0.000    0.000    0.000    0.000    0.000    0.000    0.000    0.000    0.000    0.000    0.000    0.000    0.000
108       0.000    0.000    0.000    0.000    0.000    0.000    0.000    0.000    0.000    0.000    0.000    0.000    0.000    0.000    0.000    0.000
109       0.000    0.000    0.000    0.000    0.000    0.000    0.000    0.000    0.000    0.000    0.000    0.000    0.000    0.000    0.000    0.000
110       0.000    0.000    0.000    0.000    0.000    0.000    0.000    0.000    0.000    0.000    0.000    0.000    0.000    0.000    0.000    0.000
111       0.000    0.000    0.000    0.000    0.000    0.001    0.002    0.001    0.000    0.996    0.000    0.000    0.000    0.000    0.000    0.000
112       0.000    0.000    0.000    0.000    0.000    0.000    0.000    0.000    0.000    0.000    0.000    0.000    0.000    0.000    0.000    0.000
113       0.000    0.000    0.000    0.000    0.000    0.000    0.000    0.000    0.000    0.000    0.000    0.000    0.000    0.000    0.000    0.000
114       0.000    0.000    0.000    0.000    0.000    0.000    0.000    0.000    0.000    0.999    0.000    0.000    0.000    0.000    0.000    0.000
115       0.000    0.000    0.000    0.000    0.000    0.000    0.000    0.000    0.991    0.009    0.000    0.000    0.000    0.000    0.000    0.000
116       0.000    0.000    0.000    0.000    0.000    0.000    0.000    0.000    0.000    0.000    0.000    0.000    0.000    0.000    0.000    0.000
117       0.000    0.000    0.000    0.000    0.000    0.000    0.000    0.000    0.000    1.000    0.000    0.000    0.000    0.000    0.000    0.000
118       0.000    0.000    0.000    0.000    0.000    0.000    0.000    0.000    0.000    0.000    0.000    0.000    0.000    0.000    0.000    0.000
119       0.000    0.000    0.000    0.000    0.000    0.000    0.000    0.000    0.000    0.000    0.000    0.000    0.000    0.000    0.000    0.000
120       0.000    0.000    0.000    0.000    0.000    0.000    0.000    0.000    0.000    0.000    0.000    0.000    0.000    0.000    0.000    0.000
121       0.000    0.000    0.000    0.000    0.000    0.000    0.000    0.000    0.000    0.000    0.000    0.000    0.000    0.000    0.000    0.000
122       0.000    0.000    0.000    0.000    0.000    0.000    0.000    0.000    0.000    0.000    0.000    0.000    0.000    0.000    0.000    0.000
123       0.000    0.000    0.000    0.000    0.000    0.000    0.000    0.000    0.000    0.000    0.000    0.000    0.000    0.000    0.000    0.000
124       0.000    0.000    0.000    0.000    0.000    0.000    0.000    0.000    0.000    0.000    0.000    0.000    0.000    0.000    0.000    0.000
125       0.000    0.000    0.000    0.000    0.000    0.000    0.000    0.000    0.000    0.000    0.000    0.000    0.000    0.000    0.000    0.000
126       0.000    0.000    0.000    0.000    0.000    0.000    0.000    0.000    0.000    0.000    0.000    0.000    0.000    0.000    0.000    0.000
127       0.000    0.000    0.000    0.000    0.000    0.000    0.000    0.000    0.000    0.000    0.000    0.000    0.000    0.000    0.000    0.000
128       0.000    0.000    0.000    0.000    0.000    0.000    0.000    0.000    0.000    0.000    0.000    0.000    0.000    0.000    0.000    0.000
129       0.000    0.000    0.000    0.000    0.000    0.000    0.000    0.000    0.000    0.000    0.000    0.000    0.000    0.000    0.000    0.000
130       0.000    0.000    0.000    0.000    0.000    0.000    0.000    0.000    0.000    0.000    0.000    0.000    0.000    0.000    0.000    0.000
131       0.000    0.000    0.000    0.000    0.000    0.000    0.000    0.000    0.000    0.000    0.000    0.000    0.000    0.000    0.000    0.000
132       0.000    0.000    0.000    0.000    0.000    0.000    0.000    0.000    0.000    0.000    0.000    0.000    0.000    0.000    0.000    0.000
133       0.000    0.000    0.000    0.000    0.000    0.000    0.000    0.000    0.000    0.000    0.000    0.000    0.000    0.000    0.000    0.000
134       0.000    0.000    0.000    0.000    0.000    0.000    0.000    0.000    0.000    0.000    0.000    0.000    0.000    0.000    0.000    0.000
135       0.000    0.000    0.000    0.000    0.000    0.000    0.000    0.000    0.000    0.000    0.000    0.000    0.000    0.000    0.000    0.000
136       0.000    0.000    0.000    0.000    0.000    0.000    0.000    0.000    0.000    0.000    0.000    0.000    0.000    0.000    0.000    0.000
137       0.000    0.000    0.000    0.000    0.000    0.000    0.000    0.000    0.000    0.000    0.000    0.000    0.000    0.000    0.000    0.000
138       0.000    0.000    0.000    0.000    0.000    0.000    0.000    0.000    0.000    0.000    0.000    0.000    0.000    0.000    0.000    0.000
139       0.000    0.000    0.000    0.000    0.000    0.000    0.000    0.000    0.000    0.000    0.000    0.000    0.000    0.000    0.000    0.000
140       0.000    0.000    0.000    0.000    0.000    0.000    0.000    0.000    0.000    0.000    0.000    0.000    0.000    0.000    0.000    0.000
141       0.000    0.000    0.000    0.000    0.000    0.000    0.000    0.000    0.000    0.000    0.000    0.000    0.000    0.000    0.000    0.000
142       0.000    0.000    0.000    0.000    0.000    0.000    0.000    0.000    0.000    0.000    0.000    0.000    0.000    0.000    0.000    0.000
143       0.000    0.000    0.000    0.000    0.000    0.000    0.000    0.000    0.000    0.000    0.000    0.000    0.000    0.000    0.000    0.000
144       0.000    0.000    0.000    0.000    0.000    0.000    0.000    0.000    0.000    0.000    0.000    0.000    0.000    0.000    0.000    0.000
145       0.000    0.000    0.000    0.000    0.000    0.000    0.000    0.000    0.000    0.000    0.000    0.000    0.000    0.000    0.000    0.000
146       0.000    0.000    0.000    0.000    0.000    0.000    0.000    0.000    0.000    0.000    0.000    0.000    0.000    0.000    0.000    0.000
147       0.000    0.000    0.000    0.000    0.000    0.000    0.000    0.000    0.000    0.000    0.000    0.000    0.000    0.000    0.000    0.000
148       0.000    0.000    0.000    0.000    0.000    0.000    0.000    0.000    0.000    0.000    0.000    0.000    0.000    0.000    0.000    0.000
149       0.000    0.000    0.000    0.000    0.000    0.000    0.000    0.000    0.000    0.000    0.000    0.000    0.000    0.000    0.000    0.000
150       0.000    0.000    0.000    0.000    0.000    0.000    0.000    0.000    0.000    0.000    0.000    0.000    0.000    0.000    0.000    0.000
Sum       0.000    0.000   83.943  267.487  290.626  557.082  348.086   28.776    0.991   18.121    0.888    0.000    0.000    0.000    0.000    0.000
mW        0.000    0.000    0.968    1.531    2.705    3.601    4.667    6.118   13.802    8.993    9.153    0.000    0.000    0.000    0.000    0.000
mL        0.000    0.000   46.324   52.233   65.354   72.038   79.015   87.278      NaN  103.500      NaN    0.000    0.000    0.000    0.000    0.000
pA        0.000    0.000    0.053    0.168    0.182    0.349    0.218    0.018    0.001    0.011    0.001    0.000    0.000    0.000    0.000    0.000
tot.mW 3300.694 3300.694 3300.694 3300.694 3300.694 3300.694 3300.694 3300.694 3300.694 3300.694 3300.694 3300.694 3300.694 3300.694 3300.694 3300.694
tot.mL   68.236   68.236   68.236   68.236   68.236   68.236   68.236   68.236   68.236   68.236   68.236   68.236   68.236   68.236   68.236   68.236
          Matad      Sum
1         0.000    0.000
2         0.000    0.000
3         0.000    0.000
4         0.000    0.000
5         0.000    0.000
6         0.000    0.000
7         5.000    5.000
8         0.000    0.000
9         7.000    7.000
10        5.000    5.000
11        0.000    0.000
12        0.000    0.000
13        0.000    0.000
14        0.000    0.000
15        0.000    0.000
16        0.000    0.000
17        0.000    0.000
18        0.000    0.000
19        0.000    0.000
20        0.000    0.000
21        0.000    0.000
22        0.000    0.000
23        0.000    0.000
24        0.000    0.000
25        0.000    0.000
26        0.000    0.000
27        0.000    0.000
28        0.000    0.000
29        0.000    0.000
30        0.000    0.000
31        0.000    0.000
32        0.000    0.000
33        0.000    0.000
34        0.000    0.000
35        0.000    0.000
36        0.000    0.000
37        0.000    0.000
38        1.000    1.000
39        1.000    1.000
40        5.000    5.000
41        5.000    5.000
42        9.000    9.000
43       11.000   11.000
44       10.000   10.000
45        7.000    7.000
46       13.000   13.000
47       18.000   18.000
48       21.000   21.000
49       19.000   19.000
50       21.000   21.000
51       24.000   24.000
52       17.000   17.000
53       19.000   19.000
54       19.000   19.000
55       15.000   15.000
56       25.000   25.000
57       32.000   32.000
58       40.000   40.000
59       37.000   37.000
60       28.000   28.000
61       35.000   35.000
62       43.000   43.000
63       35.000   35.000
64       33.000   33.000
65       48.000   48.000
66       41.000   41.000
67       49.000   49.000
68       44.000   44.000
69       52.000   52.000
70       48.000   48.000
71       50.000   50.000
72       49.000   49.000
73       41.000   41.000
74       55.000   55.000
75       51.000   51.000
76       49.000   49.000
77       55.000   55.000
78       64.000   64.000
79       53.000   53.000
80       36.000   36.000
81       35.000   35.000
82       32.000   32.000
83       28.000   28.000
84       23.000   23.000
85       22.000   22.000
86       19.000   19.000
87       15.000   15.000
88       13.000   13.000
89       13.000   13.000
90        8.000    8.000
91       11.000   11.000
92        7.000    7.000
93        3.000    3.000
94        4.000    4.000
95        0.000    0.000
96        1.000    1.000
97        2.000    2.000
98        2.000    2.000
99        1.000    1.000
100       1.000    1.000
101       0.000    0.000
102       3.000    3.000
103       1.000    1.000
104       0.000    0.000
105       3.000    3.000
106       0.000    0.000
107       0.000    0.000
108       0.000    0.000
109       0.000    0.000
110       0.000    0.000
111       1.000    1.000
112       0.000    0.000
113       0.000    0.000
114       1.000    1.000
115       1.000    1.000
116       0.000    0.000
117       1.000    1.000
118       0.000    0.000
119       0.000    0.000
120       0.000    0.000
121       0.000    0.000
122       0.000    0.000
123       0.000    0.000
124       0.000    0.000
125       0.000    0.000
126       0.000    0.000
127       0.000    0.000
128       0.000    0.000
129       0.000    0.000
130       0.000    0.000
131       0.000    0.000
132       0.000    0.000
133       0.000    0.000
134       0.000    0.000
135       0.000    0.000
136       0.000    0.000
137       0.000    0.000
138       0.000    0.000
139       0.000    0.000
140       0.000    0.000
141       0.000    0.000
142       0.000    0.000
143       0.000    0.000
144       0.000    0.000
145       0.000    0.000
146       0.000    0.000
147       0.000    0.000
148       0.000    0.000
149       0.000    0.000
150       0.000    0.000
Sum    1596.000 1596.000
mW        0.000    0.000
mL        0.000    0.000
pA        0.000    0.000
tot.mW 3300.694 3300.694
tot.mL   68.236   68.236


 .... [TRUNCATED] 
>>>>>>>>>>>>>>>>>>>>>>>>>>>>>>>>>>>>>>>>>>>>>>>>>>>>>>>>>>>>>> 
 > Dato                :  Thu Dec 11 13:36:59 2014 
 > Slag                :  TO 
 > ?r                  :  2014 
 > Ti?arskei?          :  JAN-DEC 
 > Skipab?lk/-ar       :  20 21 
 > Skipab?lk/-ar (l?n) :  0 
 > ICES-?ki            :  VB1 
 <<<<<<<<<<<<<<<<<<<<<<<<<<<<<<<<<<<<<<<<<<<<<<<<<<<<<<<<<<<<<< 

$URSLITID
   aldur tal_matad tal_fiskad midal_longd midal_vekt roknad_veida
0      0         0          0        0.00      0.000            0
1      1         0          0        0.00      0.000            0
2      2        65       1155       46.38      0.970         1121
3      3       267       4747       56.04      1.743         8276
4      4       302       5372       64.18      2.559        13744
5      5       521       9256       72.15      3.616        33470
6      6       341       6060       78.47      4.566        27670
7      7        32        564       84.47      5.637         3181
8      8         1         18      115.00     13.802          245
9      9         7        130       94.57      7.809         1018
10    10         1         18      100.00      9.153          163
11    11         0          0        0.00      0.000            0
12    12         0          0        0.00      0.000            0
13    13         0          0        0.00      0.000            0
14    14         0          0        0.00      0.000            0
15    15         0          0        0.00      0.000            0
17   Sum      1537      27320       68.52      3.254        88888

$URSLITID.j
   aldur tal_matad tal_fiskad midal_longd midal_vekt roknad_veida
0      0         0          0        0.00      0.000            0
1      1         0          0        0.00      0.000            0
2      2        84       1416       46.32      0.968         1371
3      3       267       4513       52.23      1.531         6909
4      4       291       4904       65.35      2.705        13263
5      5       557       9400       72.04      3.601        33848
6      6       348       5873       79.02      4.667        27409
7      7        29        486       87.28      6.118         2971
8      8         1         17        0.00     13.802          231
9      9        18        306      103.50      8.993         2750
10    10         1         15        0.00      9.153          137
11    11         0          0        0.00      0.000            0
12    12         0          0        0.00      0.000            0
13    13         0          0        0.00      0.000            0
14    14         0          0        0.00      0.000            0
15    15         0          0        0.00      0.000            0
17   Sum      1596      26930       68.24      3.301        88889


 .... [TRUNCATED] 
