
 .... [TRUNCATED] 
<<<<<<<<<<<<<<<<<<<<<<<<<<<<<<<<<<<<<<<<<<<<<<<<<<<<<<<<<<<<<<<<<<<<<<<< 
 > Dato                                      :  Wed Feb 12 11:27:23 2014 
 > Slag                                      :  UP 
 > Ár                                        :  2012 
 > Skipabólk/-ar                             :  19 20 21 
 > Byrjanar og enda mánaŵ fyri ALK/ALD       :  JAN-DEC 
 > Skipabólk/-ar, sum longdir eru lántar frá :  0 
 > Skipabólk/-ar, sum vektir eru lántar frá  :  0 
 > Skipabólk/-ar, sum aldrar eru lántar frá  :  0 
 > ICES-øki                                  :  VB1 VB2 
 <<<<<<<<<<<<<<<<<<<<<<<<<<<<<<<<<<<<<<<<<<<<<<<<<<<<<<<<<<<<<<<<<<<<<<<<
 .... [TRUNCATED] 
>>>>>>>>>>>>>>>>>>>>>>>>>>>>>>>>>>>>> 
> Alpha	 = 0.01522344
> Beta	 = 2.844654
> R^2	 = 0.9817154
> N	 = 17593
> Veida (kg.)	  = 20937881
> Rundveida (kg.) = 23241048
<<<<<<<<<<<<<<<<<<<<<<<<<<<<<<<<<<<<<
 .... [TRUNCATED] 
>>>>>>>>>>>>>> 	 ALK-lykil 	 <<<<<<<<<<<<
 .... [TRUNCATED] 
$ALK
    longd 0 1 2  3   4  5  6  7 8 9 10 11 12 13 14 15 Sum Matad
1       1 0 0 0  0   0  0  0  0 0 0  0  0  0  0  0  0   0     0
2       2 0 0 0  0   0  0  0  0 0 0  0  0  0  0  0  0   0     0
3       3 0 0 0  0   0  0  0  0 0 0  0  0  0  0  0  0   0     0
4       4 0 0 0  0   0  0  0  0 0 0  0  0  0  0  0  0   0     0
5       5 0 0 0  0   0  0  0  0 0 0  0  0  0  0  0  0   0     0
6       6 0 0 0  0   0  0  0  0 0 0  0  0  0  0  0  0   0     0
7       7 0 0 0  0   0  0  0  0 0 0  0  0  0  0  0  0   0     0
8       8 0 0 0  0   0  0  0  0 0 0  0  0  0  0  0  0   0     0
9       9 0 0 0  0   0  0  0  0 0 0  0  0  0  0  0  0   0     0
10     10 0 0 0  0   0  0  0  0 0 0  0  0  0  0  0  0   0     0
11     11 0 0 0  0   0  0  0  0 0 0  0  0  0  0  0  0   0     0
12     12 0 0 0  0   0  0  0  0 0 0  0  0  0  0  0  0   0     0
13     13 0 0 0  0   0  0  0  0 0 0  0  0  0  0  0  0   0     0
14     14 0 0 0  0   0  0  0  0 0 0  0  0  0  0  0  0   0     0
15     15 0 0 0  0   0  0  0  0 0 0  0  0  0  0  0  0   0     0
16     16 0 0 0  0   0  0  0  0 0 0  0  0  0  0  0  0   0     0
17     17 0 0 0  0   0  0  0  0 0 0  0  0  0  0  0  0   0     0
18     18 0 0 0  0   0  0  0  0 0 0  0  0  0  0  0  0   0     0
19     19 0 0 0  0   0  0  0  0 0 0  0  0  0  0  0  0   0     0
20     20 0 0 0  0   0  0  0  0 0 0  0  0  0  0  0  0   0     0
21     21 0 0 0  0   0  0  0  0 0 0  0  0  0  0  0  0   0     0
22     22 0 0 0  0   0  0  0  0 0 0  0  0  0  0  0  0   0     0
23     23 0 0 0  0   0  0  0  0 0 0  0  0  0  0  0  0   0     0
24     24 0 0 0  0   0  0  0  0 0 0  0  0  0  0  0  0   0     0
25     25 0 0 0  0   0  0  0  0 0 0  0  0  0  0  0  0   0     0
26     26 0 0 0  0   0  0  0  0 0 0  0  0  0  0  0  0   0     0
27     27 0 0 0  0   0  0  0  0 0 0  0  0  0  0  0  0   0     0
28     28 0 0 0  0   0  0  0  0 0 0  0  0  0  0  0  0   0     0
29     29 0 0 0  0   0  0  0  0 0 0  0  0  0  0  0  0   0     0
30     30 0 0 0  0   0  0  0  0 0 0  0  0  0  0  0  0   0     0
31     31 0 0 0  0   0  0  0  0 0 0  0  0  0  0  0  0   0     0
32     32 0 0 0  0   0  0  0  0 0 0  0  0  0  0  0  0   0     0
33     33 0 0 0  0   0  0  0  0 0 0  0  0  0  0  0  0   0     0
34     34 0 0 0  0   0  0  0  0 0 0  0  0  0  0  0  0   0     0
35     35 0 0 0  0   0  0  0  0 0 0  0  0  0  0  0  0   0     0
36     36 0 0 0  0   0  0  0  0 0 0  0  0  0  0  0  0   0     1
37     37 0 0 0  0   0  0  0  0 0 0  0  0  0  0  0  0   0     2
38     38 0 0 0  0   0  0  0  0 0 0  0  0  0  0  0  0   0    19
39     39 0 0 0  0   0  0  0  0 0 0  0  0  0  0  0  0   0    28
40     40 0 0 0  3   5  0  0  0 0 0  0  0  0  0  0  0   8    61
41     41 0 0 0  2   2  0  0  0 0 0  0  0  0  0  0  0   4   108
42     42 0 0 0  0   5  0  0  0 0 0  0  0  0  0  0  0   5   110
43     43 0 0 0  1   3  2  0  0 0 0  0  0  0  0  0  0   6   199
44     44 0 0 1  3   5  3  0  0 0 0  0  0  0  0  0  0  12   257
45     45 0 0 0 10  11  3  0  0 0 0  0  0  0  0  0  0  24   406
46     46 0 0 0 14  24  4  1  0 0 0  0  0  0  0  0  0  43   607
47     47 0 0 0 14  53 14  0  0 0 0  0  0  0  0  0  0  81   807
48     48 0 0 0 22  39 10  0  0 0 0  0  0  0  0  0  0  71  1002
49     49 0 0 0  8  76 12  1  0 0 0  0  0  0  0  0  0  97  1226
50     50 0 0 0  7  97 24  0  0 0 0  0  0  0  0  0  0 128  1500
51     51 0 0 0  7  90 30  0  0 0 0  0  0  0  0  0  0 127  1522
52     52 0 0 0  1 107 35  0  0 0 0  0  0  0  0  0  0 143  1518
53     53 0 0 0  3 117 28  0  0 0 0  0  0  0  0  0  0 148  1452
54     54 0 0 0  5  96 41  2  0 0 0  0  0  0  0  0  0 144  1471
55     55 0 0 0  1 113 32  5  0 0 0  0  0  0  0  0  0 151  1260
56     56 0 0 0  2 103 34  6  0 0 0  0  0  0  0  0  0 145  1042
57     57 0 0 0  2  72 43  4  1 0 0  0  0  0  0  0  0 122   983
58     58 0 0 0  1  61 27  5  0 0 0  0  0  0  0  0  0  94   766
59     59 0 0 0  0  51 21  7  1 0 0  0  0  0  0  0  0  80   674
60     60 0 0 0  0  47 27 12  0 0 0  0  0  0  0  0  0  86   592
61     61 0 0 0  0  22 15  6  1 0 0  0  0  0  0  0  0  44   386
62     62 0 0 0  0  23 19 11  2 0 0  0  0  0  0  0  0  55   396
63     63 0 0 0  0  15 14 12  1 0 0  0  0  0  0  0  0  42   294
64     64 0 0 0  0   5 14  5  2 0 0  0  0  0  0  0  0  26   223
65     65 0 0 0  0   3 14 15  2 0 0  0  0  0  0  0  0  34   276
66     66 0 0 0  0   6 13 10  1 0 0  0  0  0  0  0  0  30   254
67     67 0 0 0  0   2 15 11  3 0 0  0  0  0  0  0  0  31   260
68     68 0 0 0  0   3 19  8  3 0 0  0  0  0  0  0  0  33   275
69     69 0 0 0  0   1 10 17  3 0 0  0  0  0  0  0  0  31   246
70     70 0 0 0  0   0 14  8  5 0 0  0  0  0  0  0  0  27   247
71     71 0 0 0  0   1  8  9  6 0 0  0  0  0  0  0  0  24   258
72     72 0 0 0  0   0  5  5  6 1 0  0  0  0  0  0  0  17   210
73     73 0 0 0  0   0  5 14 11 3 0  0  0  0  0  0  0  33   245
74     74 0 0 0  0   0  5  4  8 1 1  0  0  0  0  0  0  19   221
75     75 0 0 0  0   0  1  6  7 1 1  2  0  0  0  0  0  18   217
76     76 0 0 0  0   0  1 11  9 1 0  0  0  0  0  0  0  22   223
77     77 0 0 0  0   0  1  5 10 1 3  0  2  0  0  0  0  22   210
78     78 0 0 0  0   0  1  3 11 8 4  3  0  0  0  0  0  30   215
79     79 0 0 0  0   0  0  4  9 7 4  5  1  0  0  0  0  30   207
80     80 0 0 0  0   0  0  1 11 3 4  2  1  0  0  0  0  22   237
81     81 0 0 0  0   0  0  2  6 5 3  3  2  1  0  0  0  22   230
82     82 0 0 0  0   0  0  2  6 7 6  6  3  0  0  0  0  30   237
83     83 0 0 0  0   0  0  0  4 1 4  8  0  1  0  0  0  18   227
84     84 0 0 0  0   0  0  0  4 1 3  6  4  1  2  1  0  22   216
85     85 0 0 0  0   0  0  1  3 1 2  3  3  2  1  0  0  16   199
86     86 0 0 0  0   0  0  0  1 1 6  3  1  2  0  0  0  14   145
87     87 0 0 0  0   0  0  0  0 5 4  6  3  1  0  0  0  19   156
88     88 0 0 0  0   0  0  0  1 0 2  4  3  1  0  0  0  11   159
89     89 0 0 0  0   0  0  0  0 0 0  3  1  3  1  0  0   8   108
90     90 0 0 0  0   0  0  0  0 0 1  3  2  2  0  0  0   8   113
91     91 0 0 0  0   0  0  0  0 1 1  2  3  2  2  0  0  11    91
92     92 0 0 0  0   0  0  0  0 0 0  1  2  0  1  0  0   4    61
93     93 0 0 0  0   0  0  0  0 0 1  1  1  1  0  0  0   4    53
94     94 0 0 0  0   0  0  0  0 0 0  1  5  1  1  2  0  10    47
95     95 0 0 0  0   0  0  0  0 0 0  1  0  1  0  0  0   2    32
96     96 0 0 0  0   0  0  0  0 0 0  0  0  0  0  0  0   0    21
97     97 0 0 0  0   0  0  0  0 0 0  0  0  1  1  0  0   2    21
98     98 0 0 0  0   0  0  0  0 0 0  0  0  0  0  0  0   0    11
99     99 0 0 0  0   0  0  0  0 0 0  1  0  0  1  0  0   2    18
100   100 0 0 0  0   0  0  0  0 0 0  0  0  0  1  0  0   1    16
101   101 0 0 0  0   0  0  0  0 0 0  0  0  0  0  0  0   0     5
102   102 0 0 0  0   0  0  0  0 0 0  0  0  1  0  0  0   1    10
103   103 0 0 0  0   0  0  0  0 0 0  0  0  0  1  0  0   1     4
104   104 0 0 0  0   0  0  0  0 0 0  0  0  0  0  0  0   0    11
105   105 0 0 0  0   0  0  0  0 0 0  0  0  0  0  0  0   0     3
106   106 0 0 0  0   0  0  0  0 0 0  0  0  0  0  0  0   0     5
107   107 0 0 0  0   0  0  0  0 0 0  0  0  0  0  0  0   0     5
108   108 0 0 0  0   0  0  0  0 0 0  0  0  0  0  0  0   0     1
109   109 0 0 0  0   0  0  0  0 0 0  0  0  0  0  0  0   0     0
110   110 0 0 0  0   0  0  0  0 0 0  0  0  0  1  0  0   1     3
111   111 0 0 0  0   0  0  0  0 0 0  0  0  0  0  0  0   0     2
112   112 0 0 0  0   0  0  0  0 0 0  0  0  0  0  0  0   0     0
113   113 0 0 0  0   0  0  0  0 0 0  0  0  0  0  0  0   0     1
114   114 0 0 0  0   0  0  0  0 0 0  0  0  0  0  0  0   0     0
115   115 0 0 0  0   0  0  0  0 0 0  0  0  0  0  0  0   0     0
116   116 0 0 0  0   0  0  0  0 0 0  0  0  0  0  0  0   0     0
117   117 0 0 0  0   0  0  0  0 0 0  0  0  0  0  0  0   0     0
118   118 0 0 0  0   0  0  0  0 0 0  0  0  0  0  0  0   0     0
119   119 0 0 0  0   0  0  0  0 0 0  0  0  0  0  0  0   0     0
120   120 0 0 0  0   0  0  0  0 0 0  0  0  0  0  0  0   0     0
121   121 0 0 0  0   0  0  0  0 0 0  0  0  0  0  0  0   0     0
122   122 0 0 0  0   0  0  0  0 0 0  0  0  0  0  0  0   0     0
123   123 0 0 0  0   0  0  0  0 0 0  0  0  0  0  0  0   0     0
124   124 0 0 0  0   0  0  0  0 0 0  0  0  0  0  0  0   0     0
125   125 0 0 0  0   0  0  0  0 0 0  0  0  0  0  0  0   0     0
126   126 0 0 0  0   0  0  0  0 0 0  0  0  0  0  0  0   0     0
127   127 0 0 0  0   0  0  0  0 0 0  0  0  0  0  0  0   0     0
128   128 0 0 0  0   0  0  0  0 0 0  0  0  0  0  0  0   0     0
129   129 0 0 0  0   0  0  0  0 0 0  0  0  0  0  0  0   0     0
130   130 0 0 0  0   0  0  0  0 0 0  0  0  0  0  0  0   0     0
131   131 0 0 0  0   0  0  0  0 0 0  0  0  0  0  0  0   0     0
132   132 0 0 0  0   0  0  0  0 0 0  0  0  0  0  0  0   0     0
133   133 0 0 0  0   0  0  0  0 0 0  0  0  0  0  0  0   0     0
134   134 0 0 0  0   0  0  0  0 0 0  0  0  0  0  0  0   0     0
135   135 0 0 0  0   0  0  0  0 0 0  0  0  0  0  0  0   0     0
136   136 0 0 0  0   0  0  0  0 0 0  0  0  0  0  0  0   0     0
137   137 0 0 0  0   0  0  0  0 0 0  0  0  0  0  0  0   0     0
138   138 0 0 0  0   0  0  0  0 0 0  0  0  0  0  0  0   0     0
139   139 0 0 0  0   0  0  0  0 0 0  0  0  0  0  0  0   0     0
140   140 0 0 0  0   0  0  0  0 0 0  0  0  0  0  0  0   0     0
141   141 0 0 0  0   0  0  0  0 0 0  0  0  0  0  0  0   0     0
142   142 0 0 0  0   0  0  0  0 0 0  0  0  0  0  0  0   0     0
143   143 0 0 0  0   0  0  0  0 0 0  0  0  0  0  0  0   0     0
144   144 0 0 0  0   0  0  0  0 0 0  0  0  0  0  0  0   0     0
145   145 0 0 0  0   0  0  0  0 0 0  0  0  0  0  0  0   0     0
146   146 0 0 0  0   0  0  0  0 0 0  0  0  0  0  0  0   0     0
147   147 0 0 0  0   0  0  0  0 0 0  0  0  0  0  0  0   0     0
148   148 0 0 0  0   0  0  0  0 0 0  0  0  0  0  0  0   0     0
149   149 0 0 0  0   0  0  0  0 0 0  0  0  0  0  0  0   0     0
150   150 0 0 0  0   0  0  0  0 0 0  0  0  0  0  0  0   0     0

$ALK.j
    longd 0 1 2      3       4      5      6     7     8     9    10    11
1       1 0 0 0  0.000   0.000  0.000  0.000 0.000 0.000 0.000 0.000 0.000
2       2 0 0 0  0.000   0.000  0.000  0.000 0.000 0.000 0.000 0.000 0.000
3       3 0 0 0  0.000   0.000  0.000  0.000 0.000 0.000 0.000 0.000 0.000
4       4 0 0 0  0.000   0.000  0.000  0.000 0.000 0.000 0.000 0.000 0.000
5       5 0 0 0  0.000   0.000  0.000  0.000 0.000 0.000 0.000 0.000 0.000
6       6 0 0 0  0.000   0.000  0.000  0.000 0.000 0.000 0.000 0.000 0.000
7       7 0 0 0  0.000   0.000  0.000  0.000 0.000 0.000 0.000 0.000 0.000
8       8 0 0 0  0.000   0.000  0.000  0.000 0.000 0.000 0.000 0.000 0.000
9       9 0 0 0  0.000   0.000  0.000  0.000 0.000 0.000 0.000 0.000 0.000
10     10 0 0 0  0.000   0.000  0.000  0.000 0.000 0.000 0.000 0.000 0.000
11     11 0 0 0  0.000   0.000  0.000  0.000 0.000 0.000 0.000 0.000 0.000
12     12 0 0 0  0.000   0.000  0.000  0.000 0.000 0.000 0.000 0.000 0.000
13     13 0 0 0  0.000   0.000  0.000  0.000 0.000 0.000 0.000 0.000 0.000
14     14 0 0 0  0.000   0.000  0.000  0.000 0.000 0.000 0.000 0.000 0.000
15     15 0 0 0  0.000   0.000  0.000  0.000 0.000 0.000 0.000 0.000 0.000
16     16 0 0 0  0.000   0.000  0.000  0.000 0.000 0.000 0.000 0.000 0.000
17     17 0 0 0  0.000   0.000  0.000  0.000 0.000 0.000 0.000 0.000 0.000
18     18 0 0 0  0.000   0.000  0.000  0.000 0.000 0.000 0.000 0.000 0.000
19     19 0 0 0  0.000   0.000  0.000  0.000 0.000 0.000 0.000 0.000 0.000
20     20 0 0 0  0.000   0.000  0.000  0.000 0.000 0.000 0.000 0.000 0.000
21     21 0 0 0  0.000   0.000  0.000  0.000 0.000 0.000 0.000 0.000 0.000
22     22 0 0 0  0.000   0.000  0.000  0.000 0.000 0.000 0.000 0.000 0.000
23     23 0 0 0  0.000   0.000  0.000  0.000 0.000 0.000 0.000 0.000 0.000
24     24 0 0 0  0.000   0.000  0.000  0.000 0.000 0.000 0.000 0.000 0.000
25     25 0 0 0  0.000   0.000  0.000  0.000 0.000 0.000 0.000 0.000 0.000
26     26 0 0 0  0.000   0.000  0.001  0.000 0.000 0.000 0.000 0.000 0.000
27     27 0 0 0  0.000   0.000  0.002  0.000 0.000 0.000 0.000 0.000 0.000
28     28 0 0 0  0.000   0.000  0.003  0.000 0.000 0.000 0.000 0.000 0.000
29     29 0 0 0  0.000   0.000  0.006  0.000 0.000 0.000 0.000 0.000 0.000
30     30 0 0 0  0.000   0.000  0.011  0.000 0.000 0.000 0.000 0.000 0.000
31     31 0 0 0  0.000   0.000  0.019  0.000 0.000 0.000 0.000 0.000 0.000
32     32 0 0 0  0.000   0.001  0.033  0.000 0.000 0.000 0.000 0.000 0.000
33     33 0 0 0  0.001   0.004  0.055  0.000 0.000 0.000 0.000 0.000 0.000
34     34 0 0 0  0.004   0.010  0.091  0.000 0.000 0.000 0.000 0.000 0.000
35     35 0 0 0  0.013   0.025  0.147  0.000 0.000 0.000 0.000 0.000 0.000
36     36 0 0 0  0.035   0.060  0.234  0.001 0.000 0.000 0.000 0.000 0.000
37     37 0 0 0  0.088   0.138  0.363  0.001 0.000 0.000 0.000 0.000 0.000
38     38 0 0 0  0.203   0.301  0.553  0.002 0.000 0.000 0.000 0.000 0.000
39     39 0 0 0  0.435   0.625  0.825  0.004 0.000 0.000 0.000 0.000 0.000
40     40 0 0 0  0.862   1.237  1.205  0.007 0.000 0.000 0.000 0.000 0.000
41     41 0 0 0  1.578   2.333  1.724  0.012 0.000 0.000 0.000 0.000 0.000
42     42 0 0 0  2.668   4.193  2.417  0.020 0.000 0.000 0.000 0.000 0.000
43     43 0 0 0  4.168   7.180  3.318  0.034 0.000 0.000 0.000 0.000 0.000
44     44 0 0 1  6.018  11.716  4.463  0.055 0.000 0.000 0.000 0.000 0.000
45     45 0 0 0  8.030  18.216  5.879  0.086 0.000 0.000 0.000 0.000 0.000
46     46 0 0 0  9.900  26.986  7.588  0.134 0.000 0.000 0.000 0.000 0.000
47     47 0 0 0 11.278  38.093  9.592  0.204 0.000 0.000 0.000 0.000 0.000
48     48 0 0 0 11.873  51.235 11.878  0.304 0.000 0.000 0.000 0.000 0.000
49     49 0 0 0 11.550  65.661 14.408  0.444 0.000 0.000 0.000 0.000 0.000
50     50 0 0 0 10.383  80.179 17.119  0.635 0.001 0.000 0.000 0.000 0.000
51     51 0 0 0  8.625  93.289 19.925  0.890 0.002 0.000 0.000 0.000 0.000
52     52 0 0 0  6.621 103.423 22.717  1.222 0.004 0.000 0.000 0.000 0.000
53     53 0 0 0  4.696 109.249 25.370  1.644 0.007 0.000 0.000 0.000 0.000
54     54 0 0 0  3.078 109.961 27.754  2.166 0.013 0.000 0.000 0.000 0.000
55     55 0 0 0  1.864 105.456 29.741  2.797 0.024 0.000 0.000 0.000 0.000
56     56 0 0 0  1.043  96.366 31.218  3.538 0.042 0.000 0.000 0.000 0.000
57     57 0 0 0  0.540  83.906 32.100  4.385 0.073 0.000 0.000 0.000 0.000
58     58 0 0 0  0.258  69.611 32.331  5.324 0.121 0.000 0.000 0.000 0.000
59     59 0 0 0  0.114  55.027 31.898  6.334 0.197 0.000 0.000 0.000 0.000
60     60 0 0 0  0.046  41.447 30.828  7.383 0.311 0.000 0.000 0.000 0.000
61     61 0 0 0  0.018  29.746 29.184  8.430 0.476 0.000 0.000 0.000 0.000
62     62 0 0 0  0.006  20.341 27.063  9.432 0.709 0.000 0.000 0.000 0.000
63     63 0 0 0  0.002  13.254 24.583 10.338 1.027 0.001 0.000 0.000 0.000
64     64 0 0 0  0.001   8.229 21.874 11.102 1.444 0.002 0.000 0.001 0.000
65     65 0 0 0  0.000   4.868 19.065 11.680 1.975 0.006 0.001 0.001 0.000
66     66 0 0 0  0.000   2.744 16.278 12.040 2.623 0.013 0.002 0.003 0.001
67     67 0 0 0  0.000   1.474 13.614 12.159 3.386 0.029 0.004 0.006 0.001
68     68 0 0 0  0.000   0.754 11.153 12.031 4.247 0.061 0.011 0.013 0.003
69     69 0 0 0  0.000   0.368  8.950 11.662 5.177 0.119 0.024 0.026 0.006
70     70 0 0 0  0.000   0.171  7.035 11.076 6.132 0.221 0.050 0.050 0.011
71     71 0 0 0  0.000   0.076  5.417 10.306 7.057 0.388 0.100 0.092 0.021
72     72 0 0 0  0.000   0.032  4.086  9.395 7.893 0.643 0.189 0.163 0.039
73     73 0 0 0  0.000   0.013  3.019  8.392 8.579 1.005 0.337 0.276 0.068
74     74 0 0 0  0.000   0.005  2.185  7.343 9.061 1.483 0.569 0.448 0.115
75     75 0 0 0  0.000   0.002  1.549  6.295 9.299 2.066 0.905 0.695 0.187
76     76 0 0 0  0.000   0.001  1.076  5.288 9.274 2.718 1.361 1.034 0.292
77     77 0 0 0  0.000   0.000  0.732  4.351 8.988 3.376 1.932 1.474 0.439
78     78 0 0 0  0.000   0.000  0.488  3.508 8.464 3.959 2.591 2.011 0.633
79     79 0 0 0  0.000   0.000  0.318  2.771 7.746 4.383 3.280 2.629 0.879
80     80 0 0 0  0.000   0.000  0.203  2.145 6.888 4.582 3.921 3.291 1.174
81     81 0 0 0  0.000   0.000  0.127  1.626 5.952 4.522 4.428 3.946 1.506
82     82 0 0 0  0.000   0.000  0.078  1.208 4.998 4.213 4.721 4.531 1.857
83     83 0 0 0  0.000   0.000  0.047  0.879 4.078 3.707 4.753 4.983 2.202
84     84 0 0 0  0.000   0.000  0.028  0.627 3.234 3.079 4.520 5.249 2.510
85     85 0 0 0  0.000   0.000  0.016  0.438 2.492 2.414 4.059 5.295 2.749
86     86 0 0 0  0.000   0.000  0.009  0.300 1.866 1.787 3.442 5.116 2.895
87     87 0 0 0  0.000   0.000  0.005  0.201 1.357 1.249 2.756 4.734 2.931
88     88 0 0 0  0.000   0.000  0.003  0.132 0.960 0.824 2.084 4.196 2.852
89     89 0 0 0  0.000   0.000  0.001  0.085 0.659 0.514 1.488 3.561 2.668
90     90 0 0 0  0.000   0.000  0.001  0.054 0.440 0.302 1.004 2.895 2.400
91     91 0 0 0  0.000   0.000  0.000  0.033 0.286 0.168 0.639 2.254 2.074
92     92 0 0 0  0.000   0.000  0.000  0.020 0.180 0.088 0.384 1.681 1.724
93     93 0 0 0  0.000   0.000  0.000  0.012 0.110 0.044 0.218 1.201 1.377
94     94 0 0 0  0.000   0.000  0.000  0.007 0.066 0.020 0.117 0.821 1.057
95     95 0 0 0  0.000   0.000  0.000  0.004 0.038 0.009 0.059 0.538 0.780
96     96 0 0 0  0.000   0.000  0.000  0.002 0.021 0.004 0.028 0.338 0.554
97     97 0 0 0  0.000   0.000  0.000  0.001 0.012 0.001 0.013 0.203 0.378
98     98 0 0 0  0.000   0.000  0.000  0.001 0.006 0.001 0.005 0.117 0.248
99     99 0 0 0  0.000   0.000  0.000  0.000 0.003 0.000 0.002 0.064 0.156
100   100 0 0 0  0.000   0.000  0.000  0.000 0.002 0.000 0.001 0.034 0.095
101   101 0 0 0  0.000   0.000  0.000  0.000 0.001 0.000 0.000 0.017 0.055
102   102 0 0 0  0.000   0.000  0.000  0.000 0.000 0.000 0.000 0.008 0.031
103   103 0 0 0  0.000   0.000  0.000  0.000 0.000 0.000 0.000 0.004 0.017
104   104 0 0 0  0.000   0.000  0.000  0.000 0.000 0.000 0.000 0.002 0.009
105   105 0 0 0  0.000   0.000  0.000  0.000 0.000 0.000 0.000 0.001 0.004
106   106 0 0 0  0.000   0.000  0.000  0.000 0.000 0.000 0.000 0.000 0.002
107   107 0 0 0  0.000   0.000  0.000  0.000 0.000 0.000 0.000 0.000 0.001
108   108 0 0 0  0.000   0.000  0.000  0.000 0.000 0.000 0.000 0.000 0.000
109   109 0 0 0  0.000   0.000  0.000  0.000 0.000 0.000 0.000 0.000 0.000
110   110 0 0 0  0.000   0.000  0.000  0.000 0.000 0.000 0.000 0.000 0.000
111   111 0 0 0  0.000   0.000  0.000  0.000 0.000 0.000 0.000 0.000 0.000
112   112 0 0 0  0.000   0.000  0.000  0.000 0.000 0.000 0.000 0.000 0.000
113   113 0 0 0  0.000   0.000  0.000  0.000 0.000 0.000 0.000 0.000 0.000
114   114 0 0 0  0.000   0.000  0.000  0.000 0.000 0.000 0.000 0.000 0.000
115   115 0 0 0  0.000   0.000  0.000  0.000 0.000 0.000 0.000 0.000 0.000
116   116 0 0 0  0.000   0.000  0.000  0.000 0.000 0.000 0.000 0.000 0.000
117   117 0 0 0  0.000   0.000  0.000  0.000 0.000 0.000 0.000 0.000 0.000
118   118 0 0 0  0.000   0.000  0.000  0.000 0.000 0.000 0.000 0.000 0.000
119   119 0 0 0  0.000   0.000  0.000  0.000 0.000 0.000 0.000 0.000 0.000
120   120 0 0 0  0.000   0.000  0.000  0.000 0.000 0.000 0.000 0.000 0.000
121   121 0 0 0  0.000   0.000  0.000  0.000 0.000 0.000 0.000 0.000 0.000
122   122 0 0 0  0.000   0.000  0.000  0.000 0.000 0.000 0.000 0.000 0.000
123   123 0 0 0  0.000   0.000  0.000  0.000 0.000 0.000 0.000 0.000 0.000
124   124 0 0 0  0.000   0.000  0.000  0.000 0.000 0.000 0.000 0.000 0.000
125   125 0 0 0  0.000   0.000  0.000  0.000 0.000 0.000 0.000 0.000 0.000
126   126 0 0 0  0.000   0.000  0.000  0.000 0.000 0.000 0.000 0.000 0.000
127   127 0 0 0  0.000   0.000  0.000  0.000 0.000 0.000 0.000 0.000 0.000
128   128 0 0 0  0.000   0.000  0.000  0.000 0.000 0.000 0.000 0.000 0.000
129   129 0 0 0  0.000   0.000  0.000  0.000 0.000 0.000 0.000 0.000 0.000
130   130 0 0 0  0.000   0.000  0.000  0.000 0.000 0.000 0.000 0.000 0.000
131   131 0 0 0  0.000   0.000  0.000  0.000 0.000 0.000 0.000 0.000 0.000
132   132 0 0 0  0.000   0.000  0.000  0.000 0.000 0.000 0.000 0.000 0.000
133   133 0 0 0  0.000   0.000  0.000  0.000 0.000 0.000 0.000 0.000 0.000
134   134 0 0 0  0.000   0.000  0.000  0.000 0.000 0.000 0.000 0.000 0.000
135   135 0 0 0  0.000   0.000  0.000  0.000 0.000 0.000 0.000 0.000 0.000
136   136 0 0 0  0.000   0.000  0.000  0.000 0.000 0.000 0.000 0.000 0.000
137   137 0 0 0  0.000   0.000  0.000  0.000 0.000 0.000 0.000 0.000 0.000
138   138 0 0 0  0.000   0.000  0.000  0.000 0.000 0.000 0.000 0.000 0.000
139   139 0 0 0  0.000   0.000  0.000  0.000 0.000 0.000 0.000 0.000 0.000
140   140 0 0 0  0.000   0.000  0.000  0.000 0.000 0.000 0.000 0.000 0.000
141   141 0 0 0  0.000   0.000  0.000  0.000 0.000 0.000 0.000 0.000 0.000
142   142 0 0 0  0.000   0.000  0.000  0.000 0.000 0.000 0.000 0.000 0.000
143   143 0 0 0  0.000   0.000  0.000  0.000 0.000 0.000 0.000 0.000 0.000
144   144 0 0 0  0.000   0.000  0.000  0.000 0.000 0.000 0.000 0.000 0.000
145   145 0 0 0  0.000   0.000  0.000  0.000 0.000 0.000 0.000 0.000 0.000
146   146 0 0 0  0.000   0.000  0.000  0.000 0.000 0.000 0.000 0.000 0.000
147   147 0 0 0  0.000   0.000  0.000  0.000 0.000 0.000 0.000 0.000 0.000
148   148 0 0 0  0.000   0.000  0.000  0.000 0.000 0.000 0.000 0.000 0.000
149   149 0 0 0  0.000   0.000  0.000  0.000 0.000 0.000 0.000 0.000 0.000
150   150 0 0 0  0.000   0.000  0.000  0.000 0.000 0.000 0.000 0.000 0.000
       12    13    14 15     Sum Matad
1   0.000 0.000 0.000  0   0.000     0
2   0.000 0.000 0.000  0   0.000     0
3   0.000 0.000 0.000  0   0.000     0
4   0.000 0.000 0.000  0   0.000     0
5   0.000 0.000 0.000  0   0.000     0
6   0.000 0.000 0.000  0   0.000     0
7   0.000 0.000 0.000  0   0.000     0
8   0.000 0.000 0.000  0   0.000     0
9   0.000 0.000 0.000  0   0.000     0
10  0.000 0.000 0.000  0   0.000     0
11  0.000 0.000 0.000  0   0.000     0
12  0.000 0.000 0.000  0   0.000     0
13  0.000 0.000 0.000  0   0.000     0
14  0.000 0.000 0.000  0   0.000     0
15  0.000 0.000 0.000  0   0.000     0
16  0.000 0.000 0.000  0   0.000     0
17  0.000 0.000 0.000  0   0.000     0
18  0.000 0.000 0.000  0   0.000     0
19  0.000 0.000 0.000  0   0.000     0
20  0.000 0.000 0.000  0   0.000     0
21  0.000 0.000 0.000  0   0.000     0
22  0.000 0.000 0.000  0   0.000     0
23  0.000 0.000 0.000  0   0.000     0
24  0.000 0.000 0.000  0   0.000     0
25  0.000 0.000 0.000  0   0.000     0
26  0.000 0.000 0.000  0   0.001     0
27  0.000 0.000 0.000  0   0.002     0
28  0.000 0.000 0.000  0   0.003     0
29  0.000 0.000 0.000  0   0.006     0
30  0.000 0.000 0.000  0   0.011     0
31  0.000 0.000 0.000  0   0.019     0
32  0.000 0.000 0.000  0   0.034     0
33  0.000 0.000 0.000  0   0.060     0
34  0.000 0.000 0.000  0   0.105     0
35  0.000 0.000 0.000  0   0.186     0
36  0.000 0.000 0.000  0   0.330     1
37  0.000 0.000 0.000  0   0.590     2
38  0.000 0.000 0.000  0   1.059    19
39  0.000 0.000 0.000  0   1.889    28
40  0.000 0.000 0.000  0   3.311    61
41  0.000 0.000 0.000  0   5.647   108
42  0.000 0.000 0.000  0   9.297   110
43  0.000 0.000 0.000  0  14.700   199
44  0.000 0.000 0.000  0  23.252   257
45  0.000 0.000 0.000  0  32.211   406
46  0.000 0.000 0.000  0  44.608   607
47  0.000 0.000 0.000  0  59.167   807
48  0.000 0.000 0.000  0  75.290  1002
49  0.000 0.000 0.000  0  92.063  1226
50  0.000 0.000 0.000  0 108.317  1500
51  0.000 0.000 0.000  0 122.730  1522
52  0.000 0.000 0.000  0 133.985  1518
53  0.000 0.000 0.000  0 140.966  1452
54  0.000 0.000 0.000  0 142.971  1471
55  0.000 0.000 0.000  0 139.882  1260
56  0.000 0.000 0.000  0 132.208  1042
57  0.000 0.000 0.000  0 121.002   983
58  0.000 0.000 0.000  0 107.645   766
59  0.000 0.000 0.000  0  93.570   674
60  0.000 0.000 0.000  0  80.014   592
61  0.000 0.000 0.000  0  67.854   386
62  0.000 0.000 0.000  0  57.552   396
63  0.000 0.000 0.000  0  49.205   294
64  0.000 0.000 0.000  0  42.653   223
65  0.000 0.001 0.000  0  37.597   276
66  0.000 0.001 0.000  0  33.704   254
67  0.000 0.002 0.000  0  30.675   260
68  0.000 0.003 0.000  0  28.274   275
69  0.000 0.004 0.000  0  26.336   246
70  0.001 0.007 0.000  0  24.754   247
71  0.002 0.010 0.001  0  23.470   258
72  0.004 0.014 0.001  0  22.459   210
73  0.008 0.020 0.002  0  21.718   245
74  0.015 0.027 0.003  0  21.253   221
75  0.028 0.037 0.005  0  21.069   217
76  0.049 0.050 0.008  0  21.150   223
77  0.081 0.067 0.013  0  21.452   210
78  0.130 0.087 0.019  0  21.890   215
79  0.201 0.112 0.027  0  22.346   207
80  0.297 0.141 0.038  0  22.680   237
81  0.423 0.175 0.051  0  22.756   230
82  0.578 0.214 0.067  0  22.466   237
83  0.760 0.257 0.086  0  21.752   227
84  0.958 0.304 0.106  0  20.613   216
85  1.161 0.354 0.128  0  19.105   199
86  1.351 0.405 0.150  0  17.320   145
87  1.511 0.456 0.169  0  15.370   156
88  1.624 0.505 0.186  0  13.366   159
89  1.676 0.551 0.199  0  11.402   108
90  1.661 0.590 0.206  0   9.553   113
91  1.582 0.623 0.207  0   7.867    91
92  1.448 0.646 0.202  0   6.373    61
93  1.273 0.660 0.191  0   5.085    53
94  1.074 0.663 0.175  0   4.001    47
95  0.872 0.655 0.156  0   3.111    32
96  0.679 0.637 0.135  0   2.398    21
97  0.508 0.609 0.114  0   1.838    21
98  0.366 0.573 0.093  0   1.408    11
99  0.253 0.530 0.073  0   1.082    18
100 0.168 0.483 0.056  0   0.838    16
101 0.107 0.432 0.042  0   0.655     5
102 0.065 0.381 0.030  0   0.516    10
103 0.039 0.330 0.021  0   0.411     4
104 0.022 0.282 0.014  0   0.328    11
105 0.012 0.237 0.010  0   0.263     3
106 0.006 0.195 0.006  0   0.210     5
107 0.003 0.159 0.004  0   0.167     5
108 0.001 0.127 0.002  0   0.131     1
109 0.001 0.100 0.001  0   0.102     0
110 0.000 0.077 0.001  0   0.078     3
111 0.000 0.059 0.000  0   0.059     2
112 0.000 0.044 0.000  0   0.044     0
113 0.000 0.032 0.000  0   0.032     1
114 0.000 0.023 0.000  0   0.023     0
115 0.000 0.017 0.000  0   0.017     0
116 0.000 0.012 0.000  0   0.012     0
117 0.000 0.008 0.000  0   0.008     0
118 0.000 0.005 0.000  0   0.005     0
119 0.000 0.004 0.000  0   0.004     0
120 0.000 0.002 0.000  0   0.002     0
121 0.000 0.002 0.000  0   0.002     0
122 0.000 0.001 0.000  0   0.001     0
123 0.000 0.001 0.000  0   0.001     0
124 0.000 0.000 0.000  0   0.000     0
125 0.000 0.000 0.000  0   0.000     0
126 0.000 0.000 0.000  0   0.000     0
127 0.000 0.000 0.000  0   0.000     0
128 0.000 0.000 0.000  0   0.000     0
129 0.000 0.000 0.000  0   0.000     0
130 0.000 0.000 0.000  0   0.000     0
131 0.000 0.000 0.000  0   0.000     0
132 0.000 0.000 0.000  0   0.000     0
133 0.000 0.000 0.000  0   0.000     0
134 0.000 0.000 0.000  0   0.000     0
135 0.000 0.000 0.000  0   0.000     0
136 0.000 0.000 0.000  0   0.000     0
137 0.000 0.000 0.000  0   0.000     0
138 0.000 0.000 0.000  0   0.000     0
139 0.000 0.000 0.000  0   0.000     0
140 0.000 0.000 0.000  0   0.000     0
141 0.000 0.000 0.000  0   0.000     0
142 0.000 0.000 0.000  0   0.000     0
143 0.000 0.000 0.000  0   0.000     0
144 0.000 0.000 0.000  0   0.000     0
145 0.000 0.000 0.000  0   0.000     0
146 0.000 0.000 0.000  0   0.000     0
147 0.000 0.000 0.000  0   0.000     0
148 0.000 0.000 0.000  0   0.000     0
149 0.000 0.000 0.000  0   0.000     0
150 0.000 0.000 0.000  0   0.000     0


 .... [TRUNCATED] 
>>>>>>>>>>>>>> 	 ALD-lykil 	 <<<<<<<<<<<<
 .... [TRUNCATED] 
$ALD
              0        1        2        3         4        5        6        7
1         0.000    0.000    0.000    0.000     0.000    0.000    0.000    0.000
2         0.000    0.000    0.000    0.000     0.000    0.000    0.000    0.000
3         0.000    0.000    0.000    0.000     0.000    0.000    0.000    0.000
4         0.000    0.000    0.000    0.000     0.000    0.000    0.000    0.000
5         0.000    0.000    0.000    0.000     0.000    0.000    0.000    0.000
6         0.000    0.000    0.000    0.000     0.000    0.000    0.000    0.000
7         0.000    0.000    0.000    0.000     0.000    0.000    0.000    0.000
8         0.000    0.000    0.000    0.000     0.000    0.000    0.000    0.000
9         0.000    0.000    0.000    0.000     0.000    0.000    0.000    0.000
10        0.000    0.000    0.000    0.000     0.000    0.000    0.000    0.000
11        0.000    0.000    0.000    0.000     0.000    0.000    0.000    0.000
12        0.000    0.000    0.000    0.000     0.000    0.000    0.000    0.000
13        0.000    0.000    0.000    0.000     0.000    0.000    0.000    0.000
14        0.000    0.000    0.000    0.000     0.000    0.000    0.000    0.000
15        0.000    0.000    0.000    0.000     0.000    0.000    0.000    0.000
16        0.000    0.000    0.000    0.000     0.000    0.000    0.000    0.000
17        0.000    0.000    0.000    0.000     0.000    0.000    0.000    0.000
18        0.000    0.000    0.000    0.000     0.000    0.000    0.000    0.000
19        0.000    0.000    0.000    0.000     0.000    0.000    0.000    0.000
20        0.000    0.000    0.000    0.000     0.000    0.000    0.000    0.000
21        0.000    0.000    0.000    0.000     0.000    0.000    0.000    0.000
22        0.000    0.000    0.000    0.000     0.000    0.000    0.000    0.000
23        0.000    0.000    0.000    0.000     0.000    0.000    0.000    0.000
24        0.000    0.000    0.000    0.000     0.000    0.000    0.000    0.000
25        0.000    0.000    0.000    0.000     0.000    0.000    0.000    0.000
26        0.000    0.000    0.000    0.000     0.000    0.000    0.000    0.000
27        0.000    0.000    0.000    0.000     0.000    0.000    0.000    0.000
28        0.000    0.000    0.000    0.000     0.000    0.000    0.000    0.000
29        0.000    0.000    0.000    0.000     0.000    0.000    0.000    0.000
30        0.000    0.000    0.000    0.000     0.000    0.000    0.000    0.000
31        0.000    0.000    0.000    0.000     0.000    0.000    0.000    0.000
32        0.000    0.000    0.000    0.000     0.000    0.000    0.000    0.000
33        0.000    0.000    0.000    0.000     0.000    0.000    0.000    0.000
34        0.000    0.000    0.000    0.000     0.000    0.000    0.000    0.000
35        0.000    0.000    0.000    0.000     0.000    0.000    0.000    0.000
36        0.000    0.000    0.000    0.000     0.000    0.000    0.000    0.000
37        0.000    0.000    0.000    0.000     0.000    0.000    0.000    0.000
38        0.000    0.000    0.000    0.000     0.000    0.000    0.000    0.000
39        0.000    0.000    0.000    0.000     0.000    0.000    0.000    0.000
40        0.000    0.000    0.000   22.875    38.125    0.000    0.000    0.000
41        0.000    0.000    0.000   54.000    54.000    0.000    0.000    0.000
42        0.000    0.000    0.000    0.000   110.000    0.000    0.000    0.000
43        0.000    0.000    0.000   33.167    99.500   66.333    0.000    0.000
44        0.000    0.000   21.417   64.250   107.083   64.250    0.000    0.000
45        0.000    0.000    0.000  169.167   186.083   50.750    0.000    0.000
46        0.000    0.000    0.000  197.628   338.791   56.465   14.116    0.000
47        0.000    0.000    0.000  139.481   528.037  139.481    0.000    0.000
48        0.000    0.000    0.000  310.479   550.394  141.127    0.000    0.000
49        0.000    0.000    0.000  101.113   960.577  151.670   12.639    0.000
50        0.000    0.000    0.000   82.031  1136.719  281.250    0.000    0.000
51        0.000    0.000    0.000   83.890  1078.583  359.528    0.000    0.000
52        0.000    0.000    0.000   10.615  1135.846  371.538    0.000    0.000
53        0.000    0.000    0.000   29.432  1147.865  274.703    0.000    0.000
54        0.000    0.000    0.000   51.076   980.667  418.826   20.431    0.000
55        0.000    0.000    0.000    8.344   942.914  267.020   41.722    0.000
56        0.000    0.000    0.000   14.372   740.179  244.331   43.117    0.000
57        0.000    0.000    0.000   16.115   580.131  346.467   32.230    8.057
58        0.000    0.000    0.000    8.149   497.085  220.021   40.745    0.000
59        0.000    0.000    0.000    0.000   429.675  176.925   58.975    8.425
60        0.000    0.000    0.000    0.000   323.535  185.860   82.605    0.000
61        0.000    0.000    0.000    0.000   193.000  131.591   52.636    8.773
62        0.000    0.000    0.000    0.000   165.600  136.800   79.200   14.400
63        0.000    0.000    0.000    0.000   105.000   98.000   84.000    7.000
64        0.000    0.000    0.000    0.000    42.885  120.077   42.885   17.154
65        0.000    0.000    0.000    0.000    24.353  113.647  121.765   16.235
66        0.000    0.000    0.000    0.000    50.800  110.067   84.667    8.467
67        0.000    0.000    0.000    0.000    16.774  125.806   92.258   25.161
68        0.000    0.000    0.000    0.000    25.000  158.333   66.667   25.000
69        0.000    0.000    0.000    0.000     7.935   79.355  134.903   23.806
70        0.000    0.000    0.000    0.000     0.000  128.074   73.185   45.741
71        0.000    0.000    0.000    0.000    10.750   86.000   96.750   64.500
72        0.000    0.000    0.000    0.000     0.000   61.765   61.765   74.118
73        0.000    0.000    0.000    0.000     0.000   37.121  103.939   81.667
74        0.000    0.000    0.000    0.000     0.000   58.158   46.526   93.053
75        0.000    0.000    0.000    0.000     0.000   12.056   72.333   84.389
76        0.000    0.000    0.000    0.000     0.000   10.136  111.500   91.227
77        0.000    0.000    0.000    0.000     0.000    9.545   47.727   95.455
78        0.000    0.000    0.000    0.000     0.000    7.167   21.500   78.833
79        0.000    0.000    0.000    0.000     0.000    0.000   27.600   62.100
80        0.000    0.000    0.000    0.000     0.000    0.000   10.773  118.500
81        0.000    0.000    0.000    0.000     0.000    0.000   20.909   62.727
82        0.000    0.000    0.000    0.000     0.000    0.000   15.800   47.400
83        0.000    0.000    0.000    0.000     0.000    0.000    0.000   50.444
84        0.000    0.000    0.000    0.000     0.000    0.000    0.000   39.273
85        0.000    0.000    0.000    0.000     0.000    0.000   12.438   37.312
86        0.000    0.000    0.000    0.000     0.000    0.000    0.000   10.357
87        0.000    0.000    0.000    0.000     0.000    0.000    0.000    0.000
88        0.000    0.000    0.000    0.000     0.000    0.000    0.000   14.455
89        0.000    0.000    0.000    0.000     0.000    0.000    0.000    0.000
90        0.000    0.000    0.000    0.000     0.000    0.000    0.000    0.000
91        0.000    0.000    0.000    0.000     0.000    0.000    0.000    0.000
92        0.000    0.000    0.000    0.000     0.000    0.000    0.000    0.000
93        0.000    0.000    0.000    0.000     0.000    0.000    0.000    0.000
94        0.000    0.000    0.000    0.000     0.000    0.000    0.000    0.000
95        0.000    0.000    0.000    0.000     0.000    0.000    0.000    0.000
96        0.000    0.000    0.000    0.000     0.000    0.000    0.000    0.000
97        0.000    0.000    0.000    0.000     0.000    0.000    0.000    0.000
98        0.000    0.000    0.000    0.000     0.000    0.000    0.000    0.000
99        0.000    0.000    0.000    0.000     0.000    0.000    0.000    0.000
100       0.000    0.000    0.000    0.000     0.000    0.000    0.000    0.000
101       0.000    0.000    0.000    0.000     0.000    0.000    0.000    0.000
102       0.000    0.000    0.000    0.000     0.000    0.000    0.000    0.000
103       0.000    0.000    0.000    0.000     0.000    0.000    0.000    0.000
104       0.000    0.000    0.000    0.000     0.000    0.000    0.000    0.000
105       0.000    0.000    0.000    0.000     0.000    0.000    0.000    0.000
106       0.000    0.000    0.000    0.000     0.000    0.000    0.000    0.000
107       0.000    0.000    0.000    0.000     0.000    0.000    0.000    0.000
108       0.000    0.000    0.000    0.000     0.000    0.000    0.000    0.000
109       0.000    0.000    0.000    0.000     0.000    0.000    0.000    0.000
110       0.000    0.000    0.000    0.000     0.000    0.000    0.000    0.000
111       0.000    0.000    0.000    0.000     0.000    0.000    0.000    0.000
112       0.000    0.000    0.000    0.000     0.000    0.000    0.000    0.000
113       0.000    0.000    0.000    0.000     0.000    0.000    0.000    0.000
114       0.000    0.000    0.000    0.000     0.000    0.000    0.000    0.000
115       0.000    0.000    0.000    0.000     0.000    0.000    0.000    0.000
116       0.000    0.000    0.000    0.000     0.000    0.000    0.000    0.000
117       0.000    0.000    0.000    0.000     0.000    0.000    0.000    0.000
118       0.000    0.000    0.000    0.000     0.000    0.000    0.000    0.000
119       0.000    0.000    0.000    0.000     0.000    0.000    0.000    0.000
120       0.000    0.000    0.000    0.000     0.000    0.000    0.000    0.000
121       0.000    0.000    0.000    0.000     0.000    0.000    0.000    0.000
122       0.000    0.000    0.000    0.000     0.000    0.000    0.000    0.000
123       0.000    0.000    0.000    0.000     0.000    0.000    0.000    0.000
124       0.000    0.000    0.000    0.000     0.000    0.000    0.000    0.000
125       0.000    0.000    0.000    0.000     0.000    0.000    0.000    0.000
126       0.000    0.000    0.000    0.000     0.000    0.000    0.000    0.000
127       0.000    0.000    0.000    0.000     0.000    0.000    0.000    0.000
128       0.000    0.000    0.000    0.000     0.000    0.000    0.000    0.000
129       0.000    0.000    0.000    0.000     0.000    0.000    0.000    0.000
130       0.000    0.000    0.000    0.000     0.000    0.000    0.000    0.000
131       0.000    0.000    0.000    0.000     0.000    0.000    0.000    0.000
132       0.000    0.000    0.000    0.000     0.000    0.000    0.000    0.000
133       0.000    0.000    0.000    0.000     0.000    0.000    0.000    0.000
134       0.000    0.000    0.000    0.000     0.000    0.000    0.000    0.000
135       0.000    0.000    0.000    0.000     0.000    0.000    0.000    0.000
136       0.000    0.000    0.000    0.000     0.000    0.000    0.000    0.000
137       0.000    0.000    0.000    0.000     0.000    0.000    0.000    0.000
138       0.000    0.000    0.000    0.000     0.000    0.000    0.000    0.000
139       0.000    0.000    0.000    0.000     0.000    0.000    0.000    0.000
140       0.000    0.000    0.000    0.000     0.000    0.000    0.000    0.000
141       0.000    0.000    0.000    0.000     0.000    0.000    0.000    0.000
142       0.000    0.000    0.000    0.000     0.000    0.000    0.000    0.000
143       0.000    0.000    0.000    0.000     0.000    0.000    0.000    0.000
144       0.000    0.000    0.000    0.000     0.000    0.000    0.000    0.000
145       0.000    0.000    0.000    0.000     0.000    0.000    0.000    0.000
146       0.000    0.000    0.000    0.000     0.000    0.000    0.000    0.000
147       0.000    0.000    0.000    0.000     0.000    0.000    0.000    0.000
148       0.000    0.000    0.000    0.000     0.000    0.000    0.000    0.000
149       0.000    0.000    0.000    0.000     0.000    0.000    0.000    0.000
150       0.000    0.000    0.000    0.000     0.000    0.000    0.000    0.000
Sum       0.000    0.000   21.417 1396.186 12607.887 5300.245 1828.305 1314.029
mW        0.000    0.000    0.720    0.911     1.230    1.568    2.494    3.423
mL        0.000    0.000   44.000   47.555    52.720   56.951   67.378   75.711
pA        0.000    0.000    0.001    0.056     0.508    0.214    0.074    0.053
tot.mW 1822.780 1822.780 1822.780 1822.780  1822.780 1822.780 1822.780 1822.780
tot.mL   58.663   58.663   58.663   58.663    58.663   58.663   58.663   58.663
              8        9       10       11       12       13       14       15
1         0.000    0.000    0.000    0.000    0.000    0.000    0.000    0.000
2         0.000    0.000    0.000    0.000    0.000    0.000    0.000    0.000
3         0.000    0.000    0.000    0.000    0.000    0.000    0.000    0.000
4         0.000    0.000    0.000    0.000    0.000    0.000    0.000    0.000
5         0.000    0.000    0.000    0.000    0.000    0.000    0.000    0.000
6         0.000    0.000    0.000    0.000    0.000    0.000    0.000    0.000
7         0.000    0.000    0.000    0.000    0.000    0.000    0.000    0.000
8         0.000    0.000    0.000    0.000    0.000    0.000    0.000    0.000
9         0.000    0.000    0.000    0.000    0.000    0.000    0.000    0.000
10        0.000    0.000    0.000    0.000    0.000    0.000    0.000    0.000
11        0.000    0.000    0.000    0.000    0.000    0.000    0.000    0.000
12        0.000    0.000    0.000    0.000    0.000    0.000    0.000    0.000
13        0.000    0.000    0.000    0.000    0.000    0.000    0.000    0.000
14        0.000    0.000    0.000    0.000    0.000    0.000    0.000    0.000
15        0.000    0.000    0.000    0.000    0.000    0.000    0.000    0.000
16        0.000    0.000    0.000    0.000    0.000    0.000    0.000    0.000
17        0.000    0.000    0.000    0.000    0.000    0.000    0.000    0.000
18        0.000    0.000    0.000    0.000    0.000    0.000    0.000    0.000
19        0.000    0.000    0.000    0.000    0.000    0.000    0.000    0.000
20        0.000    0.000    0.000    0.000    0.000    0.000    0.000    0.000
21        0.000    0.000    0.000    0.000    0.000    0.000    0.000    0.000
22        0.000    0.000    0.000    0.000    0.000    0.000    0.000    0.000
23        0.000    0.000    0.000    0.000    0.000    0.000    0.000    0.000
24        0.000    0.000    0.000    0.000    0.000    0.000    0.000    0.000
25        0.000    0.000    0.000    0.000    0.000    0.000    0.000    0.000
26        0.000    0.000    0.000    0.000    0.000    0.000    0.000    0.000
27        0.000    0.000    0.000    0.000    0.000    0.000    0.000    0.000
28        0.000    0.000    0.000    0.000    0.000    0.000    0.000    0.000
29        0.000    0.000    0.000    0.000    0.000    0.000    0.000    0.000
30        0.000    0.000    0.000    0.000    0.000    0.000    0.000    0.000
31        0.000    0.000    0.000    0.000    0.000    0.000    0.000    0.000
32        0.000    0.000    0.000    0.000    0.000    0.000    0.000    0.000
33        0.000    0.000    0.000    0.000    0.000    0.000    0.000    0.000
34        0.000    0.000    0.000    0.000    0.000    0.000    0.000    0.000
35        0.000    0.000    0.000    0.000    0.000    0.000    0.000    0.000
36        0.000    0.000    0.000    0.000    0.000    0.000    0.000    0.000
37        0.000    0.000    0.000    0.000    0.000    0.000    0.000    0.000
38        0.000    0.000    0.000    0.000    0.000    0.000    0.000    0.000
39        0.000    0.000    0.000    0.000    0.000    0.000    0.000    0.000
40        0.000    0.000    0.000    0.000    0.000    0.000    0.000    0.000
41        0.000    0.000    0.000    0.000    0.000    0.000    0.000    0.000
42        0.000    0.000    0.000    0.000    0.000    0.000    0.000    0.000
43        0.000    0.000    0.000    0.000    0.000    0.000    0.000    0.000
44        0.000    0.000    0.000    0.000    0.000    0.000    0.000    0.000
45        0.000    0.000    0.000    0.000    0.000    0.000    0.000    0.000
46        0.000    0.000    0.000    0.000    0.000    0.000    0.000    0.000
47        0.000    0.000    0.000    0.000    0.000    0.000    0.000    0.000
48        0.000    0.000    0.000    0.000    0.000    0.000    0.000    0.000
49        0.000    0.000    0.000    0.000    0.000    0.000    0.000    0.000
50        0.000    0.000    0.000    0.000    0.000    0.000    0.000    0.000
51        0.000    0.000    0.000    0.000    0.000    0.000    0.000    0.000
52        0.000    0.000    0.000    0.000    0.000    0.000    0.000    0.000
53        0.000    0.000    0.000    0.000    0.000    0.000    0.000    0.000
54        0.000    0.000    0.000    0.000    0.000    0.000    0.000    0.000
55        0.000    0.000    0.000    0.000    0.000    0.000    0.000    0.000
56        0.000    0.000    0.000    0.000    0.000    0.000    0.000    0.000
57        0.000    0.000    0.000    0.000    0.000    0.000    0.000    0.000
58        0.000    0.000    0.000    0.000    0.000    0.000    0.000    0.000
59        0.000    0.000    0.000    0.000    0.000    0.000    0.000    0.000
60        0.000    0.000    0.000    0.000    0.000    0.000    0.000    0.000
61        0.000    0.000    0.000    0.000    0.000    0.000    0.000    0.000
62        0.000    0.000    0.000    0.000    0.000    0.000    0.000    0.000
63        0.000    0.000    0.000    0.000    0.000    0.000    0.000    0.000
64        0.000    0.000    0.000    0.000    0.000    0.000    0.000    0.000
65        0.000    0.000    0.000    0.000    0.000    0.000    0.000    0.000
66        0.000    0.000    0.000    0.000    0.000    0.000    0.000    0.000
67        0.000    0.000    0.000    0.000    0.000    0.000    0.000    0.000
68        0.000    0.000    0.000    0.000    0.000    0.000    0.000    0.000
69        0.000    0.000    0.000    0.000    0.000    0.000    0.000    0.000
70        0.000    0.000    0.000    0.000    0.000    0.000    0.000    0.000
71        0.000    0.000    0.000    0.000    0.000    0.000    0.000    0.000
72       12.353    0.000    0.000    0.000    0.000    0.000    0.000    0.000
73       22.273    0.000    0.000    0.000    0.000    0.000    0.000    0.000
74       11.632   11.632    0.000    0.000    0.000    0.000    0.000    0.000
75       12.056   12.056   24.111    0.000    0.000    0.000    0.000    0.000
76       10.136    0.000    0.000    0.000    0.000    0.000    0.000    0.000
77        9.545   28.636    0.000   19.091    0.000    0.000    0.000    0.000
78       57.333   28.667   21.500    0.000    0.000    0.000    0.000    0.000
79       48.300   27.600   34.500    6.900    0.000    0.000    0.000    0.000
80       32.318   43.091   21.545   10.773    0.000    0.000    0.000    0.000
81       52.273   31.364   31.364   20.909   10.455    0.000    0.000    0.000
82       55.300   47.400   47.400   23.700    0.000    0.000    0.000    0.000
83       12.611   50.444  100.889    0.000   12.611    0.000    0.000    0.000
84        9.818   29.455   58.909   39.273    9.818   19.636    9.818    0.000
85       12.438   24.875   37.312   37.312   24.875   12.438    0.000    0.000
86       10.357   62.143   31.071   10.357   20.714    0.000    0.000    0.000
87       41.053   32.842   49.263   24.632    8.211    0.000    0.000    0.000
88        0.000   28.909   57.818   43.364   14.455    0.000    0.000    0.000
89        0.000    0.000   40.500   13.500   40.500   13.500    0.000    0.000
90        0.000   14.125   42.375   28.250   28.250    0.000    0.000    0.000
91        8.273    8.273   16.545   24.818   16.545   16.545    0.000    0.000
92        0.000    0.000   15.250   30.500    0.000   15.250    0.000    0.000
93        0.000   13.250   13.250   13.250   13.250    0.000    0.000    0.000
94        0.000    0.000    4.700   23.500    4.700    4.700    9.400    0.000
95        0.000    0.000   16.000    0.000   16.000    0.000    0.000    0.000
96        0.000    0.000    0.000    0.000    0.000    0.000    0.000    0.000
97        0.000    0.000    0.000    0.000   10.500   10.500    0.000    0.000
98        0.000    0.000    0.000    0.000    0.000    0.000    0.000    0.000
99        0.000    0.000    9.000    0.000    0.000    9.000    0.000    0.000
100       0.000    0.000    0.000    0.000    0.000   16.000    0.000    0.000
101       0.000    0.000    0.000    0.000    0.000    0.000    0.000    0.000
102       0.000    0.000    0.000    0.000   10.000    0.000    0.000    0.000
103       0.000    0.000    0.000    0.000    0.000    4.000    0.000    0.000
104       0.000    0.000    0.000    0.000    0.000    0.000    0.000    0.000
105       0.000    0.000    0.000    0.000    0.000    0.000    0.000    0.000
106       0.000    0.000    0.000    0.000    0.000    0.000    0.000    0.000
107       0.000    0.000    0.000    0.000    0.000    0.000    0.000    0.000
108       0.000    0.000    0.000    0.000    0.000    0.000    0.000    0.000
109       0.000    0.000    0.000    0.000    0.000    0.000    0.000    0.000
110       0.000    0.000    0.000    0.000    0.000    3.000    0.000    0.000
111       0.000    0.000    0.000    0.000    0.000    0.000    0.000    0.000
112       0.000    0.000    0.000    0.000    0.000    0.000    0.000    0.000
113       0.000    0.000    0.000    0.000    0.000    0.000    0.000    0.000
114       0.000    0.000    0.000    0.000    0.000    0.000    0.000    0.000
115       0.000    0.000    0.000    0.000    0.000    0.000    0.000    0.000
116       0.000    0.000    0.000    0.000    0.000    0.000    0.000    0.000
117       0.000    0.000    0.000    0.000    0.000    0.000    0.000    0.000
118       0.000    0.000    0.000    0.000    0.000    0.000    0.000    0.000
119       0.000    0.000    0.000    0.000    0.000    0.000    0.000    0.000
120       0.000    0.000    0.000    0.000    0.000    0.000    0.000    0.000
121       0.000    0.000    0.000    0.000    0.000    0.000    0.000    0.000
122       0.000    0.000    0.000    0.000    0.000    0.000    0.000    0.000
123       0.000    0.000    0.000    0.000    0.000    0.000    0.000    0.000
124       0.000    0.000    0.000    0.000    0.000    0.000    0.000    0.000
125       0.000    0.000    0.000    0.000    0.000    0.000    0.000    0.000
126       0.000    0.000    0.000    0.000    0.000    0.000    0.000    0.000
127       0.000    0.000    0.000    0.000    0.000    0.000    0.000    0.000
128       0.000    0.000    0.000    0.000    0.000    0.000    0.000    0.000
129       0.000    0.000    0.000    0.000    0.000    0.000    0.000    0.000
130       0.000    0.000    0.000    0.000    0.000    0.000    0.000    0.000
131       0.000    0.000    0.000    0.000    0.000    0.000    0.000    0.000
132       0.000    0.000    0.000    0.000    0.000    0.000    0.000    0.000
133       0.000    0.000    0.000    0.000    0.000    0.000    0.000    0.000
134       0.000    0.000    0.000    0.000    0.000    0.000    0.000    0.000
135       0.000    0.000    0.000    0.000    0.000    0.000    0.000    0.000
136       0.000    0.000    0.000    0.000    0.000    0.000    0.000    0.000
137       0.000    0.000    0.000    0.000    0.000    0.000    0.000    0.000
138       0.000    0.000    0.000    0.000    0.000    0.000    0.000    0.000
139       0.000    0.000    0.000    0.000    0.000    0.000    0.000    0.000
140       0.000    0.000    0.000    0.000    0.000    0.000    0.000    0.000
141       0.000    0.000    0.000    0.000    0.000    0.000    0.000    0.000
142       0.000    0.000    0.000    0.000    0.000    0.000    0.000    0.000
143       0.000    0.000    0.000    0.000    0.000    0.000    0.000    0.000
144       0.000    0.000    0.000    0.000    0.000    0.000    0.000    0.000
145       0.000    0.000    0.000    0.000    0.000    0.000    0.000    0.000
146       0.000    0.000    0.000    0.000    0.000    0.000    0.000    0.000
147       0.000    0.000    0.000    0.000    0.000    0.000    0.000    0.000
148       0.000    0.000    0.000    0.000    0.000    0.000    0.000    0.000
149       0.000    0.000    0.000    0.000    0.000    0.000    0.000    0.000
150       0.000    0.000    0.000    0.000    0.000    0.000    0.000    0.000
Sum     418.068  494.760  673.304  370.128  240.884  124.569   19.218    0.000
mW        4.017    4.404    4.746    4.994    5.417    6.022    5.369    0.000
mL       80.301   82.947   85.117   86.707   89.235   92.463   89.000    0.000
pA        0.017    0.020    0.027    0.015    0.010    0.005    0.001    0.000
tot.mW 1822.780 1822.780 1822.780 1822.780 1822.780 1822.780 1822.780 1822.780
tot.mL   58.663   58.663   58.663   58.663   58.663   58.663   58.663   58.663
           Matad       Sum
1          0.000     0.000
2          0.000     0.000
3          0.000     0.000
4          0.000     0.000
5          0.000     0.000
6          0.000     0.000
7          0.000     0.000
8          0.000     0.000
9          0.000     0.000
10         0.000     0.000
11         0.000     0.000
12         0.000     0.000
13         0.000     0.000
14         0.000     0.000
15         0.000     0.000
16         0.000     0.000
17         0.000     0.000
18         0.000     0.000
19         0.000     0.000
20         0.000     0.000
21         0.000     0.000
22         0.000     0.000
23         0.000     0.000
24         0.000     0.000
25         0.000     0.000
26         0.000     0.000
27         0.000     0.000
28         0.000     0.000
29         0.000     0.000
30         0.000     0.000
31         0.000     0.000
32         0.000     0.000
33         0.000     0.000
34         0.000     0.000
35         0.000     0.000
36         1.000     0.000
37         2.000     0.000
38        19.000     0.000
39        28.000     0.000
40        61.000    61.000
41       108.000   108.000
42       110.000   110.000
43       199.000   199.000
44       257.000   257.000
45       406.000   406.000
46       607.000   607.000
47       807.000   807.000
48      1002.000  1002.000
49      1226.000  1226.000
50      1500.000  1500.000
51      1522.000  1522.000
52      1518.000  1518.000
53      1452.000  1452.000
54      1471.000  1471.000
55      1260.000  1260.000
56      1042.000  1042.000
57       983.000   983.000
58       766.000   766.000
59       674.000   674.000
60       592.000   592.000
61       386.000   386.000
62       396.000   396.000
63       294.000   294.000
64       223.000   223.000
65       276.000   276.000
66       254.000   254.000
67       260.000   260.000
68       275.000   275.000
69       246.000   246.000
70       247.000   247.000
71       258.000   258.000
72       210.000   210.000
73       245.000   245.000
74       221.000   221.000
75       217.000   217.000
76       223.000   223.000
77       210.000   210.000
78       215.000   215.000
79       207.000   207.000
80       237.000   237.000
81       230.000   230.000
82       237.000   237.000
83       227.000   227.000
84       216.000   216.000
85       199.000   199.000
86       145.000   145.000
87       156.000   156.000
88       159.000   159.000
89       108.000   108.000
90       113.000   113.000
91        91.000    91.000
92        61.000    61.000
93        53.000    53.000
94        47.000    47.000
95        32.000    32.000
96        21.000     0.000
97        21.000    21.000
98        11.000     0.000
99        18.000    18.000
100       16.000    16.000
101        5.000     0.000
102       10.000    10.000
103        4.000     4.000
104       11.000     0.000
105        3.000     0.000
106        5.000     0.000
107        5.000     0.000
108        1.000     0.000
109        0.000     0.000
110        3.000     3.000
111        2.000     0.000
112        0.000     0.000
113        1.000     0.000
114        0.000     0.000
115        0.000     0.000
116        0.000     0.000
117        0.000     0.000
118        0.000     0.000
119        0.000     0.000
120        0.000     0.000
121        0.000     0.000
122        0.000     0.000
123        0.000     0.000
124        0.000     0.000
125        0.000     0.000
126        0.000     0.000
127        0.000     0.000
128        0.000     0.000
129        0.000     0.000
130        0.000     0.000
131        0.000     0.000
132        0.000     0.000
133        0.000     0.000
134        0.000     0.000
135        0.000     0.000
136        0.000     0.000
137        0.000     0.000
138        0.000     0.000
139        0.000     0.000
140        0.000     0.000
141        0.000     0.000
142        0.000     0.000
143        0.000     0.000
144        0.000     0.000
145        0.000     0.000
146        0.000     0.000
147        0.000     0.000
148        0.000     0.000
149        0.000     0.000
150        0.000     0.000
Sum    24924.000 24809.000
mW         0.000     0.000
mL         0.000     0.000
pA         0.000     0.000
tot.mW  1822.780  1822.780
tot.mL    58.663    58.663

$ALD.j
              0        1        2        3         4        5        6        7
1         0.000    0.000    0.000    0.000     0.000    0.000    0.000    0.000
2         0.000    0.000    0.000    0.000     0.000    0.000    0.000    0.000
3         0.000    0.000    0.000    0.000     0.000    0.000    0.000    0.000
4         0.000    0.000    0.000    0.000     0.000    0.000    0.000    0.000
5         0.000    0.000    0.000    0.000     0.000    0.000    0.000    0.000
6         0.000    0.000    0.000    0.000     0.000    0.000    0.000    0.000
7         0.000    0.000    0.000    0.000     0.000    0.000    0.000    0.000
8         0.000    0.000    0.000    0.000     0.000    0.000    0.000    0.000
9         0.000    0.000    0.000    0.000     0.000    0.000    0.000    0.000
10        0.000    0.000    0.000    0.000     0.000    0.000    0.000    0.000
11        0.000    0.000    0.000    0.000     0.000    0.000    0.000    0.000
12        0.000    0.000    0.000    0.000     0.000    0.000    0.000    0.000
13        0.000    0.000    0.000    0.000     0.000    0.000    0.000    0.000
14        0.000    0.000    0.000    0.000     0.000    0.000    0.000    0.000
15        0.000    0.000    0.000    0.000     0.000    0.000    0.000    0.000
16        0.000    0.000    0.000    0.000     0.000    0.000    0.000    0.000
17        0.000    0.000    0.000    0.000     0.000    0.000    0.000    0.000
18        0.000    0.000    0.000    0.000     0.000    0.000    0.000    0.000
19        0.000    0.000    0.000    0.000     0.000    0.000    0.000    0.000
20        0.000    0.000    0.000    0.000     0.000    0.000    0.000    0.000
21        0.000    0.000    0.000    0.000     0.000    0.000    0.000    0.000
22        0.000    0.000    0.000    0.000     0.000    0.000    0.000    0.000
23        0.000    0.000    0.000    0.000     0.000    0.000    0.000    0.000
24        0.000    0.000    0.000    0.000     0.000    0.000    0.000    0.000
25        0.000    0.000    0.000    0.000     0.000    0.000    0.000    0.000
26        0.000    0.000    0.000    0.000     0.000    0.000    0.000    0.000
27        0.000    0.000    0.000    0.000     0.000    0.000    0.000    0.000
28        0.000    0.000    0.000    0.000     0.000    0.000    0.000    0.000
29        0.000    0.000    0.000    0.000     0.000    0.000    0.000    0.000
30        0.000    0.000    0.000    0.000     0.000    0.000    0.000    0.000
31        0.000    0.000    0.000    0.000     0.000    0.000    0.000    0.000
32        0.000    0.000    0.000    0.000     0.000    0.000    0.000    0.000
33        0.000    0.000    0.000    0.000     0.000    0.000    0.000    0.000
34        0.000    0.000    0.000    0.000     0.000    0.000    0.000    0.000
35        0.000    0.000    0.000    0.000     0.000    0.000    0.000    0.000
36        0.000    0.000    0.000    0.106     0.183    0.709    0.002    0.000
37        0.000    0.000    0.000    0.297     0.467    1.231    0.004    0.000
38        0.000    0.000    0.000    3.645     5.394    9.921    0.040    0.000
39        0.000    0.000    0.000    6.455     9.260   12.226    0.060    0.000
40        0.000    0.000    0.000   15.887    22.785   22.198    0.130    0.000
41        0.000    0.000    0.000   30.177    44.617   32.974    0.232    0.000
42        0.000    0.000    0.000   31.563    49.604   28.591    0.242    0.000
43        0.000    0.000    0.000   56.428    97.198   44.917    0.457    0.000
44        0.000    0.000   11.053   66.521   129.497   49.326    0.603    0.000
45        0.000    0.000    0.000  101.207   229.598   74.106    1.089    0.000
46        0.000    0.000    0.000  134.708   367.216  103.250    1.826    0.001
47        0.000    0.000    0.000  153.825   519.562  130.828    2.783    0.001
48        0.000    0.000    0.000  158.012   681.862  158.077    4.047    0.003
49        0.000    0.000    0.000  153.814   874.400  191.868    5.912    0.006
50        0.000    0.000    0.000  143.786  1110.336  237.071    8.794    0.012
51        0.000    0.000    0.000  106.959  1156.888  247.094   11.036    0.023
52        0.000    0.000    0.000   75.008  1171.737  257.370   13.843    0.041
53        0.000    0.000    0.000   48.371  1125.308  261.319   16.930    0.072
54        0.000    0.000    0.000   31.669  1131.359  285.551   22.286    0.135
55        0.000    0.000    0.000   16.793   949.908  267.892   25.192    0.215
56        0.000    0.000    0.000    8.224   759.510  246.048   27.885    0.333
57        0.000    0.000    0.000    4.384   681.634  260.771   35.622    0.590
58        0.000    0.000    0.000    1.835   495.348  230.066   37.888    0.863
59        0.000    0.000    0.000    0.820   396.369  229.767   45.626    1.418
60        0.000    0.000    0.000    0.344   306.653  228.083   54.622    2.298
61        0.000    0.000    0.000    0.100   169.215  166.018   47.957    2.708
62        0.000    0.000    0.000    0.042   139.963  186.214   64.897    4.880
63        0.000    0.000    0.000    0.012    79.191  146.884   61.769    6.135
64        0.000    0.000    0.000    0.003    43.021  114.363   58.042    7.552
65        0.000    0.000    0.000    0.001    35.734  139.961   85.746   14.495
66        0.000    0.000    0.000    0.000    20.677  122.673   90.736   19.767
67        0.000    0.000    0.000    0.000    12.490  115.389  103.061   28.697
68        0.000    0.000    0.000    0.000     7.334  108.473  117.013   41.306
69        0.000    0.000    0.000    0.000     3.435   83.600  108.937   48.355
70        0.000    0.000    0.000    0.000     1.705   70.200  110.520   61.182
71        0.000    0.000    0.000    0.000     0.831   59.550  113.294   77.580
72        0.000    0.000    0.000    0.000     0.298   38.205   87.851   73.807
73        0.000    0.000    0.000    0.000     0.145   34.056   94.666   96.782
74        0.000    0.000    0.000    0.000     0.051   22.719   76.356   94.218
75        0.000    0.000    0.000    0.000     0.018   15.953   64.838   95.777
76        0.000    0.000    0.000    0.000     0.007   11.341   55.751   97.782
77        0.000    0.000    0.000    0.000     0.002    7.163   42.596   87.983
78        0.000    0.000    0.000    0.000     0.001    4.789   34.457   83.132
79        0.000    0.000    0.000    0.000     0.000    2.948   25.670   71.751
80        0.000    0.000    0.000    0.000     0.000    2.126   22.410   71.977
81        0.000    0.000    0.000    0.000     0.000    1.288   16.434   60.159
82        0.000    0.000    0.000    0.000     0.000    0.825   12.742   52.726
83        0.000    0.000    0.000    0.000     0.000    0.490    9.174   42.561
84        0.000    0.000    0.000    0.000     0.000    0.290    6.568   33.886
85        0.000    0.000    0.000    0.000     0.000    0.166    4.561   25.954
86        0.000    0.000    0.000    0.000     0.000    0.075    2.509   15.619
87        0.000    0.000    0.000    0.000     0.000    0.051    2.040   13.777
88        0.000    0.000    0.000    0.000     0.000    0.032    1.570   11.417
89        0.000    0.000    0.000    0.000     0.000    0.014    0.805    6.246
90        0.000    0.000    0.000    0.000     0.000    0.009    0.634    5.208
91        0.000    0.000    0.000    0.000     0.000    0.004    0.383    3.304
92        0.000    0.000    0.000    0.000     0.000    0.002    0.192    1.723
93        0.000    0.000    0.000    0.000     0.000    0.001    0.124    1.150
94        0.000    0.000    0.000    0.000     0.000    0.001    0.081    0.771
95        0.000    0.000    0.000    0.000     0.000    0.000    0.040    0.391
96        0.000    0.000    0.000    0.000     0.000    0.000    0.019    0.187
97        0.000    0.000    0.000    0.000     0.000    0.000    0.014    0.133
98        0.000    0.000    0.000    0.000     0.000    0.000    0.005    0.048
99        0.000    0.000    0.000    0.000     0.000    0.000    0.006    0.053
100       0.000    0.000    0.000    0.000     0.000    0.000    0.003    0.031
101       0.000    0.000    0.000    0.000     0.000    0.000    0.001    0.006
102       0.000    0.000    0.000    0.000     0.000    0.000    0.001    0.007
103       0.000    0.000    0.000    0.000     0.000    0.000    0.000    0.002
104       0.000    0.000    0.000    0.000     0.000    0.000    0.000    0.003
105       0.000    0.000    0.000    0.000     0.000    0.000    0.000    0.000
106       0.000    0.000    0.000    0.000     0.000    0.000    0.000    0.000
107       0.000    0.000    0.000    0.000     0.000    0.000    0.000    0.000
108       0.000    0.000    0.000    0.000     0.000    0.000    0.000    0.000
109       0.000    0.000    0.000    0.000     0.000    0.000    0.000    0.000
110       0.000    0.000    0.000    0.000     0.000    0.000    0.000    0.000
111       0.000    0.000    0.000    0.000     0.000    0.000    0.000    0.000
112       0.000    0.000    0.000    0.000     0.000    0.000    0.000    0.000
113       0.000    0.000    0.000    0.000     0.000    0.000    0.000    0.000
114       0.000    0.000    0.000    0.000     0.000    0.000    0.000    0.000
115       0.000    0.000    0.000    0.000     0.000    0.000    0.000    0.000
116       0.000    0.000    0.000    0.000     0.000    0.000    0.000    0.000
117       0.000    0.000    0.000    0.000     0.000    0.000    0.000    0.000
118       0.000    0.000    0.000    0.000     0.000    0.000    0.000    0.000
119       0.000    0.000    0.000    0.000     0.000    0.000    0.000    0.000
120       0.000    0.000    0.000    0.000     0.000    0.000    0.000    0.000
121       0.000    0.000    0.000    0.000     0.000    0.000    0.000    0.000
122       0.000    0.000    0.000    0.000     0.000    0.000    0.000    0.000
123       0.000    0.000    0.000    0.000     0.000    0.000    0.000    0.000
124       0.000    0.000    0.000    0.000     0.000    0.000    0.000    0.000
125       0.000    0.000    0.000    0.000     0.000    0.000    0.000    0.000
126       0.000    0.000    0.000    0.000     0.000    0.000    0.000    0.000
127       0.000    0.000    0.000    0.000     0.000    0.000    0.000    0.000
128       0.000    0.000    0.000    0.000     0.000    0.000    0.000    0.000
129       0.000    0.000    0.000    0.000     0.000    0.000    0.000    0.000
130       0.000    0.000    0.000    0.000     0.000    0.000    0.000    0.000
131       0.000    0.000    0.000    0.000     0.000    0.000    0.000    0.000
132       0.000    0.000    0.000    0.000     0.000    0.000    0.000    0.000
133       0.000    0.000    0.000    0.000     0.000    0.000    0.000    0.000
134       0.000    0.000    0.000    0.000     0.000    0.000    0.000    0.000
135       0.000    0.000    0.000    0.000     0.000    0.000    0.000    0.000
136       0.000    0.000    0.000    0.000     0.000    0.000    0.000    0.000
137       0.000    0.000    0.000    0.000     0.000    0.000    0.000    0.000
138       0.000    0.000    0.000    0.000     0.000    0.000    0.000    0.000
139       0.000    0.000    0.000    0.000     0.000    0.000    0.000    0.000
140       0.000    0.000    0.000    0.000     0.000    0.000    0.000    0.000
141       0.000    0.000    0.000    0.000     0.000    0.000    0.000    0.000
142       0.000    0.000    0.000    0.000     0.000    0.000    0.000    0.000
143       0.000    0.000    0.000    0.000     0.000    0.000    0.000    0.000
144       0.000    0.000    0.000    0.000     0.000    0.000    0.000    0.000
145       0.000    0.000    0.000    0.000     0.000    0.000    0.000    0.000
146       0.000    0.000    0.000    0.000     0.000    0.000    0.000    0.000
147       0.000    0.000    0.000    0.000     0.000    0.000    0.000    0.000
148       0.000    0.000    0.000    0.000     0.000    0.000    0.000    0.000
149       0.000    0.000    0.000    0.000     0.000    0.000    0.000    0.000
150       0.000    0.000    0.000    0.000     0.000    0.000    0.000    0.000
Sum       0.000    0.000   11.053 1350.999 12830.810 5067.126 1841.621 1367.240
mW        0.000    0.000    0.720    0.929     1.220    1.543    2.528    3.424
mL        0.000    0.000   44.000   47.878    52.609   56.580   67.712   75.721
pA        0.000    0.000    0.000    0.054     0.515    0.203    0.074    0.055
tot.mW 1835.454 1835.454 1835.454 1835.454  1835.454 1835.454 1835.454 1835.454
tot.mL   58.733   58.733   58.733   58.733    58.733   58.733   58.733   58.733
              8        9       10       11       12       13       14       15
1         0.000    0.000    0.000    0.000    0.000    0.000    0.000    0.000
2         0.000    0.000    0.000    0.000    0.000    0.000    0.000    0.000
3         0.000    0.000    0.000    0.000    0.000    0.000    0.000    0.000
4         0.000    0.000    0.000    0.000    0.000    0.000    0.000    0.000
5         0.000    0.000    0.000    0.000    0.000    0.000    0.000    0.000
6         0.000    0.000    0.000    0.000    0.000    0.000    0.000    0.000
7         0.000    0.000    0.000    0.000    0.000    0.000    0.000    0.000
8         0.000    0.000    0.000    0.000    0.000    0.000    0.000    0.000
9         0.000    0.000    0.000    0.000    0.000    0.000    0.000    0.000
10        0.000    0.000    0.000    0.000    0.000    0.000    0.000    0.000
11        0.000    0.000    0.000    0.000    0.000    0.000    0.000    0.000
12        0.000    0.000    0.000    0.000    0.000    0.000    0.000    0.000
13        0.000    0.000    0.000    0.000    0.000    0.000    0.000    0.000
14        0.000    0.000    0.000    0.000    0.000    0.000    0.000    0.000
15        0.000    0.000    0.000    0.000    0.000    0.000    0.000    0.000
16        0.000    0.000    0.000    0.000    0.000    0.000    0.000    0.000
17        0.000    0.000    0.000    0.000    0.000    0.000    0.000    0.000
18        0.000    0.000    0.000    0.000    0.000    0.000    0.000    0.000
19        0.000    0.000    0.000    0.000    0.000    0.000    0.000    0.000
20        0.000    0.000    0.000    0.000    0.000    0.000    0.000    0.000
21        0.000    0.000    0.000    0.000    0.000    0.000    0.000    0.000
22        0.000    0.000    0.000    0.000    0.000    0.000    0.000    0.000
23        0.000    0.000    0.000    0.000    0.000    0.000    0.000    0.000
24        0.000    0.000    0.000    0.000    0.000    0.000    0.000    0.000
25        0.000    0.000    0.000    0.000    0.000    0.000    0.000    0.000
26        0.000    0.000    0.000    0.000    0.000    0.000    0.000    0.000
27        0.000    0.000    0.000    0.000    0.000    0.000    0.000    0.000
28        0.000    0.000    0.000    0.000    0.000    0.000    0.000    0.000
29        0.000    0.000    0.000    0.000    0.000    0.000    0.000    0.000
30        0.000    0.000    0.000    0.000    0.000    0.000    0.000    0.000
31        0.000    0.000    0.000    0.000    0.000    0.000    0.000    0.000
32        0.000    0.000    0.000    0.000    0.000    0.000    0.000    0.000
33        0.000    0.000    0.000    0.000    0.000    0.000    0.000    0.000
34        0.000    0.000    0.000    0.000    0.000    0.000    0.000    0.000
35        0.000    0.000    0.000    0.000    0.000    0.000    0.000    0.000
36        0.000    0.000    0.000    0.000    0.000    0.000    0.000    0.000
37        0.000    0.000    0.000    0.000    0.000    0.000    0.000    0.000
38        0.000    0.000    0.000    0.000    0.000    0.000    0.000    0.000
39        0.000    0.000    0.000    0.000    0.000    0.000    0.000    0.000
40        0.000    0.000    0.000    0.000    0.000    0.000    0.000    0.000
41        0.000    0.000    0.000    0.000    0.000    0.000    0.000    0.000
42        0.000    0.000    0.000    0.000    0.000    0.000    0.000    0.000
43        0.000    0.000    0.000    0.000    0.000    0.000    0.000    0.000
44        0.000    0.000    0.000    0.000    0.000    0.000    0.000    0.000
45        0.000    0.000    0.000    0.000    0.000    0.000    0.000    0.000
46        0.000    0.000    0.000    0.000    0.000    0.000    0.000    0.000
47        0.000    0.000    0.000    0.000    0.000    0.000    0.000    0.000
48        0.000    0.000    0.000    0.000    0.000    0.000    0.000    0.000
49        0.000    0.000    0.000    0.000    0.000    0.000    0.000    0.000
50        0.000    0.000    0.000    0.000    0.000    0.000    0.000    0.000
51        0.000    0.000    0.000    0.000    0.000    0.000    0.000    0.000
52        0.000    0.000    0.000    0.000    0.000    0.000    0.000    0.000
53        0.000    0.000    0.000    0.000    0.000    0.000    0.000    0.000
54        0.000    0.000    0.000    0.000    0.000    0.000    0.000    0.000
55        0.000    0.000    0.000    0.000    0.000    0.000    0.000    0.000
56        0.000    0.000    0.000    0.000    0.000    0.000    0.000    0.000
57        0.000    0.000    0.000    0.000    0.000    0.000    0.000    0.000
58        0.000    0.000    0.000    0.000    0.000    0.000    0.000    0.000
59        0.000    0.000    0.000    0.000    0.000    0.000    0.000    0.000
60        0.000    0.000    0.000    0.000    0.000    0.000    0.000    0.000
61        0.001    0.000    0.000    0.000    0.000    0.001    0.000    0.000
62        0.002    0.000    0.001    0.000    0.000    0.001    0.000    0.000
63        0.005    0.000    0.001    0.000    0.000    0.002    0.000    0.000
64        0.012    0.001    0.003    0.001    0.000    0.002    0.000    0.000
65        0.041    0.005    0.009    0.002    0.000    0.006    0.000    0.000
66        0.099    0.013    0.021    0.004    0.000    0.009    0.000    0.000
67        0.246    0.037    0.052    0.011    0.001    0.016    0.000    0.000
68        0.589    0.102    0.125    0.026    0.002    0.028    0.001    0.000
69        1.113    0.220    0.242    0.052    0.004    0.041    0.002    0.000
70        2.208    0.498    0.498    0.110    0.010    0.065    0.003    0.000
71        4.266    1.099    1.013    0.232    0.022    0.105    0.007    0.000
72        6.008    1.767    1.523    0.361    0.039    0.129    0.010    0.000
73       11.332    3.806    3.113    0.766    0.092    0.220    0.022    0.000
74       15.417    5.914    4.653    1.194    0.160    0.283    0.033    0.000
75       21.278    9.326    7.160    1.923    0.288    0.384    0.054    0.000
76       28.657   14.352   10.905    3.077    0.512    0.530    0.087    0.000
77       33.048   18.917   14.427    4.293    0.795    0.652    0.123    0.000
78       38.884   25.445   19.755    6.221    1.279    0.854    0.183    0.000
79       40.604   30.384   24.353    8.147    1.860    1.033    0.249    0.000
80       47.880   40.978   34.390   12.266    3.108    1.472    0.393    0.000
81       45.704   44.751   39.881   15.221    4.277    1.768    0.516    0.000
82       44.448   49.801   47.798   19.594    6.102    2.255    0.709    0.000
83       38.682   49.606   52.002   22.980    7.926    2.682    0.896    0.000
84       32.259   47.362   54.999   26.297   10.039    3.185    1.115    0.000
85       25.145   42.274   55.152   28.637   12.093    3.684    1.334    0.000
86       14.962   28.812   42.828   24.239   11.314    3.389    1.252    0.000
87       12.679   27.971   48.047   29.749   15.339    4.627    1.720    0.000
88        9.807   24.792   49.909   33.932   19.315    6.009    2.216    0.000
89        4.865   14.097   33.731   25.274   15.871    5.215    1.883    0.000
90        3.574   11.873   34.247   28.385   19.652    6.983    2.436    0.000
91        1.941    7.395   26.076   23.995   18.304    7.204    2.394    0.000
92        0.842    3.680   16.089   16.498   13.857    6.185    1.932    0.000
93        0.454    2.276   12.513   14.351   13.263    6.877    1.991    0.000
94        0.239    1.376    9.646   12.419   12.622    7.784    2.061    0.000
95        0.092    0.610    5.533    8.026    8.964    6.735    1.609    0.000
96        0.033    0.248    2.956    4.849    5.948    5.575    1.185    0.000
97        0.017    0.146    2.317    4.314    5.807    6.954    1.297    0.000
98        0.004    0.043    0.912    1.934    2.856    4.474    0.723    0.000
99        0.003    0.037    1.070    2.596    4.201    8.818    1.217    0.000
100       0.001    0.016    0.649    1.806    3.202    9.220    1.072    0.000
101       0.000    0.002    0.131    0.421    0.816    3.303    0.319    0.000
102       0.000    0.002    0.161    0.597    1.267    7.380    0.585    0.000
103       0.000    0.000    0.038    0.162    0.375    3.218    0.206    0.000
104       0.000    0.000    0.057    0.288    0.729    9.440    0.482    0.000
105       0.000    0.000    0.008    0.049    0.135    2.699    0.109    0.000
106       0.000    0.000    0.007    0.049    0.147    4.652    0.145    0.000
107       0.000    0.000    0.003    0.028    0.093    4.762    0.114    0.000
108       0.000    0.000    0.000    0.003    0.011    0.968    0.017    0.000
109       0.000    0.000    0.000    0.000    0.000    0.000    0.000    0.000
110       0.000    0.000    0.000    0.003    0.012    2.956    0.029    0.000
111       0.000    0.000    0.000    0.001    0.004    1.980    0.014    0.000
112       0.000    0.000    0.000    0.000    0.000    0.000    0.000    0.000
113       0.000    0.000    0.000    0.000    0.001    0.996    0.004    0.000
114       0.000    0.000    0.000    0.000    0.000    0.000    0.000    0.000
115       0.000    0.000    0.000    0.000    0.000    0.000    0.000    0.000
116       0.000    0.000    0.000    0.000    0.000    0.000    0.000    0.000
117       0.000    0.000    0.000    0.000    0.000    0.000    0.000    0.000
118       0.000    0.000    0.000    0.000    0.000    0.000    0.000    0.000
119       0.000    0.000    0.000    0.000    0.000    0.000    0.000    0.000
120       0.000    0.000    0.000    0.000    0.000    0.000    0.000    0.000
121       0.000    0.000    0.000    0.000    0.000    0.000    0.000    0.000
122       0.000    0.000    0.000    0.000    0.000    0.000    0.000    0.000
123       0.000    0.000    0.000    0.000    0.000    0.000    0.000    0.000
124       0.000    0.000    0.000    0.000    0.000    0.000    0.000    0.000
125       0.000    0.000    0.000    0.000    0.000    0.000    0.000    0.000
126       0.000    0.000    0.000    0.000    0.000    0.000    0.000    0.000
127       0.000    0.000    0.000    0.000    0.000    0.000    0.000    0.000
128       0.000    0.000    0.000    0.000    0.000    0.000    0.000    0.000
129       0.000    0.000    0.000    0.000    0.000    0.000    0.000    0.000
130       0.000    0.000    0.000    0.000    0.000    0.000    0.000    0.000
131       0.000    0.000    0.000    0.000    0.000    0.000    0.000    0.000
132       0.000    0.000    0.000    0.000    0.000    0.000    0.000    0.000
133       0.000    0.000    0.000    0.000    0.000    0.000    0.000    0.000
134       0.000    0.000    0.000    0.000    0.000    0.000    0.000    0.000
135       0.000    0.000    0.000    0.000    0.000    0.000    0.000    0.000
136       0.000    0.000    0.000    0.000    0.000    0.000    0.000    0.000
137       0.000    0.000    0.000    0.000    0.000    0.000    0.000    0.000
138       0.000    0.000    0.000    0.000    0.000    0.000    0.000    0.000
139       0.000    0.000    0.000    0.000    0.000    0.000    0.000    0.000
140       0.000    0.000    0.000    0.000    0.000    0.000    0.000    0.000
141       0.000    0.000    0.000    0.000    0.000    0.000    0.000    0.000
142       0.000    0.000    0.000    0.000    0.000    0.000    0.000    0.000
143       0.000    0.000    0.000    0.000    0.000    0.000    0.000    0.000
144       0.000    0.000    0.000    0.000    0.000    0.000    0.000    0.000
145       0.000    0.000    0.000    0.000    0.000    0.000    0.000    0.000
146       0.000    0.000    0.000    0.000    0.000    0.000    0.000    0.000
147       0.000    0.000    0.000    0.000    0.000    0.000    0.000    0.000
148       0.000    0.000    0.000    0.000    0.000    0.000    0.000    0.000
149       0.000    0.000    0.000    0.000    0.000    0.000    0.000    0.000
150       0.000    0.000    0.000    0.000    0.000    0.000    0.000    0.000
Sum     487.444  510.038  659.006  385.382  222.718  157.812   32.750    0.000
mW        4.015    4.361    4.697    5.048    5.479    6.594    5.793    0.000
mL       80.218   82.676   84.784   86.902   89.430   95.382   91.450    0.000
pA        0.020    0.020    0.026    0.015    0.009    0.006    0.001    0.000
tot.mW 1835.454 1835.454 1835.454 1835.454 1835.454 1835.454 1835.454 1835.454
tot.mL   58.733   58.733   58.733   58.733   58.733   58.733   58.733   58.733
           Matad       Sum
1          0.000     0.000
2          0.000     0.000
3          0.000     0.000
4          0.000     0.000
5          0.000     0.000
6          0.000     0.000
7          0.000     0.000
8          0.000     0.000
9          0.000     0.000
10         0.000     0.000
11         0.000     0.000
12         0.000     0.000
13         0.000     0.000
14         0.000     0.000
15         0.000     0.000
16         0.000     0.000
17         0.000     0.000
18         0.000     0.000
19         0.000     0.000
20         0.000     0.000
21         0.000     0.000
22         0.000     0.000
23         0.000     0.000
24         0.000     0.000
25         0.000     0.000
26         0.000     0.000
27         0.000     0.000
28         0.000     0.000
29         0.000     0.000
30         0.000     0.000
31         0.000     0.000
32         0.000     0.000
33         0.000     0.000
34         0.000     0.000
35         0.000     0.000
36         1.000     1.000
37         2.000     2.000
38        19.000    19.000
39        28.000    28.000
40        61.000    61.000
41       108.000   108.000
42       110.000   110.000
43       199.000   199.000
44       257.000   257.000
45       406.000   406.000
46       607.000   607.000
47       807.000   807.000
48      1002.000  1002.000
49      1226.000  1226.000
50      1500.000  1500.000
51      1522.000  1522.000
52      1518.000  1518.000
53      1452.000  1452.000
54      1471.000  1471.000
55      1260.000  1260.000
56      1042.000  1042.000
57       983.000   983.000
58       766.000   766.000
59       674.000   674.000
60       592.000   592.000
61       386.000   386.000
62       396.000   396.000
63       294.000   294.000
64       223.000   223.000
65       276.000   276.000
66       254.000   254.000
67       260.000   260.000
68       275.000   275.000
69       246.000   246.000
70       247.000   247.000
71       258.000   258.000
72       210.000   210.000
73       245.000   245.000
74       221.000   221.000
75       217.000   217.000
76       223.000   223.000
77       210.000   210.000
78       215.000   215.000
79       207.000   207.000
80       237.000   237.000
81       230.000   230.000
82       237.000   237.000
83       227.000   227.000
84       216.000   216.000
85       199.000   199.000
86       145.000   145.000
87       156.000   156.000
88       159.000   159.000
89       108.000   108.000
90       113.000   113.000
91        91.000    91.000
92        61.000    61.000
93        53.000    53.000
94        47.000    47.000
95        32.000    32.000
96        21.000    21.000
97        21.000    21.000
98        11.000    11.000
99        18.000    18.000
100       16.000    16.000
101        5.000     5.000
102       10.000    10.000
103        4.000     4.000
104       11.000    11.000
105        3.000     3.000
106        5.000     5.000
107        5.000     5.000
108        1.000     1.000
109        0.000     0.000
110        3.000     3.000
111        2.000     2.000
112        0.000     0.000
113        1.000     1.000
114        0.000     0.000
115        0.000     0.000
116        0.000     0.000
117        0.000     0.000
118        0.000     0.000
119        0.000     0.000
120        0.000     0.000
121        0.000     0.000
122        0.000     0.000
123        0.000     0.000
124        0.000     0.000
125        0.000     0.000
126        0.000     0.000
127        0.000     0.000
128        0.000     0.000
129        0.000     0.000
130        0.000     0.000
131        0.000     0.000
132        0.000     0.000
133        0.000     0.000
134        0.000     0.000
135        0.000     0.000
136        0.000     0.000
137        0.000     0.000
138        0.000     0.000
139        0.000     0.000
140        0.000     0.000
141        0.000     0.000
142        0.000     0.000
143        0.000     0.000
144        0.000     0.000
145        0.000     0.000
146        0.000     0.000
147        0.000     0.000
148        0.000     0.000
149        0.000     0.000
150        0.000     0.000
Sum    24924.000 24924.000
mW         0.000     0.000
mL         0.000     0.000
pA         0.000     0.000
tot.mW  1835.454  1835.454
tot.mL    58.733    58.733


 .... [TRUNCATED] 
>>>>>>>>>>>>>>>>>>>>>>>>>>>>>>>>>>>>>>>>>>>>>>>>>>>>>>>>>>>>>> 
 > Dato                :  Wed Feb 12 11:27:26 2014 
 > Slag                :  UP 
 > Ár                  :  2012 
 > Tiŵarskeiŵ          :  JAN-DEC 
 > Skipabólk/-ar       :  19 20 21 
 > Skipabólk/-ar (lán) :  0 
 > ICES-øki            :  VB1 VB2 
 <<<<<<<<<<<<<<<<<<<<<<<<<<<<<<<<<<<<<<<<<<<<<<<<<<<<<<<<<<<<<< 

$URSLITID
   aldur tal_matad tal_fiskad midal_longd midal_vekt roknad_veida
0      0         0          0        0.00      0.000            0
1      1         0          0        0.00      0.000            0
2      2        21       9916       44.00      0.720         7143
3      3      1396     646446       47.56      0.911       588648
4      4     12608    5837562       52.72      1.230      7178495
5      5      5300    2454060       56.95      1.568      3849026
6      6      1828     846521       67.38      2.494      2111206
7      7      1314     608407       75.71      3.423      2082436
8      8       418     193569       80.30      4.017       777519
9      9       495     229078       82.95      4.404      1008758
10    10       673     311746       85.12      4.746      1479555
11    11       370     171373       86.71      4.994       855836
12    12       241     111531       89.24      5.417       604165
13    13       125      57677       92.46      6.022       347316
14    14        19       8898       89.00      5.369        47779
15    15         0          0        0.00      0.000            0
17   Sum     24808   11486784       58.66      1.823     20937882

$URSLITID.j
   aldur tal_matad tal_fiskad midal_longd midal_vekt roknad_veida
0      0         0          0        0.00      0.000            0
1      1         0          0        0.00      0.000            0
2      2        11       5059       44.00      0.720         3644
3      3      1351     618339       47.88      0.929       574400
4      4     12831    5872533       52.61      1.220      7164976
5      5      5067    2319173       56.58      1.543      3578814
6      6      1842     842892       67.71      2.528      2130691
7      7      1367     625772       75.72      3.424      2142605
8      8       487     223098       80.22      4.015       895789
9      9       510     233439       82.68      4.361      1018100
10    10       659     301621       84.78      4.697      1416847
11    11       385     176386       86.90      5.048       890407
12    12       223     101936       89.43      5.479       558510
13    13       158      72229       95.38      6.594       476263
14    14        33      14989       91.45      5.793        86835
15    15         0          0        0.00      0.000            0
17   Sum     24924   11407466       58.73      1.835     20937881


 .... [TRUNCATED] 
