
 .... [TRUNCATED] 
<<<<<<<<<<<<<<<<<<<<<<<<<<<<<<<<<<<<<<<<<<<<<<<<<<<<<<<<<<<<<<<<<<<<<<<< 
 > Dato                                      :  Wed Dec  3 13:58:34 2014 
 > Slag                                      :  TO 
 > Ár                                        :  2014 
 > Skipabólk/-ar                             :  19 20 
 > Byrjanar og enda mánaŵ fyri ALK/ALD       :  JAN-DEC 
 > Skipabólk/-ar, sum longdir eru lántar frá :  0 
 > Skipabólk/-ar, sum vektir eru lántar frá  :  0 
 > Skipabólk/-ar, sum aldrar eru lántar frá  :  0 
 > ICES-øki                                  :  VB1 
 <<<<<<<<<<<<<<<<<<<<<<<<<<<<<<<<<<<<<<<<<<<<<<<<<<<<<<<<<<<<<<<<<<<<<<<<
 .... [TRUNCATED] 
>>>>>>>>>>>>>>>>>>>>>>>>>>>>>>>>>>>>> 
> Alpha	 = 0.01148588
> Beta	 = 2.952672
> R^2	 = 0.9736561
> N	 = 2544
> Veida (kg.)	  = 33333
> Rundveida (kg.) = 36999.63
<<<<<<<<<<<<<<<<<<<<<<<<<<<<<<<<<<<<<
 .... [TRUNCATED] 
>>>>>>>>>>>>>> 	 ALK-lykil 	 <<<<<<<<<<<<
 .... [TRUNCATED] 
$ALK
    longd 0 1 2 3 4 5  6 7 8 9 10 11 12 13 14 15 Sum Matad
1       1 0 0 0 0 0 0  0 0 0 0  0  0  0  0  0  0   0     0
2       2 0 0 0 0 0 0  0 0 0 0  0  0  0  0  0  0   0     0
3       3 0 0 0 0 0 0  0 0 0 0  0  0  0  0  0  0   0     0
4       4 0 0 0 0 0 0  0 0 0 0  0  0  0  0  0  0   0     0
5       5 0 0 0 0 0 0  0 0 0 0  0  0  0  0  0  0   0     0
6       6 0 0 0 0 0 0  0 0 0 0  0  0  0  0  0  0   0     0
7       7 0 0 0 0 0 0  0 0 0 0  0  0  0  0  0  0   0     0
8       8 0 0 0 0 0 0  0 0 0 0  0  0  0  0  0  0   0     0
9       9 0 0 0 0 0 0  0 0 0 0  0  0  0  0  0  0   0     0
10     10 0 0 0 0 0 0  0 0 0 0  0  0  0  0  0  0   0     0
11     11 0 0 0 0 0 0  0 0 0 0  0  0  0  0  0  0   0     0
12     12 0 0 0 0 0 0  0 0 0 0  0  0  0  0  0  0   0     0
13     13 0 0 0 0 0 0  0 0 0 0  0  0  0  0  0  0   0     0
14     14 0 0 0 0 0 0  0 0 0 0  0  0  0  0  0  0   0     0
15     15 0 0 0 0 0 0  0 0 0 0  0  0  0  0  0  0   0     0
16     16 0 0 0 0 0 0  0 0 0 0  0  0  0  0  0  0   0     0
17     17 0 0 0 0 0 0  0 0 0 0  0  0  0  0  0  0   0     0
18     18 0 0 0 0 0 0  0 0 0 0  0  0  0  0  0  0   0     0
19     19 0 0 0 0 0 0  0 0 0 0  0  0  0  0  0  0   0     0
20     20 0 0 0 0 0 0  0 0 0 0  0  0  0  0  0  0   0     0
21     21 0 0 0 0 0 0  0 0 0 0  0  0  0  0  0  0   0     0
22     22 0 0 0 0 0 0  0 0 0 0  0  0  0  0  0  0   0     0
23     23 0 0 0 0 0 0  0 0 0 0  0  0  0  0  0  0   0     0
24     24 0 0 0 0 0 0  0 0 0 0  0  0  0  0  0  0   0     0
25     25 0 0 0 0 0 0  0 0 0 0  0  0  0  0  0  0   0     0
26     26 0 0 0 0 0 0  0 0 0 0  0  0  0  0  0  0   0     0
27     27 0 0 0 0 0 0  0 0 0 0  0  0  0  0  0  0   0     0
28     28 0 0 0 0 0 0  0 0 0 0  0  0  0  0  0  0   0     0
29     29 0 0 0 0 0 0  0 0 0 0  0  0  0  0  0  0   0     0
30     30 0 0 0 0 0 0  0 0 0 0  0  0  0  0  0  0   0     0
31     31 0 0 0 0 0 0  0 0 0 0  0  0  0  0  0  0   0     0
32     32 0 0 0 0 0 0  0 0 0 0  0  0  0  0  0  0   0     0
33     33 0 0 0 0 0 0  0 0 0 0  0  0  0  0  0  0   0     0
34     34 0 0 0 0 0 0  0 0 0 0  0  0  0  0  0  0   0     0
35     35 0 0 0 0 0 0  0 0 0 0  0  0  0  0  0  0   0     0
36     36 0 0 0 0 0 0  0 0 0 0  0  0  0  0  0  0   0     1
37     37 0 0 0 0 0 0  0 0 0 0  0  0  0  0  0  0   0     1
38     38 0 0 0 0 0 0  0 0 0 0  0  0  0  0  0  0   0     1
39     39 0 0 0 0 0 0  0 0 0 0  0  0  0  0  0  0   0     2
40     40 0 0 1 0 0 0  0 0 0 0  0  0  0  0  0  0   1    13
41     41 0 0 1 0 0 0  0 0 0 0  0  0  0  0  0  0   1    11
42     42 0 0 0 0 0 0  0 0 0 0  0  0  0  0  0  0   0    21
43     43 0 0 0 4 0 0  0 0 0 0  0  0  0  0  0  0   4    24
44     44 0 0 3 2 0 0  0 0 0 0  0  0  0  0  0  0   5    23
45     45 0 0 2 3 0 0  0 0 0 0  0  0  0  0  0  0   5    24
46     46 0 0 2 3 0 0  0 0 0 0  0  0  0  0  0  0   5    28
47     47 0 0 2 2 0 0  0 0 0 0  0  0  0  0  0  0   4    31
48     48 0 0 3 4 0 0  0 0 0 0  0  0  0  0  0  0   7    32
49     49 0 0 0 1 0 1  0 0 0 0  0  0  0  0  0  0   2    34
50     50 0 0 0 4 0 0  0 0 0 0  0  0  0  0  0  0   4    36
51     51 0 0 0 2 1 0  0 0 0 0  0  0  0  0  0  0   3    29
52     52 0 0 0 3 1 0  0 0 0 0  0  0  0  0  0  0   4    35
53     53 0 0 0 3 0 0  0 0 0 0  0  0  0  0  0  0   3    33
54     54 0 0 0 4 1 1  0 0 0 0  0  0  0  0  0  0   6    46
55     55 0 0 0 2 0 0  0 0 0 0  0  0  0  0  0  0   2    25
56     56 0 0 0 3 0 0  0 0 0 0  0  0  0  0  0  0   3    45
57     57 0 0 0 0 3 0  0 0 0 0  0  0  0  0  0  0   3    57
58     58 0 0 0 1 4 0  0 0 0 0  0  0  0  0  0  0   5    48
59     59 0 0 0 5 2 0  0 0 0 0  0  0  0  0  0  0   7    65
60     60 0 0 0 1 4 0  1 0 0 0  0  0  0  0  0  0   6    55
61     61 0 0 0 1 0 5  0 0 0 0  0  0  0  0  0  0   6    78
62     62 0 0 0 0 4 2  0 0 0 0  0  0  0  0  0  0   6    70
63     63 0 0 0 2 4 1  1 0 0 0  0  0  0  0  0  0   8    96
64     64 0 0 0 1 1 0  0 0 0 0  0  0  0  0  0  0   2    79
65     65 0 0 0 3 1 3  1 0 0 0  0  0  0  0  0  0   8    95
66     66 0 0 0 0 1 6  1 0 0 0  0  0  0  0  0  0   8    87
67     67 0 0 0 0 0 3  2 0 0 0  0  0  0  0  0  0   5   102
68     68 0 0 0 0 4 3  0 1 0 0  0  0  0  0  0  0   8    78
69     69 0 0 0 0 3 4  2 0 0 0  0  0  0  0  0  0   9    97
70     70 0 0 0 0 0 3  2 0 0 0  0  0  0  0  0  0   5    98
71     71 0 0 0 0 1 2  3 1 0 0  0  0  0  0  0  0   7    90
72     72 0 0 0 0 1 7  3 0 0 0  0  0  0  0  0  0  11    99
73     73 0 0 0 0 0 2  2 0 0 0  0  0  0  0  0  0   4   117
74     74 0 0 0 0 1 4  0 0 0 0  0  0  0  0  0  0   5   123
75     75 0 0 0 0 0 4  2 0 0 0  0  0  0  0  0  0   6   124
76     76 0 0 0 0 0 5  2 0 0 0  0  0  0  0  0  0   7   116
77     77 0 0 0 0 0 4 10 0 0 0  0  0  0  0  0  0  14   146
78     78 0 0 0 0 0 5  5 0 0 0  0  0  0  0  0  0  10   129
79     79 0 0 0 0 0 2  4 1 0 1  0  0  0  0  0  0   8    98
80     80 0 0 0 0 0 2  5 1 0 0  0  0  0  0  0  0   8   116
81     81 0 0 0 0 0 2  3 1 0 0  0  0  0  0  0  0   6   109
82     82 0 0 0 0 0 5  4 1 0 0  0  0  0  0  0  0  10    89
83     83 0 0 0 0 0 2  3 0 0 0  0  0  0  0  0  0   5    77
84     84 0 0 0 0 0 1  9 0 0 0  0  0  0  0  0  0  10    75
85     85 0 0 0 0 0 0  3 0 0 0  0  0  0  0  0  0   3    78
86     86 0 0 0 0 0 2  2 2 1 0  0  0  0  0  0  0   7    71
87     87 0 0 0 0 0 0  1 0 0 0  0  0  0  0  0  0   1    40
88     88 0 0 0 0 0 0  3 1 0 0  0  0  0  0  0  0   4    42
89     89 0 0 0 0 0 1  3 2 0 2  0  0  0  0  0  0   8    33
90     90 0 0 0 0 0 0  3 2 1 0  0  0  0  0  0  0   6    39
91     91 0 0 0 0 0 0  1 1 0 1  0  0  0  0  0  0   3    25
92     92 0 0 0 0 0 0  0 0 0 0  0  0  0  0  0  0   0    23
93     93 0 0 0 0 0 0  1 3 1 0  0  0  0  0  0  0   5    10
94     94 0 0 0 0 0 0  1 1 0 0  0  0  0  0  0  0   2    11
95     95 0 0 0 0 0 0  0 2 0 0  0  0  0  0  0  0   2     8
96     96 0 0 0 0 0 0  0 0 0 0  0  0  0  0  0  0   0     7
97     97 0 0 0 0 0 0  0 0 0 0  0  0  0  0  0  0   0    11
98     98 0 0 0 0 0 0  0 0 0 0  0  0  0  0  0  0   0     5
99     99 0 0 0 0 0 0  0 0 0 0  0  0  0  0  0  0   0     5
100   100 0 0 0 0 0 0  0 0 0 0  1  0  0  0  0  0   1     5
101   101 0 0 0 0 0 0  0 0 0 0  0  0  0  0  0  0   0     3
102   102 0 0 0 0 0 0  0 0 1 1  0  0  0  0  0  0   2     6
103   103 0 0 0 0 0 0  0 0 0 0  0  0  0  0  0  0   0     1
104   104 0 0 0 0 0 0  0 0 0 0  0  0  0  0  0  0   0     1
105   105 0 0 0 0 0 0  0 0 0 0  0  0  0  0  0  0   0     4
106   106 0 0 0 0 0 0  0 0 0 0  0  0  0  0  0  0   0     1
107   107 0 0 0 0 0 0  0 0 0 0  0  0  0  0  0  0   0     0
108   108 0 0 0 0 0 0  0 0 0 0  0  0  0  0  0  0   0     2
109   109 0 0 0 0 0 0  0 0 0 0  0  0  0  0  0  0   0     1
110   110 0 0 0 0 0 0  0 0 0 0  0  0  0  0  0  0   0     2
111   111 0 0 0 0 0 0  0 0 0 0  0  0  0  0  0  0   0     2
112   112 0 0 0 0 0 0  0 0 0 0  0  0  0  0  0  0   0     0
113   113 0 0 0 0 0 0  0 0 0 0  0  0  0  0  0  0   0     0
114   114 0 0 0 0 0 0  0 0 0 0  0  0  0  0  0  0   0     0
115   115 0 0 0 0 0 0  0 0 0 0  0  0  0  0  0  0   0     0
116   116 0 0 0 0 0 0  0 0 0 0  0  0  0  0  0  0   0     1
117   117 0 0 0 0 0 0  0 0 0 0  0  0  0  0  0  0   0     1
118   118 0 0 0 0 0 0  0 0 0 0  0  0  0  0  0  0   0     0
119   119 0 0 0 0 0 0  0 0 0 0  0  0  0  0  0  0   0     1
120   120 0 0 0 0 0 0  0 0 0 0  0  0  0  0  0  0   0     0
121   121 0 0 0 0 0 0  0 0 0 0  0  0  0  0  0  0   0     0
122   122 0 0 0 0 0 0  0 0 0 0  0  0  0  0  0  0   0     0
123   123 0 0 0 0 0 0  0 0 0 0  0  0  0  0  0  0   0     0
124   124 0 0 0 0 0 0  0 0 0 0  0  0  0  0  0  0   0     0
125   125 0 0 0 0 0 0  0 0 0 0  0  0  0  0  0  0   0     1
126   126 0 0 0 0 0 0  0 0 0 0  0  0  0  0  0  0   0     0
127   127 0 0 0 0 0 0  0 0 0 0  0  0  0  0  0  0   0     0
128   128 0 0 0 0 0 0  0 0 0 0  0  0  0  0  0  0   0     0
129   129 0 0 0 0 0 0  0 0 0 0  0  0  0  0  0  0   0     0
130   130 0 0 0 0 0 0  0 0 0 0  0  0  0  0  0  0   0     0
131   131 0 0 0 0 0 0  0 0 0 0  0  0  0  0  0  0   0     0
132   132 0 0 0 0 0 0  0 0 0 0  0  0  0  0  0  0   0     0
133   133 0 0 0 0 0 0  0 0 0 0  0  0  0  0  0  0   0     0
134   134 0 0 0 0 0 0  0 0 0 0  0  0  0  0  0  0   0     0
135   135 0 0 0 0 0 0  0 0 0 0  0  0  0  0  0  0   0     0
136   136 0 0 0 0 0 0  0 0 0 0  0  0  0  0  0  0   0     0
137   137 0 0 0 0 0 0  0 0 0 0  0  0  0  0  0  0   0     0
138   138 0 0 0 0 0 0  0 0 0 0  0  0  0  0  0  0   0     0
139   139 0 0 0 0 0 0  0 0 0 0  0  0  0  0  0  0   0     0
140   140 0 0 0 0 0 0  0 0 0 0  0  0  0  0  0  0   0     0
141   141 0 0 0 0 0 0  0 0 0 0  0  0  0  0  0  0   0     0
142   142 0 0 0 0 0 0  0 0 0 0  0  0  0  0  0  0   0     0
143   143 0 0 0 0 0 0  0 0 0 0  0  0  0  0  0  0   0     0
144   144 0 0 0 0 0 0  0 0 0 0  0  0  0  0  0  0   0     0
145   145 0 0 0 0 0 0  0 0 0 0  0  0  0  0  0  0   0     0
146   146 0 0 0 0 0 0  0 0 0 0  0  0  0  0  0  0   0     0
147   147 0 0 0 0 0 0  0 0 0 0  0  0  0  0  0  0   0     0
148   148 0 0 0 0 0 0  0 0 0 0  0  0  0  0  0  0   0     0
149   149 0 0 0 0 0 0  0 0 0 0  0  0  0  0  0  0   0     0
150   150 0 0 0 0 0 0  0 0 0 0  0  0  0  0  0  0   0     0

$ALK.j
    longd 0 1     2     3     4     5     6     7     8     9 10 11 12 13 14 15   Sum Matad
1       1 0 0 0.000 0.000 0.000 0.000 0.000 0.000 0.000 0.000  0  0  0  0  0  0 0.000     0
2       2 0 0 0.000 0.000 0.000 0.000 0.000 0.000 0.000 0.000  0  0  0  0  0  0 0.000     0
3       3 0 0 0.000 0.000 0.000 0.000 0.000 0.000 0.000 0.000  0  0  0  0  0  0 0.000     0
4       4 0 0 0.000 0.000 0.000 0.000 0.000 0.000 0.000 0.000  0  0  0  0  0  0 0.000     0
5       5 0 0 0.000 0.000 0.000 0.000 0.000 0.000 0.000 0.000  0  0  0  0  0  0 0.000     0
6       6 0 0 0.000 0.000 0.000 0.000 0.000 0.000 0.000 0.000  0  0  0  0  0  0 0.000     0
7       7 0 0 0.000 0.000 0.000 0.000 0.000 0.000 0.000 0.000  0  0  0  0  0  0 0.000     0
8       8 0 0 0.000 0.000 0.000 0.000 0.000 0.000 0.000 0.000  0  0  0  0  0  0 0.000     0
9       9 0 0 0.000 0.000 0.000 0.000 0.000 0.000 0.000 0.000  0  0  0  0  0  0 0.000     0
10     10 0 0 0.000 0.000 0.000 0.000 0.000 0.000 0.000 0.000  0  0  0  0  0  0 0.000     0
11     11 0 0 0.000 0.000 0.000 0.000 0.000 0.000 0.000 0.000  0  0  0  0  0  0 0.000     0
12     12 0 0 0.000 0.000 0.000 0.000 0.000 0.000 0.000 0.000  0  0  0  0  0  0 0.000     0
13     13 0 0 0.000 0.000 0.000 0.000 0.000 0.000 0.000 0.000  0  0  0  0  0  0 0.000     0
14     14 0 0 0.000 0.000 0.000 0.000 0.000 0.000 0.000 0.000  0  0  0  0  0  0 0.000     0
15     15 0 0 0.000 0.000 0.000 0.000 0.000 0.000 0.000 0.000  0  0  0  0  0  0 0.000     0
16     16 0 0 0.000 0.000 0.000 0.000 0.000 0.000 0.000 0.000  0  0  0  0  0  0 0.000     0
17     17 0 0 0.000 0.000 0.000 0.000 0.000 0.000 0.000 0.000  0  0  0  0  0  0 0.000     0
18     18 0 0 0.000 0.000 0.000 0.000 0.000 0.000 0.000 0.000  0  0  0  0  0  0 0.000     0
19     19 0 0 0.000 0.000 0.000 0.000 0.000 0.000 0.000 0.000  0  0  0  0  0  0 0.000     0
20     20 0 0 0.000 0.000 0.000 0.000 0.000 0.000 0.000 0.000  0  0  0  0  0  0 0.000     0
21     21 0 0 0.000 0.000 0.000 0.000 0.000 0.000 0.000 0.000  0  0  0  0  0  0 0.000     0
22     22 0 0 0.000 0.000 0.000 0.000 0.000 0.000 0.000 0.000  0  0  0  0  0  0 0.000     0
23     23 0 0 0.000 0.000 0.000 0.000 0.000 0.000 0.000 0.000  0  0  0  0  0  0 0.000     0
24     24 0 0 0.000 0.000 0.000 0.000 0.000 0.000 0.000 0.000  0  0  0  0  0  0 0.000     0
25     25 0 0 0.000 0.000 0.000 0.000 0.000 0.000 0.000 0.000  0  0  0  0  0  0 0.000     0
26     26 0 0 0.000 0.001 0.000 0.000 0.000 0.000 0.000 0.000  0  0  0  0  0  0 0.001     0
27     27 0 0 0.000 0.001 0.000 0.000 0.000 0.000 0.000 0.000  0  0  0  0  0  0 0.001     0
28     28 0 0 0.000 0.003 0.000 0.000 0.000 0.000 0.000 0.000  0  0  0  0  0  0 0.003     0
29     29 0 0 0.000 0.005 0.000 0.000 0.000 0.000 0.000 0.000  0  0  0  0  0  0 0.005     0
30     30 0 0 0.000 0.008 0.000 0.000 0.000 0.000 0.000 0.000  0  0  0  0  0  0 0.008     0
31     31 0 0 0.000 0.013 0.000 0.000 0.000 0.000 0.000 0.000  0  0  0  0  0  0 0.013     0
32     32 0 0 0.000 0.022 0.000 0.000 0.000 0.000 0.000 0.000  0  0  0  0  0  0 0.022     0
33     33 0 0 0.000 0.036 0.000 0.000 0.000 0.000 0.000 0.000  0  0  0  0  0  0 0.036     0
34     34 0 0 0.000 0.056 0.000 0.000 0.000 0.000 0.000 0.000  0  0  0  0  0  0 0.056     0
35     35 0 0 0.000 0.086 0.000 0.000 0.000 0.000 0.000 0.000  0  0  0  0  0  0 0.086     0
36     36 0 0 0.002 0.129 0.000 0.000 0.000 0.000 0.000 0.000  0  0  0  0  0  0 0.131     1
37     37 0 0 0.010 0.188 0.000 0.000 0.000 0.000 0.000 0.000  0  0  0  0  0  0 0.198     1
38     38 0 0 0.033 0.269 0.000 0.000 0.000 0.000 0.000 0.000  0  0  0  0  0  0 0.303     1
39     39 0 0 0.099 0.376 0.000 0.000 0.000 0.000 0.000 0.000  0  0  0  0  0  0 0.475     2
40     40 0 0 0.249 0.512 0.001 0.000 0.000 0.000 0.000 0.000  0  0  0  0  0  0 0.762    13
41     41 0 0 0.534 0.681 0.001 0.001 0.000 0.000 0.000 0.000  0  0  0  0  0  0 1.217    11
42     42 0 0 0.974 0.885 0.003 0.001 0.000 0.000 0.000 0.000  0  0  0  0  0  0 1.864    21
43     43 0 0 1.511 1.124 0.006 0.002 0.000 0.000 0.000 0.000  0  0  0  0  0  0 2.642    24
44     44 0 0 1.994 1.393 0.010 0.004 0.000 0.000 0.000 0.000  0  0  0  0  0  0 3.401    23
45     45 0 0 2.238 1.686 0.019 0.006 0.000 0.000 0.000 0.000  0  0  0  0  0  0 3.949    24
46     46 0 0 2.137 1.993 0.033 0.009 0.000 0.000 0.000 0.000  0  0  0  0  0  0 4.172    28
47     47 0 0 1.736 2.301 0.055 0.015 0.000 0.000 0.000 0.000  0  0  0  0  0  0 4.106    31
48     48 0 0 1.199 2.594 0.090 0.023 0.000 0.000 0.000 0.000  0  0  0  0  0  0 3.906    32
49     49 0 0 0.705 2.856 0.141 0.035 0.001 0.000 0.000 0.000  0  0  0  0  0  0 3.737    34
50     50 0 0 0.352 3.070 0.216 0.052 0.001 0.000 0.000 0.000  0  0  0  0  0  0 3.691    36
51     51 0 0 0.150 3.223 0.318 0.076 0.002 0.000 0.000 0.000  0  0  0  0  0  0 3.769    29
52     52 0 0 0.054 3.305 0.455 0.110 0.003 0.000 0.000 0.000  0  0  0  0  0  0 3.927    35
53     53 0 0 0.017 3.309 0.628 0.156 0.005 0.000 0.000 0.000  0  0  0  0  0  0 4.115    33
54     54 0 0 0.004 3.236 0.841 0.217 0.009 0.000 0.000 0.000  0  0  0  0  0  0 4.307    46
55     55 0 0 0.001 3.090 1.089 0.297 0.014 0.000 0.000 0.000  0  0  0  0  0  0 4.492    25
56     56 0 0 0.000 2.882 1.365 0.400 0.022 0.000 0.000 0.000  0  0  0  0  0  0 4.670    45
57     57 0 0 0.000 2.625 1.655 0.530 0.035 0.001 0.000 0.000  0  0  0  0  0  0 4.845    57
58     58 0 0 0.000 2.334 1.943 0.689 0.053 0.001 0.000 0.000  0  0  0  0  0  0 5.021    48
59     59 0 0 0.000 2.027 2.208 0.880 0.080 0.002 0.000 0.000  0  0  0  0  0  0 5.197    65
60     60 0 0 0.000 1.720 2.428 1.105 0.118 0.002 0.000 0.000  0  0  0  0  0  0 5.374    55
61     61 0 0 0.000 1.424 2.584 1.363 0.171 0.004 0.000 0.000  0  0  0  0  0  0 5.547    78
62     62 0 0 0.000 1.152 2.662 1.652 0.242 0.006 0.000 0.001  0  0  0  0  0  0 5.715    70
63     63 0 0 0.000 0.910 2.654 1.968 0.337 0.009 0.000 0.001  0  0  0  0  0  0 5.879    96
64     64 0 0 0.000 0.702 2.561 2.304 0.459 0.013 0.000 0.002  0  0  0  0  0  0 6.041    79
65     65 0 0 0.000 0.529 2.391 2.650 0.614 0.019 0.000 0.002  0  0  0  0  0  0 6.206    95
66     66 0 0 0.000 0.389 2.161 2.995 0.806 0.028 0.000 0.003  0  0  0  0  0  0 6.382    87
67     67 0 0 0.000 0.280 1.890 3.326 1.036 0.039 0.000 0.005  0  0  0  0  0  0 6.576   102
68     68 0 0 0.000 0.196 1.600 3.629 1.307 0.054 0.000 0.007  0  0  0  0  0  0 6.794    78
69     69 0 0 0.000 0.134 1.311 3.892 1.617 0.074 0.001 0.009  0  0  0  0  0  0 7.038    97
70     70 0 0 0.000 0.090 1.040 4.101 1.961 0.099 0.001 0.012  0  0  0  0  0  0 7.304    98
71     71 0 0 0.000 0.059 0.798 4.246 2.333 0.130 0.001 0.016  0  0  0  0  0  0 7.584    90
72     72 0 0 0.000 0.038 0.593 4.320 2.721 0.168 0.002 0.022  0  0  0  0  0  0 7.864    99
73     73 0 0 0.000 0.023 0.426 4.320 3.113 0.214 0.003 0.028  0  0  0  0  0  0 8.127   117
74     74 0 0 0.000 0.014 0.296 4.244 3.491 0.267 0.005 0.036  0  0  0  0  0  0 8.354   123
75     75 0 0 0.000 0.008 0.200 4.097 3.841 0.328 0.008 0.045  0  0  0  0  0  0 8.527   124
76     76 0 0 0.000 0.005 0.130 3.886 4.143 0.397 0.011 0.056  0  0  0  0  0  0 8.628   116
77     77 0 0 0.000 0.003 0.082 3.622 4.382 0.472 0.016 0.069  0  0  0  0  0  0 8.646   146
78     78 0 0 0.000 0.002 0.050 3.318 4.546 0.551 0.022 0.083  0  0  0  0  0  0 8.572   129
79     79 0 0 0.000 0.001 0.030 2.986 4.624 0.633 0.030 0.099  0  0  0  0  0  0 8.403    98
80     80 0 0 0.000 0.000 0.017 2.641 4.613 0.714 0.040 0.116  0  0  0  0  0  0 8.141   116
81     81 0 0 0.000 0.000 0.009 2.295 4.512 0.793 0.053 0.133  0  0  0  0  0  0 7.796   109
82     82 0 0 0.000 0.000 0.005 1.960 4.328 0.865 0.067 0.151  0  0  0  0  0  0 7.377    89
83     83 0 0 0.000 0.000 0.003 1.645 4.072 0.929 0.084 0.169  0  0  0  0  0  0 6.901    77
84     84 0 0 0.000 0.000 0.001 1.356 3.756 0.980 0.103 0.186  0  0  0  0  0  0 6.382    75
85     85 0 0 0.000 0.000 0.001 1.099 3.398 1.016 0.123 0.202  0  0  0  0  0  0 5.838    78
86     86 0 0 0.000 0.000 0.000 0.875 3.014 1.036 0.143 0.216  0  0  0  0  0  0 5.285    71
87     87 0 0 0.000 0.000 0.000 0.685 2.622 1.039 0.164 0.228  0  0  0  0  0  0 4.738    40
88     88 0 0 0.000 0.000 0.000 0.526 2.237 1.024 0.184 0.237  0  0  0  0  0  0 4.207    42
89     89 0 0 0.000 0.000 0.000 0.398 1.871 0.992 0.202 0.242  0  0  0  0  0  0 3.704    33
90     90 0 0 0.000 0.000 0.000 0.295 1.535 0.945 0.216 0.244  0  0  0  0  0  0 3.235    39
91     91 0 0 0.000 0.000 0.000 0.215 1.235 0.886 0.227 0.242  0  0  0  0  0  0 2.805    25
92     92 0 0 0.000 0.000 0.000 0.154 0.974 0.815 0.233 0.237  0  0  0  0  0  0 2.414    23
93     93 0 0 0.000 0.000 0.000 0.109 0.754 0.738 0.234 0.228  0  0  0  0  0  0 2.063    10
94     94 0 0 0.000 0.000 0.000 0.075 0.572 0.657 0.231 0.216  0  0  0  0  0  0 1.751    11
95     95 0 0 0.000 0.000 0.000 0.051 0.425 0.575 0.222 0.202  0  0  0  0  0  0 1.476     8
96     96 0 0 0.000 0.000 0.000 0.034 0.310 0.495 0.209 0.186  0  0  0  0  0  0 1.235     7
97     97 0 0 0.000 0.000 0.000 0.022 0.222 0.419 0.193 0.169  0  0  0  0  0  0 1.025    11
98     98 0 0 0.000 0.000 0.000 0.014 0.156 0.348 0.174 0.151  0  0  0  0  0  0 0.844     5
99     99 0 0 0.000 0.000 0.000 0.009 0.107 0.285 0.154 0.133  0  0  0  0  0  0 0.688     5
100   100 0 0 0.000 0.000 0.000 0.006 0.072 0.229 0.133 0.116  1  0  0  0  0  0 1.555     5
101   101 0 0 0.000 0.000 0.000 0.004 0.048 0.181 0.112 0.099  0  0  0  0  0  0 0.443     3
102   102 0 0 0.000 0.000 0.000 0.002 0.031 0.141 0.093 0.083  0  0  0  0  0  0 0.350     6
103   103 0 0 0.000 0.000 0.000 0.001 0.020 0.107 0.075 0.069  0  0  0  0  0  0 0.273     1
104   104 0 0 0.000 0.000 0.000 0.001 0.012 0.081 0.060 0.056  0  0  0  0  0  0 0.210     1
105   105 0 0 0.000 0.000 0.000 0.000 0.008 0.060 0.046 0.045  0  0  0  0  0  0 0.159     4
106   106 0 0 0.000 0.000 0.000 0.000 0.005 0.043 0.035 0.036  0  0  0  0  0  0 0.119     1
107   107 0 0 0.000 0.000 0.000 0.000 0.003 0.031 0.026 0.028  0  0  0  0  0  0 0.088     0
108   108 0 0 0.000 0.000 0.000 0.000 0.002 0.022 0.019 0.022  0  0  0  0  0  0 0.064     2
109   109 0 0 0.000 0.000 0.000 0.000 0.001 0.015 0.014 0.016  0  0  0  0  0  0 0.046     1
110   110 0 0 0.000 0.000 0.000 0.000 0.000 0.010 0.009 0.012  0  0  0  0  0  0 0.032     2
111   111 0 0 0.000 0.000 0.000 0.000 0.000 0.007 0.006 0.009  0  0  0  0  0  0 0.023     2
112   112 0 0 0.000 0.000 0.000 0.000 0.000 0.004 0.004 0.007  0  0  0  0  0  0 0.015     0
113   113 0 0 0.000 0.000 0.000 0.000 0.000 0.003 0.003 0.005  0  0  0  0  0  0 0.010     0
114   114 0 0 0.000 0.000 0.000 0.000 0.000 0.002 0.002 0.003  0  0  0  0  0  0 0.007     0
115   115 0 0 0.000 0.000 0.000 0.000 0.000 0.001 0.001 0.002  0  0  0  0  0  0 0.005     0
116   116 0 0 0.000 0.000 0.000 0.000 0.000 0.001 0.001 0.002  0  0  0  0  0  0 0.003     1
117   117 0 0 0.000 0.000 0.000 0.000 0.000 0.000 0.000 0.001  0  0  0  0  0  0 0.002     1
118   118 0 0 0.000 0.000 0.000 0.000 0.000 0.000 0.000 0.001  0  0  0  0  0  0 0.001     0
119   119 0 0 0.000 0.000 0.000 0.000 0.000 0.000 0.000 0.000  0  0  0  0  0  0 0.001     1
120   120 0 0 0.000 0.000 0.000 0.000 0.000 0.000 0.000 0.000  0  0  0  0  0  0 0.000     0
121   121 0 0 0.000 0.000 0.000 0.000 0.000 0.000 0.000 0.000  0  0  0  0  0  0 0.000     0
122   122 0 0 0.000 0.000 0.000 0.000 0.000 0.000 0.000 0.000  0  0  0  0  0  0 0.000     0
123   123 0 0 0.000 0.000 0.000 0.000 0.000 0.000 0.000 0.000  0  0  0  0  0  0 0.000     0
124   124 0 0 0.000 0.000 0.000 0.000 0.000 0.000 0.000 0.000  0  0  0  0  0  0 0.000     0
125   125 0 0 0.000 0.000 0.000 0.000 0.000 0.000 0.000 0.000  0  0  0  0  0  0 0.000     1
126   126 0 0 0.000 0.000 0.000 0.000 0.000 0.000 0.000 0.000  0  0  0  0  0  0 0.000     0
127   127 0 0 0.000 0.000 0.000 0.000 0.000 0.000 0.000 0.000  0  0  0  0  0  0 0.000     0
128   128 0 0 0.000 0.000 0.000 0.000 0.000 0.000 0.000 0.000  0  0  0  0  0  0 0.000     0
129   129 0 0 0.000 0.000 0.000 0.000 0.000 0.000 0.000 0.000  0  0  0  0  0  0 0.000     0
130   130 0 0 0.000 0.000 0.000 0.000 0.000 0.000 0.000 0.000  0  0  0  0  0  0 0.000     0
131   131 0 0 0.000 0.000 0.000 0.000 0.000 0.000 0.000 0.000  0  0  0  0  0  0 0.000     0
132   132 0 0 0.000 0.000 0.000 0.000 0.000 0.000 0.000 0.000  0  0  0  0  0  0 0.000     0
133   133 0 0 0.000 0.000 0.000 0.000 0.000 0.000 0.000 0.000  0  0  0  0  0  0 0.000     0
134   134 0 0 0.000 0.000 0.000 0.000 0.000 0.000 0.000 0.000  0  0  0  0  0  0 0.000     0
135   135 0 0 0.000 0.000 0.000 0.000 0.000 0.000 0.000 0.000  0  0  0  0  0  0 0.000     0
136   136 0 0 0.000 0.000 0.000 0.000 0.000 0.000 0.000 0.000  0  0  0  0  0  0 0.000     0
137   137 0 0 0.000 0.000 0.000 0.000 0.000 0.000 0.000 0.000  0  0  0  0  0  0 0.000     0
138   138 0 0 0.000 0.000 0.000 0.000 0.000 0.000 0.000 0.000  0  0  0  0  0  0 0.000     0
139   139 0 0 0.000 0.000 0.000 0.000 0.000 0.000 0.000 0.000  0  0  0  0  0  0 0.000     0
140   140 0 0 0.000 0.000 0.000 0.000 0.000 0.000 0.000 0.000  0  0  0  0  0  0 0.000     0
141   141 0 0 0.000 0.000 0.000 0.000 0.000 0.000 0.000 0.000  0  0  0  0  0  0 0.000     0
142   142 0 0 0.000 0.000 0.000 0.000 0.000 0.000 0.000 0.000  0  0  0  0  0  0 0.000     0
143   143 0 0 0.000 0.000 0.000 0.000 0.000 0.000 0.000 0.000  0  0  0  0  0  0 0.000     0
144   144 0 0 0.000 0.000 0.000 0.000 0.000 0.000 0.000 0.000  0  0  0  0  0  0 0.000     0
145   145 0 0 0.000 0.000 0.000 0.000 0.000 0.000 0.000 0.000  0  0  0  0  0  0 0.000     0
146   146 0 0 0.000 0.000 0.000 0.000 0.000 0.000 0.000 0.000  0  0  0  0  0  0 0.000     0
147   147 0 0 0.000 0.000 0.000 0.000 0.000 0.000 0.000 0.000  0  0  0  0  0  0 0.000     0
148   148 0 0 0.000 0.000 0.000 0.000 0.000 0.000 0.000 0.000  0  0  0  0  0  0 0.000     0
149   149 0 0 0.000 0.000 0.000 0.000 0.000 0.000 0.000 0.000  0  0  0  0  0  0 0.000     0
150   150 0 0 0.000 0.000 0.000 0.000 0.000 0.000 0.000 0.000  0  0  0  0  0  0 0.000     0


 .... [TRUNCATED] 
>>>>>>>>>>>>>> 	 ALD-lykil 	 <<<<<<<<<<<<
 .... [TRUNCATED] 
$ALD
              0        1        2        3        4        5        6        7        8        9       10       11       12       13       14
1         0.000    0.000    0.000    0.000    0.000    0.000    0.000    0.000    0.000    0.000    0.000    0.000    0.000    0.000    0.000
2         0.000    0.000    0.000    0.000    0.000    0.000    0.000    0.000    0.000    0.000    0.000    0.000    0.000    0.000    0.000
3         0.000    0.000    0.000    0.000    0.000    0.000    0.000    0.000    0.000    0.000    0.000    0.000    0.000    0.000    0.000
4         0.000    0.000    0.000    0.000    0.000    0.000    0.000    0.000    0.000    0.000    0.000    0.000    0.000    0.000    0.000
5         0.000    0.000    0.000    0.000    0.000    0.000    0.000    0.000    0.000    0.000    0.000    0.000    0.000    0.000    0.000
6         0.000    0.000    0.000    0.000    0.000    0.000    0.000    0.000    0.000    0.000    0.000    0.000    0.000    0.000    0.000
7         0.000    0.000    0.000    0.000    0.000    0.000    0.000    0.000    0.000    0.000    0.000    0.000    0.000    0.000    0.000
8         0.000    0.000    0.000    0.000    0.000    0.000    0.000    0.000    0.000    0.000    0.000    0.000    0.000    0.000    0.000
9         0.000    0.000    0.000    0.000    0.000    0.000    0.000    0.000    0.000    0.000    0.000    0.000    0.000    0.000    0.000
10        0.000    0.000    0.000    0.000    0.000    0.000    0.000    0.000    0.000    0.000    0.000    0.000    0.000    0.000    0.000
11        0.000    0.000    0.000    0.000    0.000    0.000    0.000    0.000    0.000    0.000    0.000    0.000    0.000    0.000    0.000
12        0.000    0.000    0.000    0.000    0.000    0.000    0.000    0.000    0.000    0.000    0.000    0.000    0.000    0.000    0.000
13        0.000    0.000    0.000    0.000    0.000    0.000    0.000    0.000    0.000    0.000    0.000    0.000    0.000    0.000    0.000
14        0.000    0.000    0.000    0.000    0.000    0.000    0.000    0.000    0.000    0.000    0.000    0.000    0.000    0.000    0.000
15        0.000    0.000    0.000    0.000    0.000    0.000    0.000    0.000    0.000    0.000    0.000    0.000    0.000    0.000    0.000
16        0.000    0.000    0.000    0.000    0.000    0.000    0.000    0.000    0.000    0.000    0.000    0.000    0.000    0.000    0.000
17        0.000    0.000    0.000    0.000    0.000    0.000    0.000    0.000    0.000    0.000    0.000    0.000    0.000    0.000    0.000
18        0.000    0.000    0.000    0.000    0.000    0.000    0.000    0.000    0.000    0.000    0.000    0.000    0.000    0.000    0.000
19        0.000    0.000    0.000    0.000    0.000    0.000    0.000    0.000    0.000    0.000    0.000    0.000    0.000    0.000    0.000
20        0.000    0.000    0.000    0.000    0.000    0.000    0.000    0.000    0.000    0.000    0.000    0.000    0.000    0.000    0.000
21        0.000    0.000    0.000    0.000    0.000    0.000    0.000    0.000    0.000    0.000    0.000    0.000    0.000    0.000    0.000
22        0.000    0.000    0.000    0.000    0.000    0.000    0.000    0.000    0.000    0.000    0.000    0.000    0.000    0.000    0.000
23        0.000    0.000    0.000    0.000    0.000    0.000    0.000    0.000    0.000    0.000    0.000    0.000    0.000    0.000    0.000
24        0.000    0.000    0.000    0.000    0.000    0.000    0.000    0.000    0.000    0.000    0.000    0.000    0.000    0.000    0.000
25        0.000    0.000    0.000    0.000    0.000    0.000    0.000    0.000    0.000    0.000    0.000    0.000    0.000    0.000    0.000
26        0.000    0.000    0.000    0.000    0.000    0.000    0.000    0.000    0.000    0.000    0.000    0.000    0.000    0.000    0.000
27        0.000    0.000    0.000    0.000    0.000    0.000    0.000    0.000    0.000    0.000    0.000    0.000    0.000    0.000    0.000
28        0.000    0.000    0.000    0.000    0.000    0.000    0.000    0.000    0.000    0.000    0.000    0.000    0.000    0.000    0.000
29        0.000    0.000    0.000    0.000    0.000    0.000    0.000    0.000    0.000    0.000    0.000    0.000    0.000    0.000    0.000
30        0.000    0.000    0.000    0.000    0.000    0.000    0.000    0.000    0.000    0.000    0.000    0.000    0.000    0.000    0.000
31        0.000    0.000    0.000    0.000    0.000    0.000    0.000    0.000    0.000    0.000    0.000    0.000    0.000    0.000    0.000
32        0.000    0.000    0.000    0.000    0.000    0.000    0.000    0.000    0.000    0.000    0.000    0.000    0.000    0.000    0.000
33        0.000    0.000    0.000    0.000    0.000    0.000    0.000    0.000    0.000    0.000    0.000    0.000    0.000    0.000    0.000
34        0.000    0.000    0.000    0.000    0.000    0.000    0.000    0.000    0.000    0.000    0.000    0.000    0.000    0.000    0.000
35        0.000    0.000    0.000    0.000    0.000    0.000    0.000    0.000    0.000    0.000    0.000    0.000    0.000    0.000    0.000
36        0.000    0.000    0.000    0.000    0.000    0.000    0.000    0.000    0.000    0.000    0.000    0.000    0.000    0.000    0.000
37        0.000    0.000    0.000    0.000    0.000    0.000    0.000    0.000    0.000    0.000    0.000    0.000    0.000    0.000    0.000
38        0.000    0.000    0.000    0.000    0.000    0.000    0.000    0.000    0.000    0.000    0.000    0.000    0.000    0.000    0.000
39        0.000    0.000    0.000    0.000    0.000    0.000    0.000    0.000    0.000    0.000    0.000    0.000    0.000    0.000    0.000
40        0.000    0.000   13.000    0.000    0.000    0.000    0.000    0.000    0.000    0.000    0.000    0.000    0.000    0.000    0.000
41        0.000    0.000   11.000    0.000    0.000    0.000    0.000    0.000    0.000    0.000    0.000    0.000    0.000    0.000    0.000
42        0.000    0.000    0.000    0.000    0.000    0.000    0.000    0.000    0.000    0.000    0.000    0.000    0.000    0.000    0.000
43        0.000    0.000    0.000   24.000    0.000    0.000    0.000    0.000    0.000    0.000    0.000    0.000    0.000    0.000    0.000
44        0.000    0.000   13.800    9.200    0.000    0.000    0.000    0.000    0.000    0.000    0.000    0.000    0.000    0.000    0.000
45        0.000    0.000    9.600   14.400    0.000    0.000    0.000    0.000    0.000    0.000    0.000    0.000    0.000    0.000    0.000
46        0.000    0.000   11.200   16.800    0.000    0.000    0.000    0.000    0.000    0.000    0.000    0.000    0.000    0.000    0.000
47        0.000    0.000   15.500   15.500    0.000    0.000    0.000    0.000    0.000    0.000    0.000    0.000    0.000    0.000    0.000
48        0.000    0.000   13.714   18.286    0.000    0.000    0.000    0.000    0.000    0.000    0.000    0.000    0.000    0.000    0.000
49        0.000    0.000    0.000   17.000    0.000   17.000    0.000    0.000    0.000    0.000    0.000    0.000    0.000    0.000    0.000
50        0.000    0.000    0.000   36.000    0.000    0.000    0.000    0.000    0.000    0.000    0.000    0.000    0.000    0.000    0.000
51        0.000    0.000    0.000   19.333    9.667    0.000    0.000    0.000    0.000    0.000    0.000    0.000    0.000    0.000    0.000
52        0.000    0.000    0.000   26.250    8.750    0.000    0.000    0.000    0.000    0.000    0.000    0.000    0.000    0.000    0.000
53        0.000    0.000    0.000   33.000    0.000    0.000    0.000    0.000    0.000    0.000    0.000    0.000    0.000    0.000    0.000
54        0.000    0.000    0.000   30.667    7.667    7.667    0.000    0.000    0.000    0.000    0.000    0.000    0.000    0.000    0.000
55        0.000    0.000    0.000   25.000    0.000    0.000    0.000    0.000    0.000    0.000    0.000    0.000    0.000    0.000    0.000
56        0.000    0.000    0.000   45.000    0.000    0.000    0.000    0.000    0.000    0.000    0.000    0.000    0.000    0.000    0.000
57        0.000    0.000    0.000    0.000   57.000    0.000    0.000    0.000    0.000    0.000    0.000    0.000    0.000    0.000    0.000
58        0.000    0.000    0.000    9.600   38.400    0.000    0.000    0.000    0.000    0.000    0.000    0.000    0.000    0.000    0.000
59        0.000    0.000    0.000   46.429   18.571    0.000    0.000    0.000    0.000    0.000    0.000    0.000    0.000    0.000    0.000
60        0.000    0.000    0.000    9.167   36.667    0.000    9.167    0.000    0.000    0.000    0.000    0.000    0.000    0.000    0.000
61        0.000    0.000    0.000   13.000    0.000   65.000    0.000    0.000    0.000    0.000    0.000    0.000    0.000    0.000    0.000
62        0.000    0.000    0.000    0.000   46.667   23.333    0.000    0.000    0.000    0.000    0.000    0.000    0.000    0.000    0.000
63        0.000    0.000    0.000   24.000   48.000   12.000   12.000    0.000    0.000    0.000    0.000    0.000    0.000    0.000    0.000
64        0.000    0.000    0.000   39.500   39.500    0.000    0.000    0.000    0.000    0.000    0.000    0.000    0.000    0.000    0.000
65        0.000    0.000    0.000   35.625   11.875   35.625   11.875    0.000    0.000    0.000    0.000    0.000    0.000    0.000    0.000
66        0.000    0.000    0.000    0.000   10.875   65.250   10.875    0.000    0.000    0.000    0.000    0.000    0.000    0.000    0.000
67        0.000    0.000    0.000    0.000    0.000   61.200   40.800    0.000    0.000    0.000    0.000    0.000    0.000    0.000    0.000
68        0.000    0.000    0.000    0.000   39.000   29.250    0.000    9.750    0.000    0.000    0.000    0.000    0.000    0.000    0.000
69        0.000    0.000    0.000    0.000   32.333   43.111   21.556    0.000    0.000    0.000    0.000    0.000    0.000    0.000    0.000
70        0.000    0.000    0.000    0.000    0.000   58.800   39.200    0.000    0.000    0.000    0.000    0.000    0.000    0.000    0.000
71        0.000    0.000    0.000    0.000   12.857   25.714   38.571   12.857    0.000    0.000    0.000    0.000    0.000    0.000    0.000
72        0.000    0.000    0.000    0.000    9.000   63.000   27.000    0.000    0.000    0.000    0.000    0.000    0.000    0.000    0.000
73        0.000    0.000    0.000    0.000    0.000   58.500   58.500    0.000    0.000    0.000    0.000    0.000    0.000    0.000    0.000
74        0.000    0.000    0.000    0.000   24.600   98.400    0.000    0.000    0.000    0.000    0.000    0.000    0.000    0.000    0.000
75        0.000    0.000    0.000    0.000    0.000   82.667   41.333    0.000    0.000    0.000    0.000    0.000    0.000    0.000    0.000
76        0.000    0.000    0.000    0.000    0.000   82.857   33.143    0.000    0.000    0.000    0.000    0.000    0.000    0.000    0.000
77        0.000    0.000    0.000    0.000    0.000   41.714  104.286    0.000    0.000    0.000    0.000    0.000    0.000    0.000    0.000
78        0.000    0.000    0.000    0.000    0.000   64.500   64.500    0.000    0.000    0.000    0.000    0.000    0.000    0.000    0.000
79        0.000    0.000    0.000    0.000    0.000   24.500   49.000   12.250    0.000   12.250    0.000    0.000    0.000    0.000    0.000
80        0.000    0.000    0.000    0.000    0.000   29.000   72.500   14.500    0.000    0.000    0.000    0.000    0.000    0.000    0.000
81        0.000    0.000    0.000    0.000    0.000   36.333   54.500   18.167    0.000    0.000    0.000    0.000    0.000    0.000    0.000
82        0.000    0.000    0.000    0.000    0.000   44.500   35.600    8.900    0.000    0.000    0.000    0.000    0.000    0.000    0.000
83        0.000    0.000    0.000    0.000    0.000   30.800   46.200    0.000    0.000    0.000    0.000    0.000    0.000    0.000    0.000
84        0.000    0.000    0.000    0.000    0.000    7.500   67.500    0.000    0.000    0.000    0.000    0.000    0.000    0.000    0.000
85        0.000    0.000    0.000    0.000    0.000    0.000   78.000    0.000    0.000    0.000    0.000    0.000    0.000    0.000    0.000
86        0.000    0.000    0.000    0.000    0.000   20.286   20.286   20.286   10.143    0.000    0.000    0.000    0.000    0.000    0.000
87        0.000    0.000    0.000    0.000    0.000    0.000   40.000    0.000    0.000    0.000    0.000    0.000    0.000    0.000    0.000
88        0.000    0.000    0.000    0.000    0.000    0.000   31.500   10.500    0.000    0.000    0.000    0.000    0.000    0.000    0.000
89        0.000    0.000    0.000    0.000    0.000    4.125   12.375    8.250    0.000    8.250    0.000    0.000    0.000    0.000    0.000
90        0.000    0.000    0.000    0.000    0.000    0.000   19.500   13.000    6.500    0.000    0.000    0.000    0.000    0.000    0.000
91        0.000    0.000    0.000    0.000    0.000    0.000    8.333    8.333    0.000    8.333    0.000    0.000    0.000    0.000    0.000
92        0.000    0.000    0.000    0.000    0.000    0.000    0.000    0.000    0.000    0.000    0.000    0.000    0.000    0.000    0.000
93        0.000    0.000    0.000    0.000    0.000    0.000    2.000    6.000    2.000    0.000    0.000    0.000    0.000    0.000    0.000
94        0.000    0.000    0.000    0.000    0.000    0.000    5.500    5.500    0.000    0.000    0.000    0.000    0.000    0.000    0.000
95        0.000    0.000    0.000    0.000    0.000    0.000    0.000    8.000    0.000    0.000    0.000    0.000    0.000    0.000    0.000
96        0.000    0.000    0.000    0.000    0.000    0.000    0.000    0.000    0.000    0.000    0.000    0.000    0.000    0.000    0.000
97        0.000    0.000    0.000    0.000    0.000    0.000    0.000    0.000    0.000    0.000    0.000    0.000    0.000    0.000    0.000
98        0.000    0.000    0.000    0.000    0.000    0.000    0.000    0.000    0.000    0.000    0.000    0.000    0.000    0.000    0.000
99        0.000    0.000    0.000    0.000    0.000    0.000    0.000    0.000    0.000    0.000    0.000    0.000    0.000    0.000    0.000
100       0.000    0.000    0.000    0.000    0.000    0.000    0.000    0.000    0.000    0.000    5.000    0.000    0.000    0.000    0.000
101       0.000    0.000    0.000    0.000    0.000    0.000    0.000    0.000    0.000    0.000    0.000    0.000    0.000    0.000    0.000
102       0.000    0.000    0.000    0.000    0.000    0.000    0.000    0.000    3.000    3.000    0.000    0.000    0.000    0.000    0.000
103       0.000    0.000    0.000    0.000    0.000    0.000    0.000    0.000    0.000    0.000    0.000    0.000    0.000    0.000    0.000
104       0.000    0.000    0.000    0.000    0.000    0.000    0.000    0.000    0.000    0.000    0.000    0.000    0.000    0.000    0.000
105       0.000    0.000    0.000    0.000    0.000    0.000    0.000    0.000    0.000    0.000    0.000    0.000    0.000    0.000    0.000
106       0.000    0.000    0.000    0.000    0.000    0.000    0.000    0.000    0.000    0.000    0.000    0.000    0.000    0.000    0.000
107       0.000    0.000    0.000    0.000    0.000    0.000    0.000    0.000    0.000    0.000    0.000    0.000    0.000    0.000    0.000
108       0.000    0.000    0.000    0.000    0.000    0.000    0.000    0.000    0.000    0.000    0.000    0.000    0.000    0.000    0.000
109       0.000    0.000    0.000    0.000    0.000    0.000    0.000    0.000    0.000    0.000    0.000    0.000    0.000    0.000    0.000
110       0.000    0.000    0.000    0.000    0.000    0.000    0.000    0.000    0.000    0.000    0.000    0.000    0.000    0.000    0.000
111       0.000    0.000    0.000    0.000    0.000    0.000    0.000    0.000    0.000    0.000    0.000    0.000    0.000    0.000    0.000
112       0.000    0.000    0.000    0.000    0.000    0.000    0.000    0.000    0.000    0.000    0.000    0.000    0.000    0.000    0.000
113       0.000    0.000    0.000    0.000    0.000    0.000    0.000    0.000    0.000    0.000    0.000    0.000    0.000    0.000    0.000
114       0.000    0.000    0.000    0.000    0.000    0.000    0.000    0.000    0.000    0.000    0.000    0.000    0.000    0.000    0.000
115       0.000    0.000    0.000    0.000    0.000    0.000    0.000    0.000    0.000    0.000    0.000    0.000    0.000    0.000    0.000
116       0.000    0.000    0.000    0.000    0.000    0.000    0.000    0.000    0.000    0.000    0.000    0.000    0.000    0.000    0.000
117       0.000    0.000    0.000    0.000    0.000    0.000    0.000    0.000    0.000    0.000    0.000    0.000    0.000    0.000    0.000
118       0.000    0.000    0.000    0.000    0.000    0.000    0.000    0.000    0.000    0.000    0.000    0.000    0.000    0.000    0.000
119       0.000    0.000    0.000    0.000    0.000    0.000    0.000    0.000    0.000    0.000    0.000    0.000    0.000    0.000    0.000
120       0.000    0.000    0.000    0.000    0.000    0.000    0.000    0.000    0.000    0.000    0.000    0.000    0.000    0.000    0.000
121       0.000    0.000    0.000    0.000    0.000    0.000    0.000    0.000    0.000    0.000    0.000    0.000    0.000    0.000    0.000
122       0.000    0.000    0.000    0.000    0.000    0.000    0.000    0.000    0.000    0.000    0.000    0.000    0.000    0.000    0.000
123       0.000    0.000    0.000    0.000    0.000    0.000    0.000    0.000    0.000    0.000    0.000    0.000    0.000    0.000    0.000
124       0.000    0.000    0.000    0.000    0.000    0.000    0.000    0.000    0.000    0.000    0.000    0.000    0.000    0.000    0.000
125       0.000    0.000    0.000    0.000    0.000    0.000    0.000    0.000    0.000    0.000    0.000    0.000    0.000    0.000    0.000
126       0.000    0.000    0.000    0.000    0.000    0.000    0.000    0.000    0.000    0.000    0.000    0.000    0.000    0.000    0.000
127       0.000    0.000    0.000    0.000    0.000    0.000    0.000    0.000    0.000    0.000    0.000    0.000    0.000    0.000    0.000
128       0.000    0.000    0.000    0.000    0.000    0.000    0.000    0.000    0.000    0.000    0.000    0.000    0.000    0.000    0.000
129       0.000    0.000    0.000    0.000    0.000    0.000    0.000    0.000    0.000    0.000    0.000    0.000    0.000    0.000    0.000
130       0.000    0.000    0.000    0.000    0.000    0.000    0.000    0.000    0.000    0.000    0.000    0.000    0.000    0.000    0.000
131       0.000    0.000    0.000    0.000    0.000    0.000    0.000    0.000    0.000    0.000    0.000    0.000    0.000    0.000    0.000
132       0.000    0.000    0.000    0.000    0.000    0.000    0.000    0.000    0.000    0.000    0.000    0.000    0.000    0.000    0.000
133       0.000    0.000    0.000    0.000    0.000    0.000    0.000    0.000    0.000    0.000    0.000    0.000    0.000    0.000    0.000
134       0.000    0.000    0.000    0.000    0.000    0.000    0.000    0.000    0.000    0.000    0.000    0.000    0.000    0.000    0.000
135       0.000    0.000    0.000    0.000    0.000    0.000    0.000    0.000    0.000    0.000    0.000    0.000    0.000    0.000    0.000
136       0.000    0.000    0.000    0.000    0.000    0.000    0.000    0.000    0.000    0.000    0.000    0.000    0.000    0.000    0.000
137       0.000    0.000    0.000    0.000    0.000    0.000    0.000    0.000    0.000    0.000    0.000    0.000    0.000    0.000    0.000
138       0.000    0.000    0.000    0.000    0.000    0.000    0.000    0.000    0.000    0.000    0.000    0.000    0.000    0.000    0.000
139       0.000    0.000    0.000    0.000    0.000    0.000    0.000    0.000    0.000    0.000    0.000    0.000    0.000    0.000    0.000
140       0.000    0.000    0.000    0.000    0.000    0.000    0.000    0.000    0.000    0.000    0.000    0.000    0.000    0.000    0.000
141       0.000    0.000    0.000    0.000    0.000    0.000    0.000    0.000    0.000    0.000    0.000    0.000    0.000    0.000    0.000
142       0.000    0.000    0.000    0.000    0.000    0.000    0.000    0.000    0.000    0.000    0.000    0.000    0.000    0.000    0.000
143       0.000    0.000    0.000    0.000    0.000    0.000    0.000    0.000    0.000    0.000    0.000    0.000    0.000    0.000    0.000
144       0.000    0.000    0.000    0.000    0.000    0.000    0.000    0.000    0.000    0.000    0.000    0.000    0.000    0.000    0.000
145       0.000    0.000    0.000    0.000    0.000    0.000    0.000    0.000    0.000    0.000    0.000    0.000    0.000    0.000    0.000
146       0.000    0.000    0.000    0.000    0.000    0.000    0.000    0.000    0.000    0.000    0.000    0.000    0.000    0.000    0.000
147       0.000    0.000    0.000    0.000    0.000    0.000    0.000    0.000    0.000    0.000    0.000    0.000    0.000    0.000    0.000
148       0.000    0.000    0.000    0.000    0.000    0.000    0.000    0.000    0.000    0.000    0.000    0.000    0.000    0.000    0.000
149       0.000    0.000    0.000    0.000    0.000    0.000    0.000    0.000    0.000    0.000    0.000    0.000    0.000    0.000    0.000
150       0.000    0.000    0.000    0.000    0.000    0.000    0.000    0.000    0.000    0.000    0.000    0.000    0.000    0.000    0.000
Sum       0.000    0.000   87.814  507.756  451.429 1132.633 1055.600  156.293   21.643   31.833    5.000    0.000    0.000    0.000    0.000
mW        0.000    0.000    0.858    1.613    2.386    3.655    4.610    5.572    6.852    6.222    9.237    0.000    0.000    0.000    0.000
mL        0.000    0.000   44.506   54.647   62.779   72.398   78.498   83.735   90.095   86.903  100.000    0.000    0.000    0.000    0.000
pA        0.000    0.000    0.025    0.147    0.131    0.328    0.306    0.045    0.006    0.009    0.001    0.000    0.000    0.000    0.000
tot.mW 3548.356 3548.356 3548.356 3548.356 3548.356 3548.356 3548.356 3548.356 3548.356 3548.356 3548.356 3548.356 3548.356 3548.356 3548.356
tot.mL   70.475   70.475   70.475   70.475   70.475   70.475   70.475   70.475   70.475   70.475   70.475   70.475   70.475   70.475   70.475
             15    Matad      Sum
1         0.000    0.000    0.000
2         0.000    0.000    0.000
3         0.000    0.000    0.000
4         0.000    0.000    0.000
5         0.000    0.000    0.000
6         0.000    0.000    0.000
7         0.000    0.000    0.000
8         0.000    0.000    0.000
9         0.000    0.000    0.000
10        0.000    0.000    0.000
11        0.000    0.000    0.000
12        0.000    0.000    0.000
13        0.000    0.000    0.000
14        0.000    0.000    0.000
15        0.000    0.000    0.000
16        0.000    0.000    0.000
17        0.000    0.000    0.000
18        0.000    0.000    0.000
19        0.000    0.000    0.000
20        0.000    0.000    0.000
21        0.000    0.000    0.000
22        0.000    0.000    0.000
23        0.000    0.000    0.000
24        0.000    0.000    0.000
25        0.000    0.000    0.000
26        0.000    0.000    0.000
27        0.000    0.000    0.000
28        0.000    0.000    0.000
29        0.000    0.000    0.000
30        0.000    0.000    0.000
31        0.000    0.000    0.000
32        0.000    0.000    0.000
33        0.000    0.000    0.000
34        0.000    0.000    0.000
35        0.000    0.000    0.000
36        0.000    1.000    0.000
37        0.000    1.000    0.000
38        0.000    1.000    0.000
39        0.000    2.000    0.000
40        0.000   13.000   13.000
41        0.000   11.000   11.000
42        0.000   21.000    0.000
43        0.000   24.000   24.000
44        0.000   23.000   23.000
45        0.000   24.000   24.000
46        0.000   28.000   28.000
47        0.000   31.000   31.000
48        0.000   32.000   32.000
49        0.000   34.000   34.000
50        0.000   36.000   36.000
51        0.000   29.000   29.000
52        0.000   35.000   35.000
53        0.000   33.000   33.000
54        0.000   46.000   46.000
55        0.000   25.000   25.000
56        0.000   45.000   45.000
57        0.000   57.000   57.000
58        0.000   48.000   48.000
59        0.000   65.000   65.000
60        0.000   55.000   55.000
61        0.000   78.000   78.000
62        0.000   70.000   70.000
63        0.000   96.000   96.000
64        0.000   79.000   79.000
65        0.000   95.000   95.000
66        0.000   87.000   87.000
67        0.000  102.000  102.000
68        0.000   78.000   78.000
69        0.000   97.000   97.000
70        0.000   98.000   98.000
71        0.000   90.000   90.000
72        0.000   99.000   99.000
73        0.000  117.000  117.000
74        0.000  123.000  123.000
75        0.000  124.000  124.000
76        0.000  116.000  116.000
77        0.000  146.000  146.000
78        0.000  129.000  129.000
79        0.000   98.000   98.000
80        0.000  116.000  116.000
81        0.000  109.000  109.000
82        0.000   89.000   89.000
83        0.000   77.000   77.000
84        0.000   75.000   75.000
85        0.000   78.000   78.000
86        0.000   71.000   71.000
87        0.000   40.000   40.000
88        0.000   42.000   42.000
89        0.000   33.000   33.000
90        0.000   39.000   39.000
91        0.000   25.000   25.000
92        0.000   23.000    0.000
93        0.000   10.000   10.000
94        0.000   11.000   11.000
95        0.000    8.000    8.000
96        0.000    7.000    0.000
97        0.000   11.000    0.000
98        0.000    5.000    0.000
99        0.000    5.000    0.000
100       0.000    5.000    5.000
101       0.000    3.000    0.000
102       0.000    6.000    6.000
103       0.000    1.000    0.000
104       0.000    1.000    0.000
105       0.000    4.000    0.000
106       0.000    1.000    0.000
107       0.000    0.000    0.000
108       0.000    2.000    0.000
109       0.000    1.000    0.000
110       0.000    2.000    0.000
111       0.000    2.000    0.000
112       0.000    0.000    0.000
113       0.000    0.000    0.000
114       0.000    0.000    0.000
115       0.000    0.000    0.000
116       0.000    1.000    0.000
117       0.000    1.000    0.000
118       0.000    0.000    0.000
119       0.000    1.000    0.000
120       0.000    0.000    0.000
121       0.000    0.000    0.000
122       0.000    0.000    0.000
123       0.000    0.000    0.000
124       0.000    0.000    0.000
125       0.000    1.000    0.000
126       0.000    0.000    0.000
127       0.000    0.000    0.000
128       0.000    0.000    0.000
129       0.000    0.000    0.000
130       0.000    0.000    0.000
131       0.000    0.000    0.000
132       0.000    0.000    0.000
133       0.000    0.000    0.000
134       0.000    0.000    0.000
135       0.000    0.000    0.000
136       0.000    0.000    0.000
137       0.000    0.000    0.000
138       0.000    0.000    0.000
139       0.000    0.000    0.000
140       0.000    0.000    0.000
141       0.000    0.000    0.000
142       0.000    0.000    0.000
143       0.000    0.000    0.000
144       0.000    0.000    0.000
145       0.000    0.000    0.000
146       0.000    0.000    0.000
147       0.000    0.000    0.000
148       0.000    0.000    0.000
149       0.000    0.000    0.000
150       0.000    0.000    0.000
Sum       0.000 3548.000 3450.000
mW        0.000    0.000    0.000
mL        0.000    0.000    0.000
pA        0.000    0.000    0.000
tot.mW 3548.356 3548.356 3548.356
tot.mL   70.475   70.475   70.475

$ALD.j
              0        1        2        3        4        5        6        7        8        9       10       11       12       13       14
1         0.000    0.000    0.000    0.000    0.000    0.000    0.000    0.000    0.000    0.000    0.000    0.000    0.000    0.000    0.000
2         0.000    0.000    0.000    0.000    0.000    0.000    0.000    0.000    0.000    0.000    0.000    0.000    0.000    0.000    0.000
3         0.000    0.000    0.000    0.000    0.000    0.000    0.000    0.000    0.000    0.000    0.000    0.000    0.000    0.000    0.000
4         0.000    0.000    0.000    0.000    0.000    0.000    0.000    0.000    0.000    0.000    0.000    0.000    0.000    0.000    0.000
5         0.000    0.000    0.000    0.000    0.000    0.000    0.000    0.000    0.000    0.000    0.000    0.000    0.000    0.000    0.000
6         0.000    0.000    0.000    0.000    0.000    0.000    0.000    0.000    0.000    0.000    0.000    0.000    0.000    0.000    0.000
7         0.000    0.000    0.000    0.000    0.000    0.000    0.000    0.000    0.000    0.000    0.000    0.000    0.000    0.000    0.000
8         0.000    0.000    0.000    0.000    0.000    0.000    0.000    0.000    0.000    0.000    0.000    0.000    0.000    0.000    0.000
9         0.000    0.000    0.000    0.000    0.000    0.000    0.000    0.000    0.000    0.000    0.000    0.000    0.000    0.000    0.000
10        0.000    0.000    0.000    0.000    0.000    0.000    0.000    0.000    0.000    0.000    0.000    0.000    0.000    0.000    0.000
11        0.000    0.000    0.000    0.000    0.000    0.000    0.000    0.000    0.000    0.000    0.000    0.000    0.000    0.000    0.000
12        0.000    0.000    0.000    0.000    0.000    0.000    0.000    0.000    0.000    0.000    0.000    0.000    0.000    0.000    0.000
13        0.000    0.000    0.000    0.000    0.000    0.000    0.000    0.000    0.000    0.000    0.000    0.000    0.000    0.000    0.000
14        0.000    0.000    0.000    0.000    0.000    0.000    0.000    0.000    0.000    0.000    0.000    0.000    0.000    0.000    0.000
15        0.000    0.000    0.000    0.000    0.000    0.000    0.000    0.000    0.000    0.000    0.000    0.000    0.000    0.000    0.000
16        0.000    0.000    0.000    0.000    0.000    0.000    0.000    0.000    0.000    0.000    0.000    0.000    0.000    0.000    0.000
17        0.000    0.000    0.000    0.000    0.000    0.000    0.000    0.000    0.000    0.000    0.000    0.000    0.000    0.000    0.000
18        0.000    0.000    0.000    0.000    0.000    0.000    0.000    0.000    0.000    0.000    0.000    0.000    0.000    0.000    0.000
19        0.000    0.000    0.000    0.000    0.000    0.000    0.000    0.000    0.000    0.000    0.000    0.000    0.000    0.000    0.000
20        0.000    0.000    0.000    0.000    0.000    0.000    0.000    0.000    0.000    0.000    0.000    0.000    0.000    0.000    0.000
21        0.000    0.000    0.000    0.000    0.000    0.000    0.000    0.000    0.000    0.000    0.000    0.000    0.000    0.000    0.000
22        0.000    0.000    0.000    0.000    0.000    0.000    0.000    0.000    0.000    0.000    0.000    0.000    0.000    0.000    0.000
23        0.000    0.000    0.000    0.000    0.000    0.000    0.000    0.000    0.000    0.000    0.000    0.000    0.000    0.000    0.000
24        0.000    0.000    0.000    0.000    0.000    0.000    0.000    0.000    0.000    0.000    0.000    0.000    0.000    0.000    0.000
25        0.000    0.000    0.000    0.000    0.000    0.000    0.000    0.000    0.000    0.000    0.000    0.000    0.000    0.000    0.000
26        0.000    0.000    0.000    0.000    0.000    0.000    0.000    0.000    0.000    0.000    0.000    0.000    0.000    0.000    0.000
27        0.000    0.000    0.000    0.000    0.000    0.000    0.000    0.000    0.000    0.000    0.000    0.000    0.000    0.000    0.000
28        0.000    0.000    0.000    0.000    0.000    0.000    0.000    0.000    0.000    0.000    0.000    0.000    0.000    0.000    0.000
29        0.000    0.000    0.000    0.000    0.000    0.000    0.000    0.000    0.000    0.000    0.000    0.000    0.000    0.000    0.000
30        0.000    0.000    0.000    0.000    0.000    0.000    0.000    0.000    0.000    0.000    0.000    0.000    0.000    0.000    0.000
31        0.000    0.000    0.000    0.000    0.000    0.000    0.000    0.000    0.000    0.000    0.000    0.000    0.000    0.000    0.000
32        0.000    0.000    0.000    0.000    0.000    0.000    0.000    0.000    0.000    0.000    0.000    0.000    0.000    0.000    0.000
33        0.000    0.000    0.000    0.000    0.000    0.000    0.000    0.000    0.000    0.000    0.000    0.000    0.000    0.000    0.000
34        0.000    0.000    0.000    0.000    0.000    0.000    0.000    0.000    0.000    0.000    0.000    0.000    0.000    0.000    0.000
35        0.000    0.000    0.000    0.000    0.000    0.000    0.000    0.000    0.000    0.000    0.000    0.000    0.000    0.000    0.000
36        0.000    0.000    0.018    0.982    0.000    0.000    0.000    0.000    0.000    0.000    0.000    0.000    0.000    0.000    0.000
37        0.000    0.000    0.048    0.951    0.000    0.000    0.000    0.000    0.000    0.000    0.000    0.000    0.000    0.000    0.000
38        0.000    0.000    0.110    0.889    0.001    0.000    0.000    0.000    0.000    0.000    0.000    0.000    0.000    0.000    0.000
39        0.000    0.000    0.416    1.581    0.001    0.001    0.000    0.000    0.000    0.000    0.000    0.000    0.000    0.000    0.000
40        0.000    0.000    4.249    8.731    0.012    0.007    0.000    0.000    0.000    0.000    0.000    0.000    0.000    0.000    0.000
41        0.000    0.000    4.825    6.155    0.013    0.007    0.000    0.000    0.000    0.000    0.000    0.000    0.000    0.000    0.000
42        0.000    0.000   10.976    9.977    0.033    0.014    0.000    0.000    0.000    0.000    0.000    0.000    0.000    0.000    0.000
43        0.000    0.000   13.723   10.206    0.051    0.019    0.000    0.000    0.000    0.000    0.000    0.000    0.000    0.000    0.000
44        0.000    0.000   13.485    9.420    0.071    0.024    0.000    0.000    0.000    0.000    0.000    0.000    0.000    0.000    0.000
45        0.000    0.000   13.603   10.247    0.115    0.035    0.000    0.000    0.000    0.000    0.000    0.000    0.000    0.000    0.000
46        0.000    0.000   14.342   13.375    0.220    0.062    0.001    0.000    0.000    0.000    0.000    0.000    0.000    0.000    0.000
47        0.000    0.000   13.103   17.369    0.416    0.111    0.001    0.000    0.000    0.000    0.000    0.000    0.000    0.000    0.000
48        0.000    0.000    9.825   21.251    0.735    0.186    0.003    0.000    0.000    0.000    0.000    0.000    0.000    0.000    0.000
49        0.000    0.000    6.412   25.982    1.286    0.314    0.005    0.000    0.000    0.000    0.000    0.000    0.000    0.000    0.000
50        0.000    0.000    3.437   29.947    2.103    0.504    0.010    0.000    0.000    0.000    0.000    0.000    0.000    0.000    0.000
51        0.000    0.000    1.153   24.801    2.448    0.584    0.014    0.000    0.000    0.000    0.000    0.000    0.000    0.000    0.000
52        0.000    0.000    0.483   29.461    4.052    0.977    0.027    0.000    0.000    0.000    0.000    0.000    0.000    0.000    0.000
53        0.000    0.000    0.134   26.538    5.039    1.248    0.041    0.001    0.000    0.000    0.000    0.000    0.000    0.000    0.000
54        0.000    0.000    0.047   34.563    8.980    2.317    0.091    0.001    0.000    0.000    0.000    0.000    0.000    0.000    0.000
55        0.000    0.000    0.005   17.200    6.061    1.655    0.077    0.001    0.000    0.000    0.000    0.000    0.000    0.000    0.000
56        0.000    0.000    0.002   27.771   13.151    3.858    0.214    0.003    0.000    0.000    0.000    0.000    0.000    0.000    0.000
57        0.000    0.000    0.000   30.877   19.475    6.232    0.408    0.007    0.000    0.001    0.000    0.000    0.000    0.000    0.000
58        0.000    0.000    0.000   22.316   18.580    6.585    0.509    0.009    0.000    0.001    0.000    0.000    0.000    0.000    0.000
59        0.000    0.000    0.000   25.355   27.616   11.006    1.001    0.020    0.000    0.002    0.000    0.000    0.000    0.000    0.000
60        0.000    0.000    0.000   17.601   24.854   11.309    1.208    0.026    0.000    0.003    0.000    0.000    0.000    0.000    0.000
61        0.000    0.000    0.000   20.030   36.342   19.167    2.400    0.055    0.000    0.006    0.000    0.000    0.000    0.000    0.000
62        0.000    0.000    0.000   14.112   32.605   20.237    2.965    0.073    0.000    0.009    0.000    0.000    0.000    0.000    0.000
63        0.000    0.000    0.000   14.863   43.336   32.139    5.498    0.147    0.000    0.017    0.000    0.000    0.000    0.000    0.000
64        0.000    0.000    0.000    9.183   33.487   30.128    6.006    0.174    0.000    0.021    0.000    0.000    0.000    0.000    0.000
65        0.000    0.000    0.000    8.098   36.603   40.562    9.404    0.297    0.001    0.035    0.000    0.000    0.000    0.000    0.000
66        0.000    0.000    0.000    5.306   29.459   40.825   10.984    0.379    0.001    0.045    0.000    0.000    0.000    0.000    0.000
67        0.000    0.000    0.000    4.337   29.318   51.587   16.075    0.607    0.003    0.073    0.000    0.000    0.000    0.000    0.000
68        0.000    0.000    0.000    2.252   18.370   41.668   15.008    0.622    0.004    0.076    0.000    0.000    0.000    0.000    0.000
69        0.000    0.000    0.000    1.853   18.069   53.643   22.286    1.017    0.007    0.125    0.000    0.000    0.000    0.000    0.000
70        0.000    0.000    0.000    1.207   13.948   55.027   26.316    1.325    0.012    0.165    0.000    0.000    0.000    0.000    0.000
71        0.000    0.000    0.000    0.698    9.468   50.395   27.686    1.542    0.017    0.196    0.000    0.000    0.000    0.000    0.000
72        0.000    0.000    0.000    0.472    7.460   54.393   34.258    2.115    0.028    0.273    0.000    0.000    0.000    0.000    0.000
73        0.000    0.000    0.000    0.337    6.132   62.188   44.812    3.076    0.050    0.406    0.000    0.000    0.000    0.000    0.000
74        0.000    0.000    0.000    0.209    4.363   62.480   51.406    3.933    0.077    0.531    0.000    0.000    0.000    0.000    0.000
75        0.000    0.000    0.000    0.123    2.902   59.575   55.850    4.775    0.113    0.661    0.000    0.000    0.000    0.000    0.000
76        0.000    0.000    0.000    0.066    1.748   52.245   55.695    5.335    0.152    0.759    0.000    0.000    0.000    0.000    0.000
77        0.000    0.000    0.000    0.047    1.385   61.169   73.999    7.962    0.271    1.166    0.000    0.000    0.000    0.000    0.000
78        0.000    0.000    0.000    0.023    0.753   49.934   68.411    8.290    0.336    1.252    0.000    0.000    0.000    0.000    0.000
79        0.000    0.000    0.000    0.010    0.345   34.830   53.931    7.378    0.354    1.152    0.000    0.000    0.000    0.000    0.000
80        0.000    0.000    0.000    0.006    0.241   37.632   65.721   10.177    0.577    1.646    0.000    0.000    0.000    0.000    0.000
81        0.000    0.000    0.000    0.003    0.131   32.093   63.087   11.087    0.738    1.862    0.000    0.000    0.000    0.000    0.000
82        0.000    0.000    0.000    0.001    0.060   23.647   52.216   10.440    0.812    1.823    0.000    0.000    0.000    0.000    0.000
83        0.000    0.000    0.000    0.001    0.029   18.354   45.432   10.362    0.937    1.886    0.000    0.000    0.000    0.000    0.000
84        0.000    0.000    0.000    0.000    0.015   15.939   44.138   11.513    1.205    2.189    0.000    0.000    0.000    0.000    0.000
85        0.000    0.000    0.000    0.000    0.008   14.682   45.394   13.576    1.638    2.702    0.000    0.000    0.000    0.000    0.000
86        0.000    0.000    0.000    0.000    0.004   11.754   40.491   13.920    1.926    2.905    0.000    0.000    0.000    0.000    0.000
87        0.000    0.000    0.000    0.000    0.001    5.780   22.138    8.771    1.386    1.924    0.000    0.000    0.000    0.000    0.000
88        0.000    0.000    0.000    0.000    0.001    5.254   22.328   10.221    1.835    2.361    0.000    0.000    0.000    0.000    0.000
89        0.000    0.000    0.000    0.000    0.000    3.542   16.669    8.839    1.795    2.155    0.000    0.000    0.000    0.000    0.000
90        0.000    0.000    0.000    0.000    0.000    3.557   18.503   11.395    2.606    2.937    0.000    0.000    0.000    0.000    0.000
91        0.000    0.000    0.000    0.000    0.000    1.919   11.008    7.893    2.024    2.156    0.000    0.000    0.000    0.000    0.000
92        0.000    0.000    0.000    0.000    0.000    1.470    9.283    7.771    2.222    2.254    0.000    0.000    0.000    0.000    0.000
93        0.000    0.000    0.000    0.000    0.000    0.527    3.653    3.579    1.137    1.105    0.000    0.000    0.000    0.000    0.000
94        0.000    0.000    0.000    0.000    0.000    0.472    3.591    4.128    1.449    1.358    0.000    0.000    0.000    0.000    0.000
95        0.000    0.000    0.000    0.000    0.000    0.277    2.305    3.117    1.204    1.096    0.000    0.000    0.000    0.000    0.000
96        0.000    0.000    0.000    0.000    0.000    0.194    1.759    2.805    1.186    1.056    0.000    0.000    0.000    0.000    0.000
97        0.000    0.000    0.000    0.000    0.000    0.241    2.382    4.492    2.071    1.814    0.000    0.000    0.000    0.000    0.000
98        0.000    0.000    0.000    0.000    0.000    0.086    0.923    2.063    1.032    0.896    0.000    0.000    0.000    0.000    0.000
99        0.000    0.000    0.000    0.000    0.000    0.067    0.779    2.069    1.118    0.968    0.000    0.000    0.000    0.000    0.000
100       0.000    0.000    0.000    0.000    0.000    0.018    0.232    0.736    0.427    0.371    3.215    0.000    0.000    0.000    0.000
101       0.000    0.000    0.000    0.000    0.000    0.024    0.324    1.224    0.761    0.668    0.000    0.000    0.000    0.000    0.000
102       0.000    0.000    0.000    0.000    0.000    0.036    0.532    2.410    1.595    1.427    0.000    0.000    0.000    0.000    0.000
103       0.000    0.000    0.000    0.000    0.000    0.005    0.072    0.394    0.276    0.253    0.000    0.000    0.000    0.000    0.000
104       0.000    0.000    0.000    0.000    0.000    0.003    0.059    0.384    0.285    0.269    0.000    0.000    0.000    0.000    0.000
105       0.000    0.000    0.000    0.000    0.000    0.010    0.189    1.496    1.163    1.141    0.000    0.000    0.000    0.000    0.000
106       0.000    0.000    0.000    0.000    0.000    0.002    0.038    0.363    0.295    0.303    0.000    0.000    0.000    0.000    0.000
107       0.000    0.000    0.000    0.000    0.000    0.000    0.000    0.000    0.000    0.000    0.000    0.000    0.000    0.000    0.000
108       0.000    0.000    0.000    0.000    0.000    0.002    0.048    0.677    0.594    0.679    0.000    0.000    0.000    0.000    0.000
109       0.000    0.000    0.000    0.000    0.000    0.001    0.019    0.326    0.295    0.359    0.000    0.000    0.000    0.000    0.000
110       0.000    0.000    0.000    0.000    0.000    0.001    0.030    0.627    0.581    0.761    0.000    0.000    0.000    0.000    0.000
111       0.000    0.000    0.000    0.000    0.000    0.001    0.023    0.601    0.569    0.806    0.000    0.000    0.000    0.000    0.000
112       0.000    0.000    0.000    0.000    0.000    0.000    0.000    0.000    0.000    0.000    0.000    0.000    0.000    0.000    0.000
113       0.000    0.000    0.000    0.000    0.000    0.000    0.000    0.000    0.000    0.000    0.000    0.000    0.000    0.000    0.000
114       0.000    0.000    0.000    0.000    0.000    0.000    0.000    0.000    0.000    0.000    0.000    0.000    0.000    0.000    0.000
115       0.000    0.000    0.000    0.000    0.000    0.000    0.000    0.000    0.000    0.000    0.000    0.000    0.000    0.000    0.000
116       0.000    0.000    0.000    0.000    0.000    0.000    0.003    0.234    0.230    0.532    0.000    0.000    0.000    0.000    0.000
117       0.000    0.000    0.000    0.000    0.000    0.000    0.002    0.221    0.216    0.561    0.000    0.000    0.000    0.000    0.000
118       0.000    0.000    0.000    0.000    0.000    0.000    0.000    0.000    0.000    0.000    0.000    0.000    0.000    0.000    0.000
119       0.000    0.000    0.000    0.000    0.000    0.000    0.001    0.194    0.185    0.620    0.000    0.000    0.000    0.000    0.000
120       0.000    0.000    0.000    0.000    0.000    0.000    0.000    0.000    0.000    0.000    0.000    0.000    0.000    0.000    0.000
121       0.000    0.000    0.000    0.000    0.000    0.000    0.000    0.000    0.000    0.000    0.000    0.000    0.000    0.000    0.000
122       0.000    0.000    0.000    0.000    0.000    0.000    0.000    0.000    0.000    0.000    0.000    0.000    0.000    0.000    0.000
123       0.000    0.000    0.000    0.000    0.000    0.000    0.000    0.000    0.000    0.000    0.000    0.000    0.000    0.000    0.000
124       0.000    0.000    0.000    0.000    0.000    0.000    0.000    0.000    0.000    0.000    0.000    0.000    0.000    0.000    0.000
125       0.000    0.000    0.000    0.000    0.000    0.000    0.000    0.118    0.093    0.789    0.000    0.000    0.000    0.000    0.000
126       0.000    0.000    0.000    0.000    0.000    0.000    0.000    0.000    0.000    0.000    0.000    0.000    0.000    0.000    0.000
127       0.000    0.000    0.000    0.000    0.000    0.000    0.000    0.000    0.000    0.000    0.000    0.000    0.000    0.000    0.000
128       0.000    0.000    0.000    0.000    0.000    0.000    0.000    0.000    0.000    0.000    0.000    0.000    0.000    0.000    0.000
129       0.000    0.000    0.000    0.000    0.000    0.000    0.000    0.000    0.000    0.000    0.000    0.000    0.000    0.000    0.000
130       0.000    0.000    0.000    0.000    0.000    0.000    0.000    0.000    0.000    0.000    0.000    0.000    0.000    0.000    0.000
131       0.000    0.000    0.000    0.000    0.000    0.000    0.000    0.000    0.000    0.000    0.000    0.000    0.000    0.000    0.000
132       0.000    0.000    0.000    0.000    0.000    0.000    0.000    0.000    0.000    0.000    0.000    0.000    0.000    0.000    0.000
133       0.000    0.000    0.000    0.000    0.000    0.000    0.000    0.000    0.000    0.000    0.000    0.000    0.000    0.000    0.000
134       0.000    0.000    0.000    0.000    0.000    0.000    0.000    0.000    0.000    0.000    0.000    0.000    0.000    0.000    0.000
135       0.000    0.000    0.000    0.000    0.000    0.000    0.000    0.000    0.000    0.000    0.000    0.000    0.000    0.000    0.000
136       0.000    0.000    0.000    0.000    0.000    0.000    0.000    0.000    0.000    0.000    0.000    0.000    0.000    0.000    0.000
137       0.000    0.000    0.000    0.000    0.000    0.000    0.000    0.000    0.000    0.000    0.000    0.000    0.000    0.000    0.000
138       0.000    0.000    0.000    0.000    0.000    0.000    0.000    0.000    0.000    0.000    0.000    0.000    0.000    0.000    0.000
139       0.000    0.000    0.000    0.000    0.000    0.000    0.000    0.000    0.000    0.000    0.000    0.000    0.000    0.000    0.000
140       0.000    0.000    0.000    0.000    0.000    0.000    0.000    0.000    0.000    0.000    0.000    0.000    0.000    0.000    0.000
141       0.000    0.000    0.000    0.000    0.000    0.000    0.000    0.000    0.000    0.000    0.000    0.000    0.000    0.000    0.000
142       0.000    0.000    0.000    0.000    0.000    0.000    0.000    0.000    0.000    0.000    0.000    0.000    0.000    0.000    0.000
143       0.000    0.000    0.000    0.000    0.000    0.000    0.000    0.000    0.000    0.000    0.000    0.000    0.000    0.000    0.000
144       0.000    0.000    0.000    0.000    0.000    0.000    0.000    0.000    0.000    0.000    0.000    0.000    0.000    0.000    0.000
145       0.000    0.000    0.000    0.000    0.000    0.000    0.000    0.000    0.000    0.000    0.000    0.000    0.000    0.000    0.000
146       0.000    0.000    0.000    0.000    0.000    0.000    0.000    0.000    0.000    0.000    0.000    0.000    0.000    0.000    0.000
147       0.000    0.000    0.000    0.000    0.000    0.000    0.000    0.000    0.000    0.000    0.000    0.000    0.000    0.000    0.000
148       0.000    0.000    0.000    0.000    0.000    0.000    0.000    0.000    0.000    0.000    0.000    0.000    0.000    0.000    0.000
149       0.000    0.000    0.000    0.000    0.000    0.000    0.000    0.000    0.000    0.000    0.000    0.000    0.000    0.000    0.000
150       0.000    0.000    0.000    0.000    0.000    0.000    0.000    0.000    0.000    0.000    0.000    0.000    0.000    0.000    0.000
Sum       0.000    0.000  110.397  506.783  461.900 1096.840 1059.971  217.395   37.890   53.608    3.215    0.000    0.000    0.000    0.000
mW        0.000    0.000    0.886    1.536    2.419    3.667    4.629    5.925    7.600    7.185    9.237    0.000    0.000    0.000    0.000
mL        0.000    0.000   45.068   53.700   63.067   72.439   78.549   84.933   92.773   88.355  100.000    0.000    0.000    0.000    0.000
pA        0.000    0.000    0.031    0.143    0.130    0.309    0.299    0.061    0.011    0.015    0.001    0.000    0.000    0.000    0.000
tot.mW 3639.697 3639.697 3639.697 3639.697 3639.697 3639.697 3639.697 3639.697 3639.697 3639.697 3639.697 3639.697 3639.697 3639.697 3639.697
tot.mL   70.837   70.837   70.837   70.837   70.837   70.837   70.837   70.837   70.837   70.837   70.837   70.837   70.837   70.837   70.837
             15    Matad      Sum
1         0.000    0.000    0.000
2         0.000    0.000    0.000
3         0.000    0.000    0.000
4         0.000    0.000    0.000
5         0.000    0.000    0.000
6         0.000    0.000    0.000
7         0.000    0.000    0.000
8         0.000    0.000    0.000
9         0.000    0.000    0.000
10        0.000    0.000    0.000
11        0.000    0.000    0.000
12        0.000    0.000    0.000
13        0.000    0.000    0.000
14        0.000    0.000    0.000
15        0.000    0.000    0.000
16        0.000    0.000    0.000
17        0.000    0.000    0.000
18        0.000    0.000    0.000
19        0.000    0.000    0.000
20        0.000    0.000    0.000
21        0.000    0.000    0.000
22        0.000    0.000    0.000
23        0.000    0.000    0.000
24        0.000    0.000    0.000
25        0.000    0.000    0.000
26        0.000    0.000    0.000
27        0.000    0.000    0.000
28        0.000    0.000    0.000
29        0.000    0.000    0.000
30        0.000    0.000    0.000
31        0.000    0.000    0.000
32        0.000    0.000    0.000
33        0.000    0.000    0.000
34        0.000    0.000    0.000
35        0.000    0.000    0.000
36        0.000    1.000    1.000
37        0.000    1.000    1.000
38        0.000    1.000    1.000
39        0.000    2.000    2.000
40        0.000   13.000   13.000
41        0.000   11.000   11.000
42        0.000   21.000   21.000
43        0.000   24.000   24.000
44        0.000   23.000   23.000
45        0.000   24.000   24.000
46        0.000   28.000   28.000
47        0.000   31.000   31.000
48        0.000   32.000   32.000
49        0.000   34.000   34.000
50        0.000   36.000   36.000
51        0.000   29.000   29.000
52        0.000   35.000   35.000
53        0.000   33.000   33.000
54        0.000   46.000   46.000
55        0.000   25.000   25.000
56        0.000   45.000   45.000
57        0.000   57.000   57.000
58        0.000   48.000   48.000
59        0.000   65.000   65.000
60        0.000   55.000   55.000
61        0.000   78.000   78.000
62        0.000   70.000   70.000
63        0.000   96.000   96.000
64        0.000   79.000   79.000
65        0.000   95.000   95.000
66        0.000   87.000   87.000
67        0.000  102.000  102.000
68        0.000   78.000   78.000
69        0.000   97.000   97.000
70        0.000   98.000   98.000
71        0.000   90.000   90.000
72        0.000   99.000   99.000
73        0.000  117.000  117.000
74        0.000  123.000  123.000
75        0.000  124.000  124.000
76        0.000  116.000  116.000
77        0.000  146.000  146.000
78        0.000  129.000  129.000
79        0.000   98.000   98.000
80        0.000  116.000  116.000
81        0.000  109.000  109.000
82        0.000   89.000   89.000
83        0.000   77.000   77.000
84        0.000   75.000   75.000
85        0.000   78.000   78.000
86        0.000   71.000   71.000
87        0.000   40.000   40.000
88        0.000   42.000   42.000
89        0.000   33.000   33.000
90        0.000   39.000   39.000
91        0.000   25.000   25.000
92        0.000   23.000   23.000
93        0.000   10.000   10.000
94        0.000   11.000   11.000
95        0.000    8.000    8.000
96        0.000    7.000    7.000
97        0.000   11.000   11.000
98        0.000    5.000    5.000
99        0.000    5.000    5.000
100       0.000    5.000    5.000
101       0.000    3.000    3.000
102       0.000    6.000    6.000
103       0.000    1.000    1.000
104       0.000    1.000    1.000
105       0.000    4.000    4.000
106       0.000    1.000    1.000
107       0.000    0.000    0.000
108       0.000    2.000    2.000
109       0.000    1.000    1.000
110       0.000    2.000    2.000
111       0.000    2.000    2.000
112       0.000    0.000    0.000
113       0.000    0.000    0.000
114       0.000    0.000    0.000
115       0.000    0.000    0.000
116       0.000    1.000    1.000
117       0.000    1.000    1.000
118       0.000    0.000    0.000
119       0.000    1.000    1.000
120       0.000    0.000    0.000
121       0.000    0.000    0.000
122       0.000    0.000    0.000
123       0.000    0.000    0.000
124       0.000    0.000    0.000
125       0.000    1.000    1.000
126       0.000    0.000    0.000
127       0.000    0.000    0.000
128       0.000    0.000    0.000
129       0.000    0.000    0.000
130       0.000    0.000    0.000
131       0.000    0.000    0.000
132       0.000    0.000    0.000
133       0.000    0.000    0.000
134       0.000    0.000    0.000
135       0.000    0.000    0.000
136       0.000    0.000    0.000
137       0.000    0.000    0.000
138       0.000    0.000    0.000
139       0.000    0.000    0.000
140       0.000    0.000    0.000
141       0.000    0.000    0.000
142       0.000    0.000    0.000
143       0.000    0.000    0.000
144       0.000    0.000    0.000
145       0.000    0.000    0.000
146       0.000    0.000    0.000
147       0.000    0.000    0.000
148       0.000    0.000    0.000
149       0.000    0.000    0.000
150       0.000    0.000    0.000
Sum       0.000 3548.000 3548.000
mW        0.000    0.000    0.000
mL        0.000    0.000    0.000
pA        0.000    0.000    0.000
tot.mW 3639.697 3639.697 3639.697
tot.mL   70.837   70.837   70.837


 .... [TRUNCATED] 
>>>>>>>>>>>>>>>>>>>>>>>>>>>>>>>>>>>>>>>>>>>>>>>>>>>>>>>>>>>>>> 
 > Dato                :  Wed Dec  3 13:58:34 2014 
 > Slag                :  TO 
 > ?r                  :  2014 
 > Ti?arskei?          :  JAN-DEC 
 > Skipab?lk/-ar       :  19 20 
 > Skipab?lk/-ar (l?n) :  0 
 > ICES-?ki            :  VB1 
 <<<<<<<<<<<<<<<<<<<<<<<<<<<<<<<<<<<<<<<<<<<<<<<<<<<<<<<<<<<<<< 

$URSLITID
   aldur tal_matad tal_fiskad midal_longd midal_vekt roknad_veida
0      0         0          0        0.00      0.000            0
1      1         0          0        0.00      0.000            0
2      2        88        239       44.51      0.858          205
3      3       508       1383       54.65      1.613         2230
4      4       451       1229       62.78      2.386         2933
5      5      1133       3084       72.40      3.655        11273
6      6      1056       2874       78.50      4.610        13251
7      7       156        426       83.74      5.572         2371
8      8        22         59       90.10      6.852          404
9      9        32         87       86.90      6.222          539
10    10         5         14      100.00      9.237          126
11    11         0          0        0.00      0.000            0
12    12         0          0        0.00      0.000            0
13    13         0          0        0.00      0.000            0
14    14         0          0        0.00      0.000            0
15    15         0          0        0.00      0.000            0
17   Sum      3451       9395       70.47      3.548        33332

$URSLITID.j
   aldur tal_matad tal_fiskad midal_longd midal_vekt roknad_veida
0      0         0          0        0.00      0.000            0
1      1         0          0        0.00      0.000            0
2      2       110        285       45.07      0.886          253
3      3       507       1308       53.70      1.536         2010
4      4       462       1192       63.07      2.419         2884
5      5      1097       2831       72.44      3.667        10383
6      6      1060       2736       78.55      4.629        12665
7      7       217        561       84.93      5.925         3325
8      8        38         98       92.77      7.600          743
9      9        54        138       88.35      7.185          994
10    10         3          8      100.00      9.237           77
11    11         0          0        0.00      0.000            0
12    12         0          0        0.00      0.000            0
13    13         0          0        0.00      0.000            0
14    14         0          0        0.00      0.000            0
15    15         0          0        0.00      0.000            0
17   Sum      3548       9157       70.84      3.640        33334


 .... [TRUNCATED] 
