
 .... [TRUNCATED] 
<<<<<<<<<<<<<<<<<<<<<<<<<<<<<<<<<<<<<<<<<<<<<<<<<<<<<<<<<<<<<<<<<<<<<<<< 
 > Dato                                      :  Fri Jan 17 13:37:33 2014 
 > Slag                                      :  HY 
 > Ár                                        :  2011 
 > Skipabólk/-ar                             :  1 2 4 5 
 > Byrjanar og enda mánaŵ fyri ALK/ALD       :  JAN-NOV 
 > Skipabólk/-ar, sum longdir eru lántar frá :  0 
 > Skipabólk/-ar, sum vektir eru lántar frá  :  0 
 > Skipabólk/-ar, sum aldrar eru lántar frá  :  0 
 > ICES-øki                                  :  VB1 
 <<<<<<<<<<<<<<<<<<<<<<<<<<<<<<<<<<<<<<<<<<<<<<<<<<<<<<<<<<<<<<<<<<<<<<<<
 .... [TRUNCATED] 
>>>>>>>>>>>>>>>>>>>>>>>>>>>>>>>>>>>>> 
> Alpha	 = 0.01748133
> Beta	 = 2.835672
> R^2	 = 0.9660655
> N	 = 5493
> Veida (kg.)	  = 745133
> Rundveida (kg.) = 827097.6
<<<<<<<<<<<<<<<<<<<<<<<<<<<<<<<<<<<<<
 .... [TRUNCATED] 
>>>>>>>>>>>>>> 	 ALK-lykil 	 <<<<<<<<<<<<
 .... [TRUNCATED] 
$ALK
    longd 0 1  2  3  4 5 6  7  8 9 10 11 12 13 14 15 Sum Matad
1       1 0 0  0  0  0 0 0  0  0 0  0  0  0  0  0  0   0     0
2       2 0 0  0  0  0 0 0  0  0 0  0  0  0  0  0  0   0     0
3       3 0 0  0  0  0 0 0  0  0 0  0  0  0  0  0  0   0     0
4       4 0 0  0  0  0 0 0  0  0 0  0  0  0  0  0  0   0     0
5       5 0 0  0  0  0 0 0  0  0 0  0  0  0  0  0  0   0     0
6       6 0 0  0  0  0 0 0  0  0 0  0  0  0  0  0  0   0     0
7       7 0 0  0  0  0 0 0  0  0 0  0  0  0  0  0  0   0     0
8       8 0 0  0  0  0 0 0  0  0 0  0  0  0  0  0  0   0     0
9       9 0 0  0  0  0 0 0  0  0 0  0  0  0  0  0  0   0     0
10     10 0 0  0  0  0 0 0  0  0 0  0  0  0  0  0  0   0     0
11     11 0 0  0  0  0 0 0  0  0 0  0  0  0  0  0  0   0     0
12     12 0 0  0  0  0 0 0  0  0 0  0  0  0  0  0  0   0     0
13     13 0 0  0  0  0 0 0  0  0 0  0  0  0  0  0  0   0     0
14     14 0 0  0  0  0 0 0  0  0 0  0  0  0  0  0  0   0     0
15     15 0 0  0  0  0 0 0  0  0 0  0  0  0  0  0  0   0     0
16     16 0 0  0  0  0 0 0  0  0 0  0  0  0  0  0  0   0     0
17     17 0 0  0  0  0 0 0  0  0 0  0  0  0  0  0  0   0     0
18     18 0 0  0  0  0 0 0  0  0 0  0  0  0  0  0  0   0     0
19     19 0 0  0  0  0 0 0  0  0 0  0  0  0  0  0  0   0     0
20     20 0 0  0  0  0 0 0  0  0 0  0  0  0  0  0  0   0     0
21     21 0 0  0  0  0 0 0  0  0 0  0  0  0  0  0  0   0     0
22     22 0 0  0  0  0 0 0  0  0 0  0  0  0  0  0  0   0     0
23     23 0 0  0  0  0 0 0  0  0 0  0  0  0  0  0  0   0     0
24     24 0 0  0  0  0 0 0  0  0 0  0  0  0  0  0  0   0     0
25     25 0 0  0  0  0 0 0  0  0 0  0  0  0  0  0  0   0     0
26     26 0 0  0  0  0 0 0  0  0 0  0  0  0  0  0  0   0     0
27     27 0 0  0  0  0 0 0  0  0 0  0  0  0  0  0  0   0     4
28     28 0 0  1  0  0 0 0  0  0 0  0  0  0  0  0  0   1     4
29     29 0 0  0  0  0 0 0  0  0 0  0  0  0  0  0  0   0     5
30     30 0 0  1  0  0 0 0  0  0 0  0  0  0  0  0  0   1     9
31     31 0 0  4  0  0 0 0  0  0 0  0  0  0  0  0  0   4    14
32     32 0 0  4  0  0 0 0  0  0 0  0  0  0  0  0  0   4    36
33     33 0 0  3  1  0 0 0  0  0 0  0  0  0  0  0  0   4    56
34     34 0 0 12  1  0 0 0  0  0 0  0  0  0  0  0  0  13    90
35     35 0 0 12  1  0 0 0  0  0 0  0  0  0  0  0  0  13    79
36     36 0 0 11  3  0 0 0  0  0 0  0  0  0  0  0  0  14   118
37     37 0 0  4  8  0 0 0  0  0 0  0  0  0  0  0  0  12   151
38     38 0 0  5 23  0 0 0  0  0 0  0  0  0  0  0  0  28   189
39     39 0 0  5 26  1 0 0  0  0 0  0  0  0  0  0  0  32   210
40     40 0 0  1 36  1 0 0  0  0 0  0  0  0  0  0  0  38   252
41     41 0 0  0 38  2 0 0  0  0 0  0  0  0  0  0  0  40   282
42     42 0 0  0 31  2 0 1  0  0 0  0  0  0  0  0  0  34   255
43     43 0 0  0 30  3 0 0  0  1 0  0  0  0  0  0  0  34   308
44     44 0 0  0 21 11 1 1  1  1 0  0  0  0  0  0  0  36   289
45     45 0 0  0 21  9 1 0  0  0 0  0  0  0  0  0  0  31   279
46     46 0 0  0 19  6 2 0  1  2 1  0  0  0  0  0  0  31   290
47     47 0 0  0 10  8 2 2  2  3 1  0  0  0  0  0  0  28   238
48     48 0 0  0  3 11 2 4  5  5 1  0  0  0  0  0  0  31   248
49     49 0 0  0  2  6 3 1  6  4 4  0  0  0  0  0  0  26   258
50     50 0 0  0  1  2 1 1  9 11 5  0  0  0  0  0  0  30   272
51     51 0 0  0  0  7 4 5  5  3 6  1  0  0  0  0  0  31   255
52     52 0 0  0  1  5 3 5  5  4 6  3  1  0  0  0  0  33   243
53     53 0 0  0  0  1 3 2  6  4 7  1  0  0  0  0  0  24   226
54     54 0 0  0  0  0 1 0 10  8 7  2  0  0  0  0  0  28   211
55     55 0 0  0  0  0 0 0  4  4 9  5  2  1  0  0  0  25   172
56     56 0 0  0  0  0 0 1  2  7 6  1  1  0  0  0  0  18   137
57     57 0 0  0  0  0 0 1  4  3 7  3  0  1  0  0  0  19   126
58     58 0 0  0  0  0 2 1  3  2 6  0  0  0  0  0  0  14    96
59     59 0 0  0  0  0 0 0  0  2 4  1  0  1  0  0  0   8    71
60     60 0 0  0  0  0 0 0  2  5 2  0  2  0  0  0  0  11    54
61     61 0 0  0  0  0 0 0  1  1 3  2  0  0  0  0  0   7    47
62     62 0 0  0  0  0 0 0  0  0 1  2  1  0  0  0  0   4    16
63     63 0 0  0  0  0 0 0  0  0 2  1  1  0  0  0  0   4    31
64     64 0 0  0  0  0 0 0  0  0 1  2  2  0  0  0  0   5    14
65     65 0 0  0  0  0 0 0  0  0 0  0  0  0  0  0  0   0     5
66     66 0 0  0  0  0 0 0  0  0 0  0  1  0  0  0  0   1     6
67     67 0 0  0  0  0 0 0  0  0 0  1  0  0  0  0  0   1     3
68     68 0 0  0  0  0 0 0  0  0 0  0  0  0  0  0  0   0     1
69     69 0 0  0  0  0 0 0  0  0 0  0  0  0  0  0  0   0     2
70     70 0 0  0  0  0 0 0  0  0 0  0  0  0  0  0  0   0     0
71     71 0 0  0  0  0 0 0  0  0 0  0  0  0  0  0  0   0     0
72     72 0 0  0  0  0 0 0  0  0 0  0  0  0  0  0  0   0     0
73     73 0 0  0  0  0 0 0  0  0 0  0  0  0  0  0  0   0     0
74     74 0 0  0  0  0 0 0  0  0 0  0  0  1  0  0  0   1     1
75     75 0 0  0  0  0 0 0  0  0 0  0  0  0  0  0  0   0     0
76     76 0 0  0  0  0 0 0  0  0 0  0  0  0  0  0  0   0     0
77     77 0 0  0  0  0 0 0  0  0 0  0  0  0  0  0  0   0     0
78     78 0 0  0  0  0 0 0  0  0 0  0  0  0  0  0  0   0     0
79     79 0 0  0  0  0 0 0  0  0 0  0  0  0  0  0  0   0     0
80     80 0 0  0  0  0 0 0  0  0 0  0  0  0  0  0  0   0     0
81     81 0 0  0  0  0 0 0  0  0 0  0  0  0  0  0  0   0     0
82     82 0 0  0  0  0 0 0  0  0 0  0  0  0  0  0  0   0     0
83     83 0 0  0  0  0 0 0  0  0 0  0  0  0  0  0  0   0     0
84     84 0 0  0  0  0 0 0  0  0 0  0  0  0  0  0  0   0     0
85     85 0 0  0  0  0 0 0  0  0 0  0  0  0  0  0  0   0     0
86     86 0 0  0  0  0 0 0  0  0 0  0  0  0  0  0  0   0     0
87     87 0 0  0  0  0 0 0  0  0 0  0  0  0  0  0  0   0     0
88     88 0 0  0  0  0 0 0  0  0 0  0  0  0  0  0  0   0     0
89     89 0 0  0  0  0 0 0  0  0 0  0  0  0  0  0  0   0     0
90     90 0 0  0  0  0 0 0  0  0 0  0  0  0  0  0  0   0     0
91     91 0 0  0  0  0 0 0  0  0 0  0  0  0  0  0  0   0     0
92     92 0 0  0  0  0 0 0  0  0 0  0  0  0  0  0  0   0     0
93     93 0 0  0  0  0 0 0  0  0 0  0  0  0  0  0  0   0     0
94     94 0 0  0  0  0 0 0  0  0 0  0  0  0  0  0  0   0     0
95     95 0 0  0  0  0 0 0  0  0 0  0  0  0  0  0  0   0     0
96     96 0 0  0  0  0 0 0  0  0 0  0  0  0  0  0  0   0     0
97     97 0 0  0  0  0 0 0  0  0 0  0  0  0  0  0  0   0     0
98     98 0 0  0  0  0 0 0  0  0 0  0  0  0  0  0  0   0     0
99     99 0 0  0  0  0 0 0  0  0 0  0  0  0  0  0  0   0     0
100   100 0 0  0  0  0 0 0  0  0 0  0  0  0  0  0  0   0     0
101   101 0 0  0  0  0 0 0  0  0 0  0  0  0  0  0  0   0     0
102   102 0 0  0  0  0 0 0  0  0 0  0  0  0  0  0  0   0     0
103   103 0 0  0  0  0 0 0  0  0 0  0  0  0  0  0  0   0     0
104   104 0 0  0  0  0 0 0  0  0 0  0  0  0  0  0  0   0     0
105   105 0 0  0  0  0 0 0  0  0 0  0  0  0  0  0  0   0     0
106   106 0 0  0  0  0 0 0  0  0 0  0  0  0  0  0  0   0     0
107   107 0 0  0  0  0 0 0  0  0 0  0  0  0  0  0  0   0     0
108   108 0 0  0  0  0 0 0  0  0 0  0  0  0  0  0  0   0     0
109   109 0 0  0  0  0 0 0  0  0 0  0  0  0  0  0  0   0     0
110   110 0 0  0  0  0 0 0  0  0 0  0  0  0  0  0  0   0     0
111   111 0 0  0  0  0 0 0  0  0 0  0  0  0  0  0  0   0     0
112   112 0 0  0  0  0 0 0  0  0 0  0  0  0  0  0  0   0     0
113   113 0 0  0  0  0 0 0  0  0 0  0  0  0  0  0  0   0     0
114   114 0 0  0  0  0 0 0  0  0 0  0  0  0  0  0  0   0     0
115   115 0 0  0  0  0 0 0  0  0 0  0  0  0  0  0  0   0     0
116   116 0 0  0  0  0 0 0  0  0 0  0  0  0  0  0  0   0     0
117   117 0 0  0  0  0 0 0  0  0 0  0  0  0  0  0  0   0     0
118   118 0 0  0  0  0 0 0  0  0 0  0  0  0  0  0  0   0     0
119   119 0 0  0  0  0 0 0  0  0 0  0  0  0  0  0  0   0     0
120   120 0 0  0  0  0 0 0  0  0 0  0  0  0  0  0  0   0     0
121   121 0 0  0  0  0 0 0  0  0 0  0  0  0  0  0  0   0     0
122   122 0 0  0  0  0 0 0  0  0 0  0  0  0  0  0  0   0     0
123   123 0 0  0  0  0 0 0  0  0 0  0  0  0  0  0  0   0     0
124   124 0 0  0  0  0 0 0  0  0 0  0  0  0  0  0  0   0     0
125   125 0 0  0  0  0 0 0  0  0 0  0  0  0  0  0  0   0     0
126   126 0 0  0  0  0 0 0  0  0 0  0  0  0  0  0  0   0     0
127   127 0 0  0  0  0 0 0  0  0 0  0  0  0  0  0  0   0     0
128   128 0 0  0  0  0 0 0  0  0 0  0  0  0  0  0  0   0     0
129   129 0 0  0  0  0 0 0  0  0 0  0  0  0  0  0  0   0     0
130   130 0 0  0  0  0 0 0  0  0 0  0  0  0  0  0  0   0     0
131   131 0 0  0  0  0 0 0  0  0 0  0  0  0  0  0  0   0     0
132   132 0 0  0  0  0 0 0  0  0 0  0  0  0  0  0  0   0     0
133   133 0 0  0  0  0 0 0  0  0 0  0  0  0  0  0  0   0     0
134   134 0 0  0  0  0 0 0  0  0 0  0  0  0  0  0  0   0     0
135   135 0 0  0  0  0 0 0  0  0 0  0  0  0  0  0  0   0     0
136   136 0 0  0  0  0 0 0  0  0 0  0  0  0  0  0  0   0     0
137   137 0 0  0  0  0 0 0  0  0 0  0  0  0  0  0  0   0     0
138   138 0 0  0  0  0 0 0  0  0 0  0  0  0  0  0  0   0     0
139   139 0 0  0  0  0 0 0  0  0 0  0  0  0  0  0  0   0     0
140   140 0 0  0  0  0 0 0  0  0 0  0  0  0  0  0  0   0     0
141   141 0 0  0  0  0 0 0  0  0 0  0  0  0  0  0  0   0     0
142   142 0 0  0  0  0 0 0  0  0 0  0  0  0  0  0  0   0     0
143   143 0 0  0  0  0 0 0  0  0 0  0  0  0  0  0  0   0     0
144   144 0 0  0  0  0 0 0  0  0 0  0  0  0  0  0  0   0     0
145   145 0 0  0  0  0 0 0  0  0 0  0  0  0  0  0  0   0     0
146   146 0 0  0  0  0 0 0  0  0 0  0  0  0  0  0  0   0     0
147   147 0 0  0  0  0 0 0  0  0 0  0  0  0  0  0  0   0     0
148   148 0 0  0  0  0 0 0  0  0 0  0  0  0  0  0  0   0     0
149   149 0 0  0  0  0 0 0  0  0 0  0  0  0  0  0  0   0     0
150   150 0 0  0  0  0 0 0  0  0 0  0  0  0  0  0  0   0     0

$ALK.j
    longd 0 1      2      3     4     5     6     7     8     9    10    11
1       1 0 0  0.000  0.000 0.000 0.000 0.000 0.000 0.000 0.000 0.000 0.000
2       2 0 0  0.000  0.000 0.000 0.000 0.000 0.000 0.000 0.000 0.000 0.000
3       3 0 0  0.000  0.000 0.000 0.000 0.000 0.000 0.000 0.000 0.000 0.000
4       4 0 0  0.000  0.000 0.000 0.000 0.000 0.000 0.000 0.000 0.000 0.000
5       5 0 0  0.000  0.000 0.000 0.000 0.000 0.000 0.000 0.000 0.000 0.000
6       6 0 0  0.000  0.000 0.000 0.000 0.000 0.000 0.000 0.000 0.000 0.000
7       7 0 0  0.000  0.000 0.000 0.000 0.000 0.000 0.000 0.000 0.000 0.000
8       8 0 0  0.000  0.000 0.000 0.000 0.000 0.000 0.000 0.000 0.000 0.000
9       9 0 0  0.000  0.000 0.000 0.000 0.000 0.000 0.000 0.000 0.000 0.000
10     10 0 0  0.000  0.000 0.000 0.000 0.000 0.000 0.000 0.000 0.000 0.000
11     11 0 0  0.000  0.000 0.000 0.000 0.000 0.000 0.000 0.000 0.000 0.000
12     12 0 0  0.000  0.000 0.000 0.000 0.000 0.000 0.000 0.000 0.000 0.000
13     13 0 0  0.000  0.000 0.000 0.000 0.000 0.000 0.000 0.000 0.000 0.000
14     14 0 0  0.000  0.000 0.000 0.000 0.000 0.000 0.000 0.000 0.000 0.000
15     15 0 0  0.000  0.000 0.000 0.000 0.000 0.000 0.000 0.000 0.000 0.000
16     16 0 0  0.000  0.000 0.000 0.000 0.000 0.000 0.000 0.000 0.000 0.000
17     17 0 0  0.000  0.000 0.000 0.000 0.000 0.000 0.000 0.000 0.000 0.000
18     18 0 0  0.000  0.000 0.000 0.000 0.000 0.000 0.000 0.000 0.000 0.000
19     19 0 0  0.000  0.000 0.000 0.000 0.000 0.000 0.000 0.000 0.000 0.000
20     20 0 0  0.000  0.000 0.000 0.000 0.000 0.000 0.000 0.000 0.000 0.000
21     21 0 0  0.000  0.000 0.000 0.000 0.000 0.000 0.000 0.000 0.000 0.000
22     22 0 0  0.000  0.000 0.000 0.000 0.000 0.000 0.000 0.000 0.000 0.000
23     23 0 0  0.000  0.000 0.000 0.000 0.000 0.000 0.000 0.000 0.000 0.000
24     24 0 0  0.000  0.000 0.000 0.000 0.000 0.000 0.000 0.000 0.000 0.000
25     25 0 0  0.003  0.000 0.000 0.000 0.000 0.000 0.000 0.000 0.000 0.000
26     26 0 0  0.012  0.000 0.000 0.000 0.000 0.000 0.000 0.000 0.000 0.000
27     27 0 0  0.050  0.000 0.000 0.000 0.000 0.000 0.000 0.000 0.000 0.000
28     28 0 0  0.175  0.001 0.000 0.000 0.000 0.000 0.000 0.000 0.000 0.000
29     29 0 0  0.513  0.004 0.000 0.000 0.000 0.000 0.000 0.000 0.000 0.000
30     30 0 0  1.277  0.017 0.000 0.000 0.000 0.000 0.000 0.000 0.000 0.000
31     31 0 0  2.694  0.059 0.000 0.000 0.000 0.000 0.000 0.000 0.000 0.000
32     32 0 0  4.818  0.184 0.000 0.000 0.000 0.000 0.000 0.000 0.000 0.000
33     33 0 0  7.304  0.511 0.001 0.000 0.000 0.000 0.000 0.000 0.000 0.000
34     34 0 0  9.384  1.275 0.003 0.000 0.000 0.000 0.000 0.000 0.000 0.000
35     35 0 0 10.220  2.847 0.010 0.000 0.000 0.000 0.001 0.000 0.000 0.000
36     36 0 0  9.433  5.696 0.030 0.001 0.001 0.000 0.003 0.000 0.000 0.000
37     37 0 0  7.381 10.213 0.083 0.003 0.003 0.001 0.007 0.000 0.000 0.000
38     38 0 0  4.895 16.407 0.209 0.008 0.008 0.003 0.017 0.001 0.000 0.000
39     39 0 0  2.751 23.614 0.475 0.019 0.019 0.008 0.037 0.003 0.001 0.000
40     40 0 0  1.311 30.452 0.976 0.045 0.043 0.021 0.077 0.007 0.001 0.000
41     41 0 0  0.529 35.185 1.817 0.096 0.091 0.051 0.150 0.019 0.003 0.000
42     42 0 0  0.181 36.424 3.062 0.191 0.180 0.118 0.279 0.043 0.007 0.001
43     43 0 0  0.053 33.785 4.674 0.351 0.328 0.253 0.489 0.095 0.014 0.001
44     44 0 0  0.013 28.077 6.459 0.597 0.555 0.498 0.813 0.197 0.027 0.003
45     45 0 0  0.003 20.906 8.083 0.938 0.872 0.911 1.278 0.380 0.051 0.005
46     46 0 0  0.000 13.948 9.159 1.363 1.270 1.543 1.901 0.689 0.092 0.011
47     47 0 0  0.000  8.337 9.399 1.831 1.716 2.419 2.677 1.171 0.158 0.020
48     48 0 0  0.000  4.465 8.733 2.276 2.152 3.513 3.566 1.865 0.257 0.036
49     49 0 0  0.000  2.143 7.348 2.615 2.504 4.725 4.496 2.786 0.399 0.062
50     50 0 0  0.000  0.921 5.599 2.780 2.703 5.886 5.364 3.901 0.588 0.101
51     51 0 0  0.000  0.355 3.863 2.732 2.707 6.791 6.057 5.121 0.825 0.156
52     52 0 0  0.000  0.122 2.413 2.484 2.515 7.256 6.471 6.303 1.101 0.231
53     53 0 0  0.000  0.038 1.365 2.088 2.168 7.180 6.543 7.273 1.398 0.326
54     54 0 0  0.000  0.010 0.699 1.624 1.734 6.581 6.261 7.869 1.690 0.439
55     55 0 0  0.000  0.003 0.324 1.167 1.287 5.586 5.669 7.982 1.944 0.563
56     56 0 0  0.000  0.001 0.136 0.776 0.886 4.392 4.857 7.592 2.128 0.688
57     57 0 0  0.000  0.000 0.052 0.477 0.566 3.197 3.939 6.769 2.217 0.802
58     58 0 0  0.000  0.000 0.018 0.271 0.335 2.156 3.022 5.659 2.197 0.892
59     59 0 0  0.000  0.000 0.006 0.143 0.184 1.347 2.195 4.436 2.072 0.945
60     60 0 0  0.000  0.000 0.002 0.069 0.094 0.779 1.508 3.260 1.859 0.956
61     61 0 0  0.000  0.000 0.000 0.031 0.045 0.417 0.981 2.246 1.588 0.921
62     62 0 0  0.000  0.000 0.000 0.013 0.020 0.207 0.604 1.451 1.290 0.847
63     63 0 0  0.000  0.000 0.000 0.005 0.008 0.095 0.351 0.879 0.998 0.742
64     64 0 0  0.000  0.000 0.000 0.002 0.003 0.040 0.194 0.499 0.734 0.620
65     65 0 0  0.000  0.000 0.000 0.001 0.001 0.016 0.101 0.266 0.514 0.494
66     66 0 0  0.000  0.000 0.000 0.000 0.000 0.006 0.050 0.133 0.342 0.375
67     67 0 0  0.000  0.000 0.000 0.000 0.000 0.002 0.023 0.062 0.217 0.272
68     68 0 0  0.000  0.000 0.000 0.000 0.000 0.001 0.010 0.027 0.131 0.188
69     69 0 0  0.000  0.000 0.000 0.000 0.000 0.000 0.004 0.011 0.075 0.124
70     70 0 0  0.000  0.000 0.000 0.000 0.000 0.000 0.002 0.004 0.041 0.078
71     71 0 0  0.000  0.000 0.000 0.000 0.000 0.000 0.001 0.002 0.021 0.047
72     72 0 0  0.000  0.000 0.000 0.000 0.000 0.000 0.000 0.001 0.011 0.027
73     73 0 0  0.000  0.000 0.000 0.000 0.000 0.000 0.000 0.000 0.005 0.014
74     74 0 0  0.000  0.000 0.000 0.000 0.000 0.000 0.000 0.000 0.002 0.008
75     75 0 0  0.000  0.000 0.000 0.000 0.000 0.000 0.000 0.000 0.001 0.004
76     76 0 0  0.000  0.000 0.000 0.000 0.000 0.000 0.000 0.000 0.000 0.002
77     77 0 0  0.000  0.000 0.000 0.000 0.000 0.000 0.000 0.000 0.000 0.001
78     78 0 0  0.000  0.000 0.000 0.000 0.000 0.000 0.000 0.000 0.000 0.000
79     79 0 0  0.000  0.000 0.000 0.000 0.000 0.000 0.000 0.000 0.000 0.000
80     80 0 0  0.000  0.000 0.000 0.000 0.000 0.000 0.000 0.000 0.000 0.000
81     81 0 0  0.000  0.000 0.000 0.000 0.000 0.000 0.000 0.000 0.000 0.000
82     82 0 0  0.000  0.000 0.000 0.000 0.000 0.000 0.000 0.000 0.000 0.000
83     83 0 0  0.000  0.000 0.000 0.000 0.000 0.000 0.000 0.000 0.000 0.000
84     84 0 0  0.000  0.000 0.000 0.000 0.000 0.000 0.000 0.000 0.000 0.000
85     85 0 0  0.000  0.000 0.000 0.000 0.000 0.000 0.000 0.000 0.000 0.000
86     86 0 0  0.000  0.000 0.000 0.000 0.000 0.000 0.000 0.000 0.000 0.000
87     87 0 0  0.000  0.000 0.000 0.000 0.000 0.000 0.000 0.000 0.000 0.000
88     88 0 0  0.000  0.000 0.000 0.000 0.000 0.000 0.000 0.000 0.000 0.000
89     89 0 0  0.000  0.000 0.000 0.000 0.000 0.000 0.000 0.000 0.000 0.000
90     90 0 0  0.000  0.000 0.000 0.000 0.000 0.000 0.000 0.000 0.000 0.000
91     91 0 0  0.000  0.000 0.000 0.000 0.000 0.000 0.000 0.000 0.000 0.000
92     92 0 0  0.000  0.000 0.000 0.000 0.000 0.000 0.000 0.000 0.000 0.000
93     93 0 0  0.000  0.000 0.000 0.000 0.000 0.000 0.000 0.000 0.000 0.000
94     94 0 0  0.000  0.000 0.000 0.000 0.000 0.000 0.000 0.000 0.000 0.000
95     95 0 0  0.000  0.000 0.000 0.000 0.000 0.000 0.000 0.000 0.000 0.000
96     96 0 0  0.000  0.000 0.000 0.000 0.000 0.000 0.000 0.000 0.000 0.000
97     97 0 0  0.000  0.000 0.000 0.000 0.000 0.000 0.000 0.000 0.000 0.000
98     98 0 0  0.000  0.000 0.000 0.000 0.000 0.000 0.000 0.000 0.000 0.000
99     99 0 0  0.000  0.000 0.000 0.000 0.000 0.000 0.000 0.000 0.000 0.000
100   100 0 0  0.000  0.000 0.000 0.000 0.000 0.000 0.000 0.000 0.000 0.000
101   101 0 0  0.000  0.000 0.000 0.000 0.000 0.000 0.000 0.000 0.000 0.000
102   102 0 0  0.000  0.000 0.000 0.000 0.000 0.000 0.000 0.000 0.000 0.000
103   103 0 0  0.000  0.000 0.000 0.000 0.000 0.000 0.000 0.000 0.000 0.000
104   104 0 0  0.000  0.000 0.000 0.000 0.000 0.000 0.000 0.000 0.000 0.000
105   105 0 0  0.000  0.000 0.000 0.000 0.000 0.000 0.000 0.000 0.000 0.000
106   106 0 0  0.000  0.000 0.000 0.000 0.000 0.000 0.000 0.000 0.000 0.000
107   107 0 0  0.000  0.000 0.000 0.000 0.000 0.000 0.000 0.000 0.000 0.000
108   108 0 0  0.000  0.000 0.000 0.000 0.000 0.000 0.000 0.000 0.000 0.000
109   109 0 0  0.000  0.000 0.000 0.000 0.000 0.000 0.000 0.000 0.000 0.000
110   110 0 0  0.000  0.000 0.000 0.000 0.000 0.000 0.000 0.000 0.000 0.000
111   111 0 0  0.000  0.000 0.000 0.000 0.000 0.000 0.000 0.000 0.000 0.000
112   112 0 0  0.000  0.000 0.000 0.000 0.000 0.000 0.000 0.000 0.000 0.000
113   113 0 0  0.000  0.000 0.000 0.000 0.000 0.000 0.000 0.000 0.000 0.000
114   114 0 0  0.000  0.000 0.000 0.000 0.000 0.000 0.000 0.000 0.000 0.000
115   115 0 0  0.000  0.000 0.000 0.000 0.000 0.000 0.000 0.000 0.000 0.000
116   116 0 0  0.000  0.000 0.000 0.000 0.000 0.000 0.000 0.000 0.000 0.000
117   117 0 0  0.000  0.000 0.000 0.000 0.000 0.000 0.000 0.000 0.000 0.000
118   118 0 0  0.000  0.000 0.000 0.000 0.000 0.000 0.000 0.000 0.000 0.000
119   119 0 0  0.000  0.000 0.000 0.000 0.000 0.000 0.000 0.000 0.000 0.000
120   120 0 0  0.000  0.000 0.000 0.000 0.000 0.000 0.000 0.000 0.000 0.000
121   121 0 0  0.000  0.000 0.000 0.000 0.000 0.000 0.000 0.000 0.000 0.000
122   122 0 0  0.000  0.000 0.000 0.000 0.000 0.000 0.000 0.000 0.000 0.000
123   123 0 0  0.000  0.000 0.000 0.000 0.000 0.000 0.000 0.000 0.000 0.000
124   124 0 0  0.000  0.000 0.000 0.000 0.000 0.000 0.000 0.000 0.000 0.000
125   125 0 0  0.000  0.000 0.000 0.000 0.000 0.000 0.000 0.000 0.000 0.000
126   126 0 0  0.000  0.000 0.000 0.000 0.000 0.000 0.000 0.000 0.000 0.000
127   127 0 0  0.000  0.000 0.000 0.000 0.000 0.000 0.000 0.000 0.000 0.000
128   128 0 0  0.000  0.000 0.000 0.000 0.000 0.000 0.000 0.000 0.000 0.000
129   129 0 0  0.000  0.000 0.000 0.000 0.000 0.000 0.000 0.000 0.000 0.000
130   130 0 0  0.000  0.000 0.000 0.000 0.000 0.000 0.000 0.000 0.000 0.000
131   131 0 0  0.000  0.000 0.000 0.000 0.000 0.000 0.000 0.000 0.000 0.000
132   132 0 0  0.000  0.000 0.000 0.000 0.000 0.000 0.000 0.000 0.000 0.000
133   133 0 0  0.000  0.000 0.000 0.000 0.000 0.000 0.000 0.000 0.000 0.000
134   134 0 0  0.000  0.000 0.000 0.000 0.000 0.000 0.000 0.000 0.000 0.000
135   135 0 0  0.000  0.000 0.000 0.000 0.000 0.000 0.000 0.000 0.000 0.000
136   136 0 0  0.000  0.000 0.000 0.000 0.000 0.000 0.000 0.000 0.000 0.000
137   137 0 0  0.000  0.000 0.000 0.000 0.000 0.000 0.000 0.000 0.000 0.000
138   138 0 0  0.000  0.000 0.000 0.000 0.000 0.000 0.000 0.000 0.000 0.000
139   139 0 0  0.000  0.000 0.000 0.000 0.000 0.000 0.000 0.000 0.000 0.000
140   140 0 0  0.000  0.000 0.000 0.000 0.000 0.000 0.000 0.000 0.000 0.000
141   141 0 0  0.000  0.000 0.000 0.000 0.000 0.000 0.000 0.000 0.000 0.000
142   142 0 0  0.000  0.000 0.000 0.000 0.000 0.000 0.000 0.000 0.000 0.000
143   143 0 0  0.000  0.000 0.000 0.000 0.000 0.000 0.000 0.000 0.000 0.000
144   144 0 0  0.000  0.000 0.000 0.000 0.000 0.000 0.000 0.000 0.000 0.000
145   145 0 0  0.000  0.000 0.000 0.000 0.000 0.000 0.000 0.000 0.000 0.000
146   146 0 0  0.000  0.000 0.000 0.000 0.000 0.000 0.000 0.000 0.000 0.000
147   147 0 0  0.000  0.000 0.000 0.000 0.000 0.000 0.000 0.000 0.000 0.000
148   148 0 0  0.000  0.000 0.000 0.000 0.000 0.000 0.000 0.000 0.000 0.000
149   149 0 0  0.000  0.000 0.000 0.000 0.000 0.000 0.000 0.000 0.000 0.000
150   150 0 0  0.000  0.000 0.000 0.000 0.000 0.000 0.000 0.000 0.000 0.000
       12 13 14 15    Sum Matad
1   0.000  0  0  0  0.000     0
2   0.000  0  0  0  0.000     0
3   0.000  0  0  0  0.000     0
4   0.000  0  0  0  0.000     0
5   0.000  0  0  0  0.000     0
6   0.000  0  0  0  0.000     0
7   0.000  0  0  0  0.000     0
8   0.000  0  0  0  0.000     0
9   0.000  0  0  0  0.000     0
10  0.000  0  0  0  0.000     0
11  0.000  0  0  0  0.000     0
12  0.000  0  0  0  0.000     0
13  0.000  0  0  0  0.000     0
14  0.000  0  0  0  0.000     0
15  0.000  0  0  0  0.000     0
16  0.000  0  0  0  0.000     0
17  0.000  0  0  0  0.000     0
18  0.000  0  0  0  0.000     0
19  0.000  0  0  0  0.000     0
20  0.000  0  0  0  0.000     0
21  0.000  0  0  0  0.000     0
22  0.000  0  0  0  0.000     0
23  0.000  0  0  0  0.000     0
24  0.000  0  0  0  0.000     0
25  0.000  0  0  0  0.003     0
26  0.000  0  0  0  0.012     0
27  0.000  0  0  0  0.051     4
28  0.000  0  0  0  0.176     4
29  0.000  0  0  0  0.518     5
30  0.000  0  0  0  1.294     9
31  0.000  0  0  0  2.754    14
32  0.001  0  0  0  5.003    36
33  0.001  0  0  0  7.817    56
34  0.001  0  0  0 10.663    90
35  0.002  0  0  0 13.080    79
36  0.003  0  0  0 15.168   118
37  0.004  0  0  0 17.695   151
38  0.005  0  0  0 21.552   189
39  0.007  0  0  0 26.933   210
40  0.009  0  0  0 32.942   252
41  0.012  0  0  0 37.954   282
42  0.016  0  0  0 40.502   255
43  0.020  0  0  0 40.063   308
44  0.025  0  0  0 37.264   289
45  0.032  0  0  0 33.459   279
46  0.039  0  0  0 30.016   290
47  0.048  0  0  0 27.776   238
48  0.057  0  0  0 26.922   248
49  0.068  0  0  0 27.146   258
50  0.079  0  0  0 27.922   272
51  0.091  0  0  0 28.698   255
52  0.104  0  0  0 29.001   243
53  0.117  0  0  0 28.498   226
54  0.130  0  0  0 27.037   211
55  0.142  0  0  0 24.668   172
56  0.153  0  0  0 21.609   137
57  0.163  0  0  0 18.183   126
58  0.172  0  0  0 14.723    96
59  0.178  0  0  0 11.505    71
60  0.182  0  0  0  8.709    54
61  0.184  0  0  0  6.413    47
62  0.184  0  0  0  4.614    16
63  0.181  0  0  0  3.258    31
64  0.175  0  0  0  2.267    14
65  0.168  0  0  0  1.560     5
66  0.159  0  0  0  1.065     6
67  0.148  0  0  0  0.724     3
68  0.136  0  0  0  0.493     1
69  0.123  0  0  0  0.338     2
70  0.111  0  0  0  0.236     0
71  0.098  0  0  0  0.168     0
72  0.085  0  0  0  0.123     0
73  0.073  0  0  0  0.093     0
74  0.062  0  0  0  0.072     1
75  0.052  0  0  0  0.057     0
76  0.043  0  0  0  0.045     0
77  0.035  0  0  0  0.036     0
78  0.028  0  0  0  0.029     0
79  0.023  0  0  0  0.023     0
80  0.018  0  0  0  0.018     0
81  0.014  0  0  0  0.014     0
82  0.010  0  0  0  0.010     0
83  0.008  0  0  0  0.008     0
84  0.006  0  0  0  0.006     0
85  0.004  0  0  0  0.004     0
86  0.003  0  0  0  0.003     0
87  0.002  0  0  0  0.002     0
88  0.002  0  0  0  0.002     0
89  0.001  0  0  0  0.001     0
90  0.001  0  0  0  0.001     0
91  0.001  0  0  0  0.001     0
92  0.000  0  0  0  0.000     0
93  0.000  0  0  0  0.000     0
94  0.000  0  0  0  0.000     0
95  0.000  0  0  0  0.000     0
96  0.000  0  0  0  0.000     0
97  0.000  0  0  0  0.000     0
98  0.000  0  0  0  0.000     0
99  0.000  0  0  0  0.000     0
100 0.000  0  0  0  0.000     0
101 0.000  0  0  0  0.000     0
102 0.000  0  0  0  0.000     0
103 0.000  0  0  0  0.000     0
104 0.000  0  0  0  0.000     0
105 0.000  0  0  0  0.000     0
106 0.000  0  0  0  0.000     0
107 0.000  0  0  0  0.000     0
108 0.000  0  0  0  0.000     0
109 0.000  0  0  0  0.000     0
110 0.000  0  0  0  0.000     0
111 0.000  0  0  0  0.000     0
112 0.000  0  0  0  0.000     0
113 0.000  0  0  0  0.000     0
114 0.000  0  0  0  0.000     0
115 0.000  0  0  0  0.000     0
116 0.000  0  0  0  0.000     0
117 0.000  0  0  0  0.000     0
118 0.000  0  0  0  0.000     0
119 0.000  0  0  0  0.000     0
120 0.000  0  0  0  0.000     0
121 0.000  0  0  0  0.000     0
122 0.000  0  0  0  0.000     0
123 0.000  0  0  0  0.000     0
124 0.000  0  0  0  0.000     0
125 0.000  0  0  0  0.000     0
126 0.000  0  0  0  0.000     0
127 0.000  0  0  0  0.000     0
128 0.000  0  0  0  0.000     0
129 0.000  0  0  0  0.000     0
130 0.000  0  0  0  0.000     0
131 0.000  0  0  0  0.000     0
132 0.000  0  0  0  0.000     0
133 0.000  0  0  0  0.000     0
134 0.000  0  0  0  0.000     0
135 0.000  0  0  0  0.000     0
136 0.000  0  0  0  0.000     0
137 0.000  0  0  0  0.000     0
138 0.000  0  0  0  0.000     0
139 0.000  0  0  0  0.000     0
140 0.000  0  0  0  0.000     0
141 0.000  0  0  0  0.000     0
142 0.000  0  0  0  0.000     0
143 0.000  0  0  0  0.000     0
144 0.000  0  0  0  0.000     0
145 0.000  0  0  0  0.000     0
146 0.000  0  0  0  0.000     0
147 0.000  0  0  0  0.000     0
148 0.000  0  0  0  0.000     0
149 0.000  0  0  0  0.000     0
150 0.000  0  0  0  0.000     0


 .... [TRUNCATED] 
>>>>>>>>>>>>>> 	 ALD-lykil 	 <<<<<<<<<<<<
 .... [TRUNCATED] 
$ALD
             0       1       2        3       4       5       6       7       8
1        0.000   0.000   0.000    0.000   0.000   0.000   0.000   0.000   0.000
2        0.000   0.000   0.000    0.000   0.000   0.000   0.000   0.000   0.000
3        0.000   0.000   0.000    0.000   0.000   0.000   0.000   0.000   0.000
4        0.000   0.000   0.000    0.000   0.000   0.000   0.000   0.000   0.000
5        0.000   0.000   0.000    0.000   0.000   0.000   0.000   0.000   0.000
6        0.000   0.000   0.000    0.000   0.000   0.000   0.000   0.000   0.000
7        0.000   0.000   0.000    0.000   0.000   0.000   0.000   0.000   0.000
8        0.000   0.000   0.000    0.000   0.000   0.000   0.000   0.000   0.000
9        0.000   0.000   0.000    0.000   0.000   0.000   0.000   0.000   0.000
10       0.000   0.000   0.000    0.000   0.000   0.000   0.000   0.000   0.000
11       0.000   0.000   0.000    0.000   0.000   0.000   0.000   0.000   0.000
12       0.000   0.000   0.000    0.000   0.000   0.000   0.000   0.000   0.000
13       0.000   0.000   0.000    0.000   0.000   0.000   0.000   0.000   0.000
14       0.000   0.000   0.000    0.000   0.000   0.000   0.000   0.000   0.000
15       0.000   0.000   0.000    0.000   0.000   0.000   0.000   0.000   0.000
16       0.000   0.000   0.000    0.000   0.000   0.000   0.000   0.000   0.000
17       0.000   0.000   0.000    0.000   0.000   0.000   0.000   0.000   0.000
18       0.000   0.000   0.000    0.000   0.000   0.000   0.000   0.000   0.000
19       0.000   0.000   0.000    0.000   0.000   0.000   0.000   0.000   0.000
20       0.000   0.000   0.000    0.000   0.000   0.000   0.000   0.000   0.000
21       0.000   0.000   0.000    0.000   0.000   0.000   0.000   0.000   0.000
22       0.000   0.000   0.000    0.000   0.000   0.000   0.000   0.000   0.000
23       0.000   0.000   0.000    0.000   0.000   0.000   0.000   0.000   0.000
24       0.000   0.000   0.000    0.000   0.000   0.000   0.000   0.000   0.000
25       0.000   0.000   0.000    0.000   0.000   0.000   0.000   0.000   0.000
26       0.000   0.000   0.000    0.000   0.000   0.000   0.000   0.000   0.000
27       0.000   0.000   0.000    0.000   0.000   0.000   0.000   0.000   0.000
28       0.000   0.000   4.000    0.000   0.000   0.000   0.000   0.000   0.000
29       0.000   0.000   0.000    0.000   0.000   0.000   0.000   0.000   0.000
30       0.000   0.000   9.000    0.000   0.000   0.000   0.000   0.000   0.000
31       0.000   0.000  14.000    0.000   0.000   0.000   0.000   0.000   0.000
32       0.000   0.000  36.000    0.000   0.000   0.000   0.000   0.000   0.000
33       0.000   0.000  42.000   14.000   0.000   0.000   0.000   0.000   0.000
34       0.000   0.000  83.077    6.923   0.000   0.000   0.000   0.000   0.000
35       0.000   0.000  72.923    6.077   0.000   0.000   0.000   0.000   0.000
36       0.000   0.000  92.714   25.286   0.000   0.000   0.000   0.000   0.000
37       0.000   0.000  50.333  100.667   0.000   0.000   0.000   0.000   0.000
38       0.000   0.000  33.750  155.250   0.000   0.000   0.000   0.000   0.000
39       0.000   0.000  32.812  170.625   6.562   0.000   0.000   0.000   0.000
40       0.000   0.000   6.632  238.737   6.632   0.000   0.000   0.000   0.000
41       0.000   0.000   0.000  267.900  14.100   0.000   0.000   0.000   0.000
42       0.000   0.000   0.000  232.500  15.000   0.000   7.500   0.000   0.000
43       0.000   0.000   0.000  271.765  27.176   0.000   0.000   0.000   9.059
44       0.000   0.000   0.000  168.583  88.306   8.028   8.028   8.028   8.028
45       0.000   0.000   0.000  189.000  81.000   9.000   0.000   0.000   0.000
46       0.000   0.000   0.000  177.742  56.129  18.710   0.000   9.355  18.710
47       0.000   0.000   0.000   85.000  68.000  17.000  17.000  17.000  25.500
48       0.000   0.000   0.000   24.000  88.000  16.000  32.000  40.000  40.000
49       0.000   0.000   0.000   19.846  59.538  29.769   9.923  59.538  39.692
50       0.000   0.000   0.000    9.067  18.133   9.067   9.067  81.600  99.733
51       0.000   0.000   0.000    0.000  57.581  32.903  41.129  41.129  24.677
52       0.000   0.000   0.000    7.364  36.818  22.091  36.818  36.818  29.455
53       0.000   0.000   0.000    0.000   9.417  28.250  18.833  56.500  37.667
54       0.000   0.000   0.000    0.000   0.000   7.536   0.000  75.357  60.286
55       0.000   0.000   0.000    0.000   0.000   0.000   0.000  27.520  27.520
56       0.000   0.000   0.000    0.000   0.000   0.000   7.611  15.222  53.278
57       0.000   0.000   0.000    0.000   0.000   0.000   6.632  26.526  19.895
58       0.000   0.000   0.000    0.000   0.000  13.714   6.857  20.571  13.714
59       0.000   0.000   0.000    0.000   0.000   0.000   0.000   0.000  17.750
60       0.000   0.000   0.000    0.000   0.000   0.000   0.000   9.818  24.545
61       0.000   0.000   0.000    0.000   0.000   0.000   0.000   6.714   6.714
62       0.000   0.000   0.000    0.000   0.000   0.000   0.000   0.000   0.000
63       0.000   0.000   0.000    0.000   0.000   0.000   0.000   0.000   0.000
64       0.000   0.000   0.000    0.000   0.000   0.000   0.000   0.000   0.000
65       0.000   0.000   0.000    0.000   0.000   0.000   0.000   0.000   0.000
66       0.000   0.000   0.000    0.000   0.000   0.000   0.000   0.000   0.000
67       0.000   0.000   0.000    0.000   0.000   0.000   0.000   0.000   0.000
68       0.000   0.000   0.000    0.000   0.000   0.000   0.000   0.000   0.000
69       0.000   0.000   0.000    0.000   0.000   0.000   0.000   0.000   0.000
70       0.000   0.000   0.000    0.000   0.000   0.000   0.000   0.000   0.000
71       0.000   0.000   0.000    0.000   0.000   0.000   0.000   0.000   0.000
72       0.000   0.000   0.000    0.000   0.000   0.000   0.000   0.000   0.000
73       0.000   0.000   0.000    0.000   0.000   0.000   0.000   0.000   0.000
74       0.000   0.000   0.000    0.000   0.000   0.000   0.000   0.000   0.000
75       0.000   0.000   0.000    0.000   0.000   0.000   0.000   0.000   0.000
76       0.000   0.000   0.000    0.000   0.000   0.000   0.000   0.000   0.000
77       0.000   0.000   0.000    0.000   0.000   0.000   0.000   0.000   0.000
78       0.000   0.000   0.000    0.000   0.000   0.000   0.000   0.000   0.000
79       0.000   0.000   0.000    0.000   0.000   0.000   0.000   0.000   0.000
80       0.000   0.000   0.000    0.000   0.000   0.000   0.000   0.000   0.000
81       0.000   0.000   0.000    0.000   0.000   0.000   0.000   0.000   0.000
82       0.000   0.000   0.000    0.000   0.000   0.000   0.000   0.000   0.000
83       0.000   0.000   0.000    0.000   0.000   0.000   0.000   0.000   0.000
84       0.000   0.000   0.000    0.000   0.000   0.000   0.000   0.000   0.000
85       0.000   0.000   0.000    0.000   0.000   0.000   0.000   0.000   0.000
86       0.000   0.000   0.000    0.000   0.000   0.000   0.000   0.000   0.000
87       0.000   0.000   0.000    0.000   0.000   0.000   0.000   0.000   0.000
88       0.000   0.000   0.000    0.000   0.000   0.000   0.000   0.000   0.000
89       0.000   0.000   0.000    0.000   0.000   0.000   0.000   0.000   0.000
90       0.000   0.000   0.000    0.000   0.000   0.000   0.000   0.000   0.000
91       0.000   0.000   0.000    0.000   0.000   0.000   0.000   0.000   0.000
92       0.000   0.000   0.000    0.000   0.000   0.000   0.000   0.000   0.000
93       0.000   0.000   0.000    0.000   0.000   0.000   0.000   0.000   0.000
94       0.000   0.000   0.000    0.000   0.000   0.000   0.000   0.000   0.000
95       0.000   0.000   0.000    0.000   0.000   0.000   0.000   0.000   0.000
96       0.000   0.000   0.000    0.000   0.000   0.000   0.000   0.000   0.000
97       0.000   0.000   0.000    0.000   0.000   0.000   0.000   0.000   0.000
98       0.000   0.000   0.000    0.000   0.000   0.000   0.000   0.000   0.000
99       0.000   0.000   0.000    0.000   0.000   0.000   0.000   0.000   0.000
100      0.000   0.000   0.000    0.000   0.000   0.000   0.000   0.000   0.000
101      0.000   0.000   0.000    0.000   0.000   0.000   0.000   0.000   0.000
102      0.000   0.000   0.000    0.000   0.000   0.000   0.000   0.000   0.000
103      0.000   0.000   0.000    0.000   0.000   0.000   0.000   0.000   0.000
104      0.000   0.000   0.000    0.000   0.000   0.000   0.000   0.000   0.000
105      0.000   0.000   0.000    0.000   0.000   0.000   0.000   0.000   0.000
106      0.000   0.000   0.000    0.000   0.000   0.000   0.000   0.000   0.000
107      0.000   0.000   0.000    0.000   0.000   0.000   0.000   0.000   0.000
108      0.000   0.000   0.000    0.000   0.000   0.000   0.000   0.000   0.000
109      0.000   0.000   0.000    0.000   0.000   0.000   0.000   0.000   0.000
110      0.000   0.000   0.000    0.000   0.000   0.000   0.000   0.000   0.000
111      0.000   0.000   0.000    0.000   0.000   0.000   0.000   0.000   0.000
112      0.000   0.000   0.000    0.000   0.000   0.000   0.000   0.000   0.000
113      0.000   0.000   0.000    0.000   0.000   0.000   0.000   0.000   0.000
114      0.000   0.000   0.000    0.000   0.000   0.000   0.000   0.000   0.000
115      0.000   0.000   0.000    0.000   0.000   0.000   0.000   0.000   0.000
116      0.000   0.000   0.000    0.000   0.000   0.000   0.000   0.000   0.000
117      0.000   0.000   0.000    0.000   0.000   0.000   0.000   0.000   0.000
118      0.000   0.000   0.000    0.000   0.000   0.000   0.000   0.000   0.000
119      0.000   0.000   0.000    0.000   0.000   0.000   0.000   0.000   0.000
120      0.000   0.000   0.000    0.000   0.000   0.000   0.000   0.000   0.000
121      0.000   0.000   0.000    0.000   0.000   0.000   0.000   0.000   0.000
122      0.000   0.000   0.000    0.000   0.000   0.000   0.000   0.000   0.000
123      0.000   0.000   0.000    0.000   0.000   0.000   0.000   0.000   0.000
124      0.000   0.000   0.000    0.000   0.000   0.000   0.000   0.000   0.000
125      0.000   0.000   0.000    0.000   0.000   0.000   0.000   0.000   0.000
126      0.000   0.000   0.000    0.000   0.000   0.000   0.000   0.000   0.000
127      0.000   0.000   0.000    0.000   0.000   0.000   0.000   0.000   0.000
128      0.000   0.000   0.000    0.000   0.000   0.000   0.000   0.000   0.000
129      0.000   0.000   0.000    0.000   0.000   0.000   0.000   0.000   0.000
130      0.000   0.000   0.000    0.000   0.000   0.000   0.000   0.000   0.000
131      0.000   0.000   0.000    0.000   0.000   0.000   0.000   0.000   0.000
132      0.000   0.000   0.000    0.000   0.000   0.000   0.000   0.000   0.000
133      0.000   0.000   0.000    0.000   0.000   0.000   0.000   0.000   0.000
134      0.000   0.000   0.000    0.000   0.000   0.000   0.000   0.000   0.000
135      0.000   0.000   0.000    0.000   0.000   0.000   0.000   0.000   0.000
136      0.000   0.000   0.000    0.000   0.000   0.000   0.000   0.000   0.000
137      0.000   0.000   0.000    0.000   0.000   0.000   0.000   0.000   0.000
138      0.000   0.000   0.000    0.000   0.000   0.000   0.000   0.000   0.000
139      0.000   0.000   0.000    0.000   0.000   0.000   0.000   0.000   0.000
140      0.000   0.000   0.000    0.000   0.000   0.000   0.000   0.000   0.000
141      0.000   0.000   0.000    0.000   0.000   0.000   0.000   0.000   0.000
142      0.000   0.000   0.000    0.000   0.000   0.000   0.000   0.000   0.000
143      0.000   0.000   0.000    0.000   0.000   0.000   0.000   0.000   0.000
144      0.000   0.000   0.000    0.000   0.000   0.000   0.000   0.000   0.000
145      0.000   0.000   0.000    0.000   0.000   0.000   0.000   0.000   0.000
146      0.000   0.000   0.000    0.000   0.000   0.000   0.000   0.000   0.000
147      0.000   0.000   0.000    0.000   0.000   0.000   0.000   0.000   0.000
148      0.000   0.000   0.000    0.000   0.000   0.000   0.000   0.000   0.000
149      0.000   0.000   0.000    0.000   0.000   0.000   0.000   0.000   0.000
150      0.000   0.000   0.000    0.000   0.000   0.000   0.000   0.000   0.000
Sum      0.000   0.000 477.242 2170.331 632.392 212.067 201.398 531.698 556.223
mW       0.000   0.000   0.426    0.711   0.964   1.169   1.191   1.298   1.321
mL       0.000   0.000  35.095   41.994  46.814  50.072  50.362  51.962  52.203
pA       0.000   0.000   0.085    0.385   0.112   0.038   0.036   0.094   0.099
tot.mW 990.531 990.531 990.531  990.531 990.531 990.531 990.531 990.531 990.531
tot.mL  46.503  46.503  46.503   46.503  46.503  46.503  46.503  46.503  46.503
             9      10      11      12      13      14      15    Matad
1        0.000   0.000   0.000   0.000   0.000   0.000   0.000    0.000
2        0.000   0.000   0.000   0.000   0.000   0.000   0.000    0.000
3        0.000   0.000   0.000   0.000   0.000   0.000   0.000    0.000
4        0.000   0.000   0.000   0.000   0.000   0.000   0.000    0.000
5        0.000   0.000   0.000   0.000   0.000   0.000   0.000    0.000
6        0.000   0.000   0.000   0.000   0.000   0.000   0.000    0.000
7        0.000   0.000   0.000   0.000   0.000   0.000   0.000    0.000
8        0.000   0.000   0.000   0.000   0.000   0.000   0.000    0.000
9        0.000   0.000   0.000   0.000   0.000   0.000   0.000    0.000
10       0.000   0.000   0.000   0.000   0.000   0.000   0.000    0.000
11       0.000   0.000   0.000   0.000   0.000   0.000   0.000    0.000
12       0.000   0.000   0.000   0.000   0.000   0.000   0.000    0.000
13       0.000   0.000   0.000   0.000   0.000   0.000   0.000    0.000
14       0.000   0.000   0.000   0.000   0.000   0.000   0.000    0.000
15       0.000   0.000   0.000   0.000   0.000   0.000   0.000    0.000
16       0.000   0.000   0.000   0.000   0.000   0.000   0.000    0.000
17       0.000   0.000   0.000   0.000   0.000   0.000   0.000    0.000
18       0.000   0.000   0.000   0.000   0.000   0.000   0.000    0.000
19       0.000   0.000   0.000   0.000   0.000   0.000   0.000    0.000
20       0.000   0.000   0.000   0.000   0.000   0.000   0.000    0.000
21       0.000   0.000   0.000   0.000   0.000   0.000   0.000    0.000
22       0.000   0.000   0.000   0.000   0.000   0.000   0.000    0.000
23       0.000   0.000   0.000   0.000   0.000   0.000   0.000    0.000
24       0.000   0.000   0.000   0.000   0.000   0.000   0.000    0.000
25       0.000   0.000   0.000   0.000   0.000   0.000   0.000    0.000
26       0.000   0.000   0.000   0.000   0.000   0.000   0.000    0.000
27       0.000   0.000   0.000   0.000   0.000   0.000   0.000    4.000
28       0.000   0.000   0.000   0.000   0.000   0.000   0.000    4.000
29       0.000   0.000   0.000   0.000   0.000   0.000   0.000    5.000
30       0.000   0.000   0.000   0.000   0.000   0.000   0.000    9.000
31       0.000   0.000   0.000   0.000   0.000   0.000   0.000   14.000
32       0.000   0.000   0.000   0.000   0.000   0.000   0.000   36.000
33       0.000   0.000   0.000   0.000   0.000   0.000   0.000   56.000
34       0.000   0.000   0.000   0.000   0.000   0.000   0.000   90.000
35       0.000   0.000   0.000   0.000   0.000   0.000   0.000   79.000
36       0.000   0.000   0.000   0.000   0.000   0.000   0.000  118.000
37       0.000   0.000   0.000   0.000   0.000   0.000   0.000  151.000
38       0.000   0.000   0.000   0.000   0.000   0.000   0.000  189.000
39       0.000   0.000   0.000   0.000   0.000   0.000   0.000  210.000
40       0.000   0.000   0.000   0.000   0.000   0.000   0.000  252.000
41       0.000   0.000   0.000   0.000   0.000   0.000   0.000  282.000
42       0.000   0.000   0.000   0.000   0.000   0.000   0.000  255.000
43       0.000   0.000   0.000   0.000   0.000   0.000   0.000  308.000
44       0.000   0.000   0.000   0.000   0.000   0.000   0.000  289.000
45       0.000   0.000   0.000   0.000   0.000   0.000   0.000  279.000
46       9.355   0.000   0.000   0.000   0.000   0.000   0.000  290.000
47       8.500   0.000   0.000   0.000   0.000   0.000   0.000  238.000
48       8.000   0.000   0.000   0.000   0.000   0.000   0.000  248.000
49      39.692   0.000   0.000   0.000   0.000   0.000   0.000  258.000
50      45.333   0.000   0.000   0.000   0.000   0.000   0.000  272.000
51      49.355   8.226   0.000   0.000   0.000   0.000   0.000  255.000
52      44.182  22.091   7.364   0.000   0.000   0.000   0.000  243.000
53      65.917   9.417   0.000   0.000   0.000   0.000   0.000  226.000
54      52.750  15.071   0.000   0.000   0.000   0.000   0.000  211.000
55      61.920  34.400  13.760   6.880   0.000   0.000   0.000  172.000
56      45.667   7.611   7.611   0.000   0.000   0.000   0.000  137.000
57      46.421  19.895   0.000   6.632   0.000   0.000   0.000  126.000
58      41.143   0.000   0.000   0.000   0.000   0.000   0.000   96.000
59      35.500   8.875   0.000   8.875   0.000   0.000   0.000   71.000
60       9.818   0.000   9.818   0.000   0.000   0.000   0.000   54.000
61      20.143  13.429   0.000   0.000   0.000   0.000   0.000   47.000
62       4.000   8.000   4.000   0.000   0.000   0.000   0.000   16.000
63      15.500   7.750   7.750   0.000   0.000   0.000   0.000   31.000
64       2.800   5.600   5.600   0.000   0.000   0.000   0.000   14.000
65       0.000   0.000   0.000   0.000   0.000   0.000   0.000    5.000
66       0.000   0.000   6.000   0.000   0.000   0.000   0.000    6.000
67       0.000   3.000   0.000   0.000   0.000   0.000   0.000    3.000
68       0.000   0.000   0.000   0.000   0.000   0.000   0.000    1.000
69       0.000   0.000   0.000   0.000   0.000   0.000   0.000    2.000
70       0.000   0.000   0.000   0.000   0.000   0.000   0.000    0.000
71       0.000   0.000   0.000   0.000   0.000   0.000   0.000    0.000
72       0.000   0.000   0.000   0.000   0.000   0.000   0.000    0.000
73       0.000   0.000   0.000   0.000   0.000   0.000   0.000    0.000
74       0.000   0.000   0.000   1.000   0.000   0.000   0.000    1.000
75       0.000   0.000   0.000   0.000   0.000   0.000   0.000    0.000
76       0.000   0.000   0.000   0.000   0.000   0.000   0.000    0.000
77       0.000   0.000   0.000   0.000   0.000   0.000   0.000    0.000
78       0.000   0.000   0.000   0.000   0.000   0.000   0.000    0.000
79       0.000   0.000   0.000   0.000   0.000   0.000   0.000    0.000
80       0.000   0.000   0.000   0.000   0.000   0.000   0.000    0.000
81       0.000   0.000   0.000   0.000   0.000   0.000   0.000    0.000
82       0.000   0.000   0.000   0.000   0.000   0.000   0.000    0.000
83       0.000   0.000   0.000   0.000   0.000   0.000   0.000    0.000
84       0.000   0.000   0.000   0.000   0.000   0.000   0.000    0.000
85       0.000   0.000   0.000   0.000   0.000   0.000   0.000    0.000
86       0.000   0.000   0.000   0.000   0.000   0.000   0.000    0.000
87       0.000   0.000   0.000   0.000   0.000   0.000   0.000    0.000
88       0.000   0.000   0.000   0.000   0.000   0.000   0.000    0.000
89       0.000   0.000   0.000   0.000   0.000   0.000   0.000    0.000
90       0.000   0.000   0.000   0.000   0.000   0.000   0.000    0.000
91       0.000   0.000   0.000   0.000   0.000   0.000   0.000    0.000
92       0.000   0.000   0.000   0.000   0.000   0.000   0.000    0.000
93       0.000   0.000   0.000   0.000   0.000   0.000   0.000    0.000
94       0.000   0.000   0.000   0.000   0.000   0.000   0.000    0.000
95       0.000   0.000   0.000   0.000   0.000   0.000   0.000    0.000
96       0.000   0.000   0.000   0.000   0.000   0.000   0.000    0.000
97       0.000   0.000   0.000   0.000   0.000   0.000   0.000    0.000
98       0.000   0.000   0.000   0.000   0.000   0.000   0.000    0.000
99       0.000   0.000   0.000   0.000   0.000   0.000   0.000    0.000
100      0.000   0.000   0.000   0.000   0.000   0.000   0.000    0.000
101      0.000   0.000   0.000   0.000   0.000   0.000   0.000    0.000
102      0.000   0.000   0.000   0.000   0.000   0.000   0.000    0.000
103      0.000   0.000   0.000   0.000   0.000   0.000   0.000    0.000
104      0.000   0.000   0.000   0.000   0.000   0.000   0.000    0.000
105      0.000   0.000   0.000   0.000   0.000   0.000   0.000    0.000
106      0.000   0.000   0.000   0.000   0.000   0.000   0.000    0.000
107      0.000   0.000   0.000   0.000   0.000   0.000   0.000    0.000
108      0.000   0.000   0.000   0.000   0.000   0.000   0.000    0.000
109      0.000   0.000   0.000   0.000   0.000   0.000   0.000    0.000
110      0.000   0.000   0.000   0.000   0.000   0.000   0.000    0.000
111      0.000   0.000   0.000   0.000   0.000   0.000   0.000    0.000
112      0.000   0.000   0.000   0.000   0.000   0.000   0.000    0.000
113      0.000   0.000   0.000   0.000   0.000   0.000   0.000    0.000
114      0.000   0.000   0.000   0.000   0.000   0.000   0.000    0.000
115      0.000   0.000   0.000   0.000   0.000   0.000   0.000    0.000
116      0.000   0.000   0.000   0.000   0.000   0.000   0.000    0.000
117      0.000   0.000   0.000   0.000   0.000   0.000   0.000    0.000
118      0.000   0.000   0.000   0.000   0.000   0.000   0.000    0.000
119      0.000   0.000   0.000   0.000   0.000   0.000   0.000    0.000
120      0.000   0.000   0.000   0.000   0.000   0.000   0.000    0.000
121      0.000   0.000   0.000   0.000   0.000   0.000   0.000    0.000
122      0.000   0.000   0.000   0.000   0.000   0.000   0.000    0.000
123      0.000   0.000   0.000   0.000   0.000   0.000   0.000    0.000
124      0.000   0.000   0.000   0.000   0.000   0.000   0.000    0.000
125      0.000   0.000   0.000   0.000   0.000   0.000   0.000    0.000
126      0.000   0.000   0.000   0.000   0.000   0.000   0.000    0.000
127      0.000   0.000   0.000   0.000   0.000   0.000   0.000    0.000
128      0.000   0.000   0.000   0.000   0.000   0.000   0.000    0.000
129      0.000   0.000   0.000   0.000   0.000   0.000   0.000    0.000
130      0.000   0.000   0.000   0.000   0.000   0.000   0.000    0.000
131      0.000   0.000   0.000   0.000   0.000   0.000   0.000    0.000
132      0.000   0.000   0.000   0.000   0.000   0.000   0.000    0.000
133      0.000   0.000   0.000   0.000   0.000   0.000   0.000    0.000
134      0.000   0.000   0.000   0.000   0.000   0.000   0.000    0.000
135      0.000   0.000   0.000   0.000   0.000   0.000   0.000    0.000
136      0.000   0.000   0.000   0.000   0.000   0.000   0.000    0.000
137      0.000   0.000   0.000   0.000   0.000   0.000   0.000    0.000
138      0.000   0.000   0.000   0.000   0.000   0.000   0.000    0.000
139      0.000   0.000   0.000   0.000   0.000   0.000   0.000    0.000
140      0.000   0.000   0.000   0.000   0.000   0.000   0.000    0.000
141      0.000   0.000   0.000   0.000   0.000   0.000   0.000    0.000
142      0.000   0.000   0.000   0.000   0.000   0.000   0.000    0.000
143      0.000   0.000   0.000   0.000   0.000   0.000   0.000    0.000
144      0.000   0.000   0.000   0.000   0.000   0.000   0.000    0.000
145      0.000   0.000   0.000   0.000   0.000   0.000   0.000    0.000
146      0.000   0.000   0.000   0.000   0.000   0.000   0.000    0.000
147      0.000   0.000   0.000   0.000   0.000   0.000   0.000    0.000
148      0.000   0.000   0.000   0.000   0.000   0.000   0.000    0.000
149      0.000   0.000   0.000   0.000   0.000   0.000   0.000    0.000
150      0.000   0.000   0.000   0.000   0.000   0.000   0.000    0.000
Sum    605.995 163.364  61.903  23.387   0.000   0.000   0.000 5653.000
mW       1.469   1.641   1.855   1.762   0.000   0.000   0.000    0.000
mL      54.265  56.373  58.897  58.000   0.000   0.000   0.000    0.000
pA       0.108   0.029   0.011   0.004   0.000   0.000   0.000    0.000
tot.mW 990.531 990.531 990.531 990.531 990.531 990.531 990.531  990.531
tot.mL  46.503  46.503  46.503  46.503  46.503  46.503  46.503   46.503
            Sum
1         0.000
2         0.000
3         0.000
4         0.000
5         0.000
6         0.000
7         0.000
8         0.000
9         0.000
10        0.000
11        0.000
12        0.000
13        0.000
14        0.000
15        0.000
16        0.000
17        0.000
18        0.000
19        0.000
20        0.000
21        0.000
22        0.000
23        0.000
24        0.000
25        0.000
26        0.000
27        0.000
28        4.000
29        0.000
30        9.000
31       14.000
32       36.000
33       56.000
34       90.000
35       79.000
36      118.000
37      151.000
38      189.000
39      210.000
40      252.000
41      282.000
42      255.000
43      308.000
44      289.000
45      279.000
46      290.000
47      238.000
48      248.000
49      258.000
50      272.000
51      255.000
52      243.000
53      226.000
54      211.000
55      172.000
56      137.000
57      126.000
58       96.000
59       71.000
60       54.000
61       47.000
62       16.000
63       31.000
64       14.000
65        0.000
66        6.000
67        3.000
68        0.000
69        0.000
70        0.000
71        0.000
72        0.000
73        0.000
74        1.000
75        0.000
76        0.000
77        0.000
78        0.000
79        0.000
80        0.000
81        0.000
82        0.000
83        0.000
84        0.000
85        0.000
86        0.000
87        0.000
88        0.000
89        0.000
90        0.000
91        0.000
92        0.000
93        0.000
94        0.000
95        0.000
96        0.000
97        0.000
98        0.000
99        0.000
100       0.000
101       0.000
102       0.000
103       0.000
104       0.000
105       0.000
106       0.000
107       0.000
108       0.000
109       0.000
110       0.000
111       0.000
112       0.000
113       0.000
114       0.000
115       0.000
116       0.000
117       0.000
118       0.000
119       0.000
120       0.000
121       0.000
122       0.000
123       0.000
124       0.000
125       0.000
126       0.000
127       0.000
128       0.000
129       0.000
130       0.000
131       0.000
132       0.000
133       0.000
134       0.000
135       0.000
136       0.000
137       0.000
138       0.000
139       0.000
140       0.000
141       0.000
142       0.000
143       0.000
144       0.000
145       0.000
146       0.000
147       0.000
148       0.000
149       0.000
150       0.000
Sum    5636.000
mW        0.000
mL        0.000
pA        0.000
tot.mW  990.531
tot.mL   46.503

$ALD.j
             0       1       2        3       4       5       6       7       8
1        0.000   0.000   0.000    0.000   0.000   0.000   0.000   0.000   0.000
2        0.000   0.000   0.000    0.000   0.000   0.000   0.000   0.000   0.000
3        0.000   0.000   0.000    0.000   0.000   0.000   0.000   0.000   0.000
4        0.000   0.000   0.000    0.000   0.000   0.000   0.000   0.000   0.000
5        0.000   0.000   0.000    0.000   0.000   0.000   0.000   0.000   0.000
6        0.000   0.000   0.000    0.000   0.000   0.000   0.000   0.000   0.000
7        0.000   0.000   0.000    0.000   0.000   0.000   0.000   0.000   0.000
8        0.000   0.000   0.000    0.000   0.000   0.000   0.000   0.000   0.000
9        0.000   0.000   0.000    0.000   0.000   0.000   0.000   0.000   0.000
10       0.000   0.000   0.000    0.000   0.000   0.000   0.000   0.000   0.000
11       0.000   0.000   0.000    0.000   0.000   0.000   0.000   0.000   0.000
12       0.000   0.000   0.000    0.000   0.000   0.000   0.000   0.000   0.000
13       0.000   0.000   0.000    0.000   0.000   0.000   0.000   0.000   0.000
14       0.000   0.000   0.000    0.000   0.000   0.000   0.000   0.000   0.000
15       0.000   0.000   0.000    0.000   0.000   0.000   0.000   0.000   0.000
16       0.000   0.000   0.000    0.000   0.000   0.000   0.000   0.000   0.000
17       0.000   0.000   0.000    0.000   0.000   0.000   0.000   0.000   0.000
18       0.000   0.000   0.000    0.000   0.000   0.000   0.000   0.000   0.000
19       0.000   0.000   0.000    0.000   0.000   0.000   0.000   0.000   0.000
20       0.000   0.000   0.000    0.000   0.000   0.000   0.000   0.000   0.000
21       0.000   0.000   0.000    0.000   0.000   0.000   0.000   0.000   0.000
22       0.000   0.000   0.000    0.000   0.000   0.000   0.000   0.000   0.000
23       0.000   0.000   0.000    0.000   0.000   0.000   0.000   0.000   0.000
24       0.000   0.000   0.000    0.000   0.000   0.000   0.000   0.000   0.000
25       0.000   0.000   0.000    0.000   0.000   0.000   0.000   0.000   0.000
26       0.000   0.000   0.000    0.000   0.000   0.000   0.000   0.000   0.000
27       0.000   0.000   3.977    0.017   0.000   0.000   0.000   0.000   0.000
28       0.000   0.000   3.974    0.023   0.000   0.000   0.000   0.000   0.000
29       0.000   0.000   4.956    0.043   0.000   0.000   0.000   0.000   0.000
30       0.000   0.000   8.879    0.119   0.000   0.000   0.000   0.000   0.000
31       0.000   0.000  13.697    0.301   0.000   0.000   0.000   0.000   0.000
32       0.000   0.000  34.671    1.323   0.001   0.000   0.000   0.000   0.000
33       0.000   0.000  52.323    3.663   0.006   0.000   0.000   0.000   0.001
34       0.000   0.000  79.201   10.758   0.025   0.001   0.001   0.000   0.004
35       0.000   0.000  61.724   17.194   0.060   0.002   0.002   0.000   0.007
36       0.000   0.000  73.388   44.316   0.235   0.008   0.008   0.002   0.023
37       0.000   0.000  62.982   87.153   0.712   0.024   0.025   0.007   0.062
38       0.000   0.000  42.924  143.880   1.835   0.067   0.067   0.023   0.148
39       0.000   0.000  21.452  184.119   3.703   0.151   0.147   0.060   0.289
40       0.000   0.000  10.028  232.950   7.468   0.343   0.330   0.159   0.587
41       0.000   0.000   3.933  261.422  13.500   0.716   0.680   0.383   1.117
42       0.000   0.000   1.141  229.325  19.280   1.204   1.132   0.746   1.755
43       0.000   0.000   0.404  259.736  35.931   2.701   2.522   1.941   3.763
44       0.000   0.000   0.100  217.749  50.091   4.630   4.305   3.866   6.305
45       0.000   0.000   0.022  174.326  67.398   7.821   7.268   7.598  10.658
46       0.000   0.000   0.005  134.757  88.494  13.167  12.268  14.905  18.371
47       0.000   0.000   0.001   71.436  80.533  15.691  14.706  20.728  22.937
48       0.000   0.000   0.000   41.132  80.450  20.964  19.825  32.363  32.853
49       0.000   0.000   0.000   20.364  69.840  24.858  23.798  44.910  42.734
50       0.000   0.000   0.000    8.974  54.541  27.081  26.330  57.340  52.258
51       0.000   0.000   0.000    3.153  34.324  24.280  24.053  60.342  53.818
52       0.000   0.000   0.000    1.026  20.221  20.813  21.075  60.798  54.222
53       0.000   0.000   0.000    0.300  10.827  16.561  17.196  56.944  51.889
54       0.000   0.000   0.000    0.082   5.458  12.670  13.535  51.358  48.857
55       0.000   0.000   0.000    0.018   2.262   8.140   8.974  38.951  39.526
56       0.000   0.000   0.000    0.004   0.864   4.922   5.618  27.842  30.795
57       0.000   0.000   0.000    0.001   0.359   3.308   3.923  22.157  27.294
58       0.000   0.000   0.000    0.000   0.116   1.770   2.188  14.059  19.707
59       0.000   0.000   0.000    0.000   0.034   0.881   1.138   8.310  13.544
60       0.000   0.000   0.000    0.000   0.010   0.431   0.584   4.829   9.351
61       0.000   0.000   0.000    0.000   0.003   0.229   0.327   3.058   7.188
62       0.000   0.000   0.000    0.000   0.000   0.045   0.068   0.718   2.093
63       0.000   0.000   0.000    0.000   0.000   0.048   0.076   0.905   3.344
64       0.000   0.000   0.000    0.000   0.000   0.011   0.019   0.250   1.196
65       0.000   0.000   0.000    0.000   0.000   0.002   0.003   0.051   0.324
66       0.000   0.000   0.000    0.000   0.000   0.001   0.002   0.033   0.281
67       0.000   0.000   0.000    0.000   0.000   0.000   0.000   0.008   0.096
68       0.000   0.000   0.000    0.000   0.000   0.000   0.000   0.001   0.021
69       0.000   0.000   0.000    0.000   0.000   0.000   0.000   0.001   0.025
70       0.000   0.000   0.000    0.000   0.000   0.000   0.000   0.000   0.000
71       0.000   0.000   0.000    0.000   0.000   0.000   0.000   0.000   0.000
72       0.000   0.000   0.000    0.000   0.000   0.000   0.000   0.000   0.000
73       0.000   0.000   0.000    0.000   0.000   0.000   0.000   0.000   0.000
74       0.000   0.000   0.000    0.000   0.000   0.000   0.000   0.000   0.000
75       0.000   0.000   0.000    0.000   0.000   0.000   0.000   0.000   0.000
76       0.000   0.000   0.000    0.000   0.000   0.000   0.000   0.000   0.000
77       0.000   0.000   0.000    0.000   0.000   0.000   0.000   0.000   0.000
78       0.000   0.000   0.000    0.000   0.000   0.000   0.000   0.000   0.000
79       0.000   0.000   0.000    0.000   0.000   0.000   0.000   0.000   0.000
80       0.000   0.000   0.000    0.000   0.000   0.000   0.000   0.000   0.000
81       0.000   0.000   0.000    0.000   0.000   0.000   0.000   0.000   0.000
82       0.000   0.000   0.000    0.000   0.000   0.000   0.000   0.000   0.000
83       0.000   0.000   0.000    0.000   0.000   0.000   0.000   0.000   0.000
84       0.000   0.000   0.000    0.000   0.000   0.000   0.000   0.000   0.000
85       0.000   0.000   0.000    0.000   0.000   0.000   0.000   0.000   0.000
86       0.000   0.000   0.000    0.000   0.000   0.000   0.000   0.000   0.000
87       0.000   0.000   0.000    0.000   0.000   0.000   0.000   0.000   0.000
88       0.000   0.000   0.000    0.000   0.000   0.000   0.000   0.000   0.000
89       0.000   0.000   0.000    0.000   0.000   0.000   0.000   0.000   0.000
90       0.000   0.000   0.000    0.000   0.000   0.000   0.000   0.000   0.000
91       0.000   0.000   0.000    0.000   0.000   0.000   0.000   0.000   0.000
92       0.000   0.000   0.000    0.000   0.000   0.000   0.000   0.000   0.000
93       0.000   0.000   0.000    0.000   0.000   0.000   0.000   0.000   0.000
94       0.000   0.000   0.000    0.000   0.000   0.000   0.000   0.000   0.000
95       0.000   0.000   0.000    0.000   0.000   0.000   0.000   0.000   0.000
96       0.000   0.000   0.000    0.000   0.000   0.000   0.000   0.000   0.000
97       0.000   0.000   0.000    0.000   0.000   0.000   0.000   0.000   0.000
98       0.000   0.000   0.000    0.000   0.000   0.000   0.000   0.000   0.000
99       0.000   0.000   0.000    0.000   0.000   0.000   0.000   0.000   0.000
100      0.000   0.000   0.000    0.000   0.000   0.000   0.000   0.000   0.000
101      0.000   0.000   0.000    0.000   0.000   0.000   0.000   0.000   0.000
102      0.000   0.000   0.000    0.000   0.000   0.000   0.000   0.000   0.000
103      0.000   0.000   0.000    0.000   0.000   0.000   0.000   0.000   0.000
104      0.000   0.000   0.000    0.000   0.000   0.000   0.000   0.000   0.000
105      0.000   0.000   0.000    0.000   0.000   0.000   0.000   0.000   0.000
106      0.000   0.000   0.000    0.000   0.000   0.000   0.000   0.000   0.000
107      0.000   0.000   0.000    0.000   0.000   0.000   0.000   0.000   0.000
108      0.000   0.000   0.000    0.000   0.000   0.000   0.000   0.000   0.000
109      0.000   0.000   0.000    0.000   0.000   0.000   0.000   0.000   0.000
110      0.000   0.000   0.000    0.000   0.000   0.000   0.000   0.000   0.000
111      0.000   0.000   0.000    0.000   0.000   0.000   0.000   0.000   0.000
112      0.000   0.000   0.000    0.000   0.000   0.000   0.000   0.000   0.000
113      0.000   0.000   0.000    0.000   0.000   0.000   0.000   0.000   0.000
114      0.000   0.000   0.000    0.000   0.000   0.000   0.000   0.000   0.000
115      0.000   0.000   0.000    0.000   0.000   0.000   0.000   0.000   0.000
116      0.000   0.000   0.000    0.000   0.000   0.000   0.000   0.000   0.000
117      0.000   0.000   0.000    0.000   0.000   0.000   0.000   0.000   0.000
118      0.000   0.000   0.000    0.000   0.000   0.000   0.000   0.000   0.000
119      0.000   0.000   0.000    0.000   0.000   0.000   0.000   0.000   0.000
120      0.000   0.000   0.000    0.000   0.000   0.000   0.000   0.000   0.000
121      0.000   0.000   0.000    0.000   0.000   0.000   0.000   0.000   0.000
122      0.000   0.000   0.000    0.000   0.000   0.000   0.000   0.000   0.000
123      0.000   0.000   0.000    0.000   0.000   0.000   0.000   0.000   0.000
124      0.000   0.000   0.000    0.000   0.000   0.000   0.000   0.000   0.000
125      0.000   0.000   0.000    0.000   0.000   0.000   0.000   0.000   0.000
126      0.000   0.000   0.000    0.000   0.000   0.000   0.000   0.000   0.000
127      0.000   0.000   0.000    0.000   0.000   0.000   0.000   0.000   0.000
128      0.000   0.000   0.000    0.000   0.000   0.000   0.000   0.000   0.000
129      0.000   0.000   0.000    0.000   0.000   0.000   0.000   0.000   0.000
130      0.000   0.000   0.000    0.000   0.000   0.000   0.000   0.000   0.000
131      0.000   0.000   0.000    0.000   0.000   0.000   0.000   0.000   0.000
132      0.000   0.000   0.000    0.000   0.000   0.000   0.000   0.000   0.000
133      0.000   0.000   0.000    0.000   0.000   0.000   0.000   0.000   0.000
134      0.000   0.000   0.000    0.000   0.000   0.000   0.000   0.000   0.000
135      0.000   0.000   0.000    0.000   0.000   0.000   0.000   0.000   0.000
136      0.000   0.000   0.000    0.000   0.000   0.000   0.000   0.000   0.000
137      0.000   0.000   0.000    0.000   0.000   0.000   0.000   0.000   0.000
138      0.000   0.000   0.000    0.000   0.000   0.000   0.000   0.000   0.000
139      0.000   0.000   0.000    0.000   0.000   0.000   0.000   0.000   0.000
140      0.000   0.000   0.000    0.000   0.000   0.000   0.000   0.000   0.000
141      0.000   0.000   0.000    0.000   0.000   0.000   0.000   0.000   0.000
142      0.000   0.000   0.000    0.000   0.000   0.000   0.000   0.000   0.000
143      0.000   0.000   0.000    0.000   0.000   0.000   0.000   0.000   0.000
144      0.000   0.000   0.000    0.000   0.000   0.000   0.000   0.000   0.000
145      0.000   0.000   0.000    0.000   0.000   0.000   0.000   0.000   0.000
146      0.000   0.000   0.000    0.000   0.000   0.000   0.000   0.000   0.000
147      0.000   0.000   0.000    0.000   0.000   0.000   0.000   0.000   0.000
148      0.000   0.000   0.000    0.000   0.000   0.000   0.000   0.000   0.000
149      0.000   0.000   0.000    0.000   0.000   0.000   0.000   0.000   0.000
150      0.000   0.000   0.000    0.000   0.000   0.000   0.000   0.000   0.000
Sum      0.000   0.000 479.783 2149.660 648.585 213.540 212.193 535.646 557.444
mW       0.000   0.000   0.425    0.707   0.970   1.167   1.182   1.297   1.320
mL       0.000   0.000  35.077   41.911  46.937  50.055  50.262  51.979  52.238
pA       0.000   0.000   0.085    0.380   0.115   0.038   0.038   0.095   0.099
tot.mW 991.549 991.549 991.549  991.549 991.549 991.549 991.549 991.549 991.549
tot.mL  46.502  46.502  46.502   46.502  46.502  46.502  46.502  46.502  46.502
             9      10      11      12      13      14      15    Matad
1        0.000   0.000   0.000   0.000   0.000   0.000   0.000    0.000
2        0.000   0.000   0.000   0.000   0.000   0.000   0.000    0.000
3        0.000   0.000   0.000   0.000   0.000   0.000   0.000    0.000
4        0.000   0.000   0.000   0.000   0.000   0.000   0.000    0.000
5        0.000   0.000   0.000   0.000   0.000   0.000   0.000    0.000
6        0.000   0.000   0.000   0.000   0.000   0.000   0.000    0.000
7        0.000   0.000   0.000   0.000   0.000   0.000   0.000    0.000
8        0.000   0.000   0.000   0.000   0.000   0.000   0.000    0.000
9        0.000   0.000   0.000   0.000   0.000   0.000   0.000    0.000
10       0.000   0.000   0.000   0.000   0.000   0.000   0.000    0.000
11       0.000   0.000   0.000   0.000   0.000   0.000   0.000    0.000
12       0.000   0.000   0.000   0.000   0.000   0.000   0.000    0.000
13       0.000   0.000   0.000   0.000   0.000   0.000   0.000    0.000
14       0.000   0.000   0.000   0.000   0.000   0.000   0.000    0.000
15       0.000   0.000   0.000   0.000   0.000   0.000   0.000    0.000
16       0.000   0.000   0.000   0.000   0.000   0.000   0.000    0.000
17       0.000   0.000   0.000   0.000   0.000   0.000   0.000    0.000
18       0.000   0.000   0.000   0.000   0.000   0.000   0.000    0.000
19       0.000   0.000   0.000   0.000   0.000   0.000   0.000    0.000
20       0.000   0.000   0.000   0.000   0.000   0.000   0.000    0.000
21       0.000   0.000   0.000   0.000   0.000   0.000   0.000    0.000
22       0.000   0.000   0.000   0.000   0.000   0.000   0.000    0.000
23       0.000   0.000   0.000   0.000   0.000   0.000   0.000    0.000
24       0.000   0.000   0.000   0.000   0.000   0.000   0.000    0.000
25       0.000   0.000   0.000   0.000   0.000   0.000   0.000    0.000
26       0.000   0.000   0.000   0.000   0.000   0.000   0.000    0.000
27       0.000   0.000   0.000   0.006   0.000   0.000   0.000    4.000
28       0.000   0.000   0.000   0.003   0.000   0.000   0.000    4.000
29       0.000   0.000   0.000   0.002   0.000   0.000   0.000    5.000
30       0.000   0.000   0.000   0.002   0.000   0.000   0.000    9.000
31       0.000   0.000   0.000   0.002   0.000   0.000   0.000   14.000
32       0.000   0.000   0.000   0.004   0.000   0.000   0.000   36.000
33       0.000   0.000   0.000   0.006   0.000   0.000   0.000   56.000
34       0.000   0.000   0.000   0.011   0.000   0.000   0.000   90.000
35       0.000   0.000   0.000   0.011   0.000   0.000   0.000   79.000
36       0.001   0.000   0.000   0.020   0.000   0.000   0.000  118.000
37       0.003   0.001   0.000   0.031   0.000   0.000   0.000  151.000
38       0.009   0.002   0.000   0.044   0.000   0.000   0.000  189.000
39       0.022   0.004   0.000   0.053   0.000   0.000   0.000  210.000
40       0.057   0.010   0.001   0.069   0.000   0.000   0.000  252.000
41       0.138   0.022   0.002   0.089   0.000   0.000   0.000  282.000
42       0.273   0.041   0.003   0.098   0.000   0.000   0.000  255.000
43       0.734   0.105   0.009   0.153   0.000   0.000   0.000  308.000
44       1.526   0.211   0.021   0.196   0.000   0.000   0.000  289.000
45       3.171   0.428   0.046   0.264   0.000   0.000   0.000  279.000
46       6.659   0.892   0.105   0.377   0.000   0.000   0.000  290.000
47      10.033   1.354   0.174   0.407   0.000   0.000   0.000  238.000
48      17.183   2.370   0.335   0.526   0.000   0.000   0.000  248.000
49      26.476   3.789   0.589   0.644   0.000   0.000   0.000  258.000
50      37.998   5.725   0.982   0.772   0.000   0.000   0.000  272.000
51      45.501   7.327   1.389   0.813   0.000   0.000   0.000  255.000
52      52.810   9.223   1.938   0.873   0.000   0.000   0.000  243.000
53      57.679  11.089   2.587   0.928   0.000   0.000   0.000  226.000
54      61.411  13.191   3.423   1.013   0.000   0.000   0.000  211.000
55      55.659  13.557   3.922   0.991   0.000   0.000   0.000  172.000
56      48.130  13.492   4.361   0.972   0.000   0.000   0.000  137.000
57      46.908  15.360   5.557   1.133   0.000   0.000   0.000  126.000
58      36.900  14.325   5.814   1.120   0.000   0.000   0.000   96.000
59      27.373  12.786   5.833   1.100   0.000   0.000   0.000   71.000
60      20.211  11.529   5.925   1.131   0.000   0.000   0.000   54.000
61      16.459  11.637   6.750   1.351   0.000   0.000   0.000   47.000
62       5.030   4.474   2.935   0.637   0.000   0.000   0.000   16.000
63       8.359   9.492   7.058   1.719   0.000   0.000   0.000   31.000
64       3.081   4.533   3.828   1.082   0.000   0.000   0.000   14.000
65       0.851   1.647   1.583   0.538   0.000   0.000   0.000    5.000
66       0.747   1.929   2.115   0.893   0.000   0.000   0.000    6.000
67       0.257   0.899   1.126   0.612   0.000   0.000   0.000    3.000
68       0.055   0.266   0.381   0.276   0.000   0.000   0.000    1.000
69       0.066   0.445   0.732   0.730   0.000   0.000   0.000    2.000
70       0.000   0.000   0.000   0.000   0.000   0.000   0.000    0.000
71       0.000   0.000   0.000   0.000   0.000   0.000   0.000    0.000
72       0.000   0.000   0.000   0.000   0.000   0.000   0.000    0.000
73       0.000   0.000   0.000   0.000   0.000   0.000   0.000    0.000
74       0.001   0.031   0.104   0.864   0.000   0.000   0.000    1.000
75       0.000   0.000   0.000   0.000   0.000   0.000   0.000    0.000
76       0.000   0.000   0.000   0.000   0.000   0.000   0.000    0.000
77       0.000   0.000   0.000   0.000   0.000   0.000   0.000    0.000
78       0.000   0.000   0.000   0.000   0.000   0.000   0.000    0.000
79       0.000   0.000   0.000   0.000   0.000   0.000   0.000    0.000
80       0.000   0.000   0.000   0.000   0.000   0.000   0.000    0.000
81       0.000   0.000   0.000   0.000   0.000   0.000   0.000    0.000
82       0.000   0.000   0.000   0.000   0.000   0.000   0.000    0.000
83       0.000   0.000   0.000   0.000   0.000   0.000   0.000    0.000
84       0.000   0.000   0.000   0.000   0.000   0.000   0.000    0.000
85       0.000   0.000   0.000   0.000   0.000   0.000   0.000    0.000
86       0.000   0.000   0.000   0.000   0.000   0.000   0.000    0.000
87       0.000   0.000   0.000   0.000   0.000   0.000   0.000    0.000
88       0.000   0.000   0.000   0.000   0.000   0.000   0.000    0.000
89       0.000   0.000   0.000   0.000   0.000   0.000   0.000    0.000
90       0.000   0.000   0.000   0.000   0.000   0.000   0.000    0.000
91       0.000   0.000   0.000   0.000   0.000   0.000   0.000    0.000
92       0.000   0.000   0.000   0.000   0.000   0.000   0.000    0.000
93       0.000   0.000   0.000   0.000   0.000   0.000   0.000    0.000
94       0.000   0.000   0.000   0.000   0.000   0.000   0.000    0.000
95       0.000   0.000   0.000   0.000   0.000   0.000   0.000    0.000
96       0.000   0.000   0.000   0.000   0.000   0.000   0.000    0.000
97       0.000   0.000   0.000   0.000   0.000   0.000   0.000    0.000
98       0.000   0.000   0.000   0.000   0.000   0.000   0.000    0.000
99       0.000   0.000   0.000   0.000   0.000   0.000   0.000    0.000
100      0.000   0.000   0.000   0.000   0.000   0.000   0.000    0.000
101      0.000   0.000   0.000   0.000   0.000   0.000   0.000    0.000
102      0.000   0.000   0.000   0.000   0.000   0.000   0.000    0.000
103      0.000   0.000   0.000   0.000   0.000   0.000   0.000    0.000
104      0.000   0.000   0.000   0.000   0.000   0.000   0.000    0.000
105      0.000   0.000   0.000   0.000   0.000   0.000   0.000    0.000
106      0.000   0.000   0.000   0.000   0.000   0.000   0.000    0.000
107      0.000   0.000   0.000   0.000   0.000   0.000   0.000    0.000
108      0.000   0.000   0.000   0.000   0.000   0.000   0.000    0.000
109      0.000   0.000   0.000   0.000   0.000   0.000   0.000    0.000
110      0.000   0.000   0.000   0.000   0.000   0.000   0.000    0.000
111      0.000   0.000   0.000   0.000   0.000   0.000   0.000    0.000
112      0.000   0.000   0.000   0.000   0.000   0.000   0.000    0.000
113      0.000   0.000   0.000   0.000   0.000   0.000   0.000    0.000
114      0.000   0.000   0.000   0.000   0.000   0.000   0.000    0.000
115      0.000   0.000   0.000   0.000   0.000   0.000   0.000    0.000
116      0.000   0.000   0.000   0.000   0.000   0.000   0.000    0.000
117      0.000   0.000   0.000   0.000   0.000   0.000   0.000    0.000
118      0.000   0.000   0.000   0.000   0.000   0.000   0.000    0.000
119      0.000   0.000   0.000   0.000   0.000   0.000   0.000    0.000
120      0.000   0.000   0.000   0.000   0.000   0.000   0.000    0.000
121      0.000   0.000   0.000   0.000   0.000   0.000   0.000    0.000
122      0.000   0.000   0.000   0.000   0.000   0.000   0.000    0.000
123      0.000   0.000   0.000   0.000   0.000   0.000   0.000    0.000
124      0.000   0.000   0.000   0.000   0.000   0.000   0.000    0.000
125      0.000   0.000   0.000   0.000   0.000   0.000   0.000    0.000
126      0.000   0.000   0.000   0.000   0.000   0.000   0.000    0.000
127      0.000   0.000   0.000   0.000   0.000   0.000   0.000    0.000
128      0.000   0.000   0.000   0.000   0.000   0.000   0.000    0.000
129      0.000   0.000   0.000   0.000   0.000   0.000   0.000    0.000
130      0.000   0.000   0.000   0.000   0.000   0.000   0.000    0.000
131      0.000   0.000   0.000   0.000   0.000   0.000   0.000    0.000
132      0.000   0.000   0.000   0.000   0.000   0.000   0.000    0.000
133      0.000   0.000   0.000   0.000   0.000   0.000   0.000    0.000
134      0.000   0.000   0.000   0.000   0.000   0.000   0.000    0.000
135      0.000   0.000   0.000   0.000   0.000   0.000   0.000    0.000
136      0.000   0.000   0.000   0.000   0.000   0.000   0.000    0.000
137      0.000   0.000   0.000   0.000   0.000   0.000   0.000    0.000
138      0.000   0.000   0.000   0.000   0.000   0.000   0.000    0.000
139      0.000   0.000   0.000   0.000   0.000   0.000   0.000    0.000
140      0.000   0.000   0.000   0.000   0.000   0.000   0.000    0.000
141      0.000   0.000   0.000   0.000   0.000   0.000   0.000    0.000
142      0.000   0.000   0.000   0.000   0.000   0.000   0.000    0.000
143      0.000   0.000   0.000   0.000   0.000   0.000   0.000    0.000
144      0.000   0.000   0.000   0.000   0.000   0.000   0.000    0.000
145      0.000   0.000   0.000   0.000   0.000   0.000   0.000    0.000
146      0.000   0.000   0.000   0.000   0.000   0.000   0.000    0.000
147      0.000   0.000   0.000   0.000   0.000   0.000   0.000    0.000
148      0.000   0.000   0.000   0.000   0.000   0.000   0.000    0.000
149      0.000   0.000   0.000   0.000   0.000   0.000   0.000    0.000
150      0.000   0.000   0.000   0.000   0.000   0.000   0.000    0.000
Sum    591.769 172.184  69.629  22.567   0.000   0.000   0.000 5653.000
mW       1.463   1.664   1.858   1.814   0.000   0.000   0.000    0.000
mL      54.192  56.610  59.232  59.500   0.000   0.000   0.000    0.000
pA       0.105   0.030   0.012   0.004   0.000   0.000   0.000    0.000
tot.mW 991.549 991.549 991.549 991.549 991.549 991.549 991.549  991.549
tot.mL  46.502  46.502  46.502  46.502  46.502  46.502  46.502   46.502
            Sum
1         0.000
2         0.000
3         0.000
4         0.000
5         0.000
6         0.000
7         0.000
8         0.000
9         0.000
10        0.000
11        0.000
12        0.000
13        0.000
14        0.000
15        0.000
16        0.000
17        0.000
18        0.000
19        0.000
20        0.000
21        0.000
22        0.000
23        0.000
24        0.000
25        0.000
26        0.000
27        4.000
28        4.000
29        5.000
30        9.000
31       14.000
32       36.000
33       56.000
34       90.000
35       79.000
36      118.000
37      151.000
38      189.000
39      210.000
40      252.000
41      282.000
42      255.000
43      308.000
44      289.000
45      279.000
46      290.000
47      238.000
48      248.000
49      258.000
50      272.000
51      255.000
52      243.000
53      226.000
54      211.000
55      172.000
56      137.000
57      126.000
58       96.000
59       71.000
60       54.000
61       47.000
62       16.000
63       31.000
64       14.000
65        5.000
66        6.000
67        3.000
68        1.000
69        2.000
70        0.000
71        0.000
72        0.000
73        0.000
74        1.000
75        0.000
76        0.000
77        0.000
78        0.000
79        0.000
80        0.000
81        0.000
82        0.000
83        0.000
84        0.000
85        0.000
86        0.000
87        0.000
88        0.000
89        0.000
90        0.000
91        0.000
92        0.000
93        0.000
94        0.000
95        0.000
96        0.000
97        0.000
98        0.000
99        0.000
100       0.000
101       0.000
102       0.000
103       0.000
104       0.000
105       0.000
106       0.000
107       0.000
108       0.000
109       0.000
110       0.000
111       0.000
112       0.000
113       0.000
114       0.000
115       0.000
116       0.000
117       0.000
118       0.000
119       0.000
120       0.000
121       0.000
122       0.000
123       0.000
124       0.000
125       0.000
126       0.000
127       0.000
128       0.000
129       0.000
130       0.000
131       0.000
132       0.000
133       0.000
134       0.000
135       0.000
136       0.000
137       0.000
138       0.000
139       0.000
140       0.000
141       0.000
142       0.000
143       0.000
144       0.000
145       0.000
146       0.000
147       0.000
148       0.000
149       0.000
150       0.000
Sum    5653.000
mW        0.000
mL        0.000
pA        0.000
tot.mW  991.549
tot.mL   46.502


 .... [TRUNCATED] 
>>>>>>>>>>>>>>>>>>>>>>>>>>>>>>>>>>>>>>>>>>>>>>>>>>>>>>>>>>>>>> 
 > Dato                :  Fri Jan 17 13:37:36 2014 
 > Slag                :  HY 
 > Ár                  :  2011 
 > Tiŵarskeiŵ          :  JAN-NOV 
 > Skipabólk/-ar       :  1 2 4 5 
 > Skipabólk/-ar (lán) :  0 
 > ICES-øki            :  VB1 
 <<<<<<<<<<<<<<<<<<<<<<<<<<<<<<<<<<<<<<<<<<<<<<<<<<<<<<<<<<<<<< 

$URSLITID
   aldur tal_matad tal_fiskad midal_longd midal_vekt roknad_veida
0      0         0          0        0.00      0.000            0
1      1         0          0        0.00      0.000            0
2      2       477      63699       35.10      0.426        27163
3      3      2170     289681       41.99      0.711       205841
4      4       632      84408       46.81      0.964        81349
5      5       212      28305       50.07      1.169        33095
6      6       201      26881       50.36      1.191        32019
7      7       532      70968       51.96      1.298        92141
8      8       556      74241       52.20      1.321        98078
9      9       606      80884       54.26      1.469       118846
10    10       163      21805       56.37      1.641        35771
11    11        62       8262       58.90      1.855        15330
12    12        23       3121       58.00      1.762         5499
13    13         0          0        0.00      0.000            0
14    14         0          0        0.00      0.000            0
15    15         0          0        0.00      0.000            0
17   Sum      5634     752255       46.50      0.991       745132

$URSLITID.j
   aldur tal_matad tal_fiskad midal_longd midal_vekt roknad_veida
0      0         0          0        0.00      0.000            0
1      1         0          0        0.00      0.000            0
2      2       480      63780       35.08      0.425        27135
3      3      2150     285766       41.91      0.707       201911
4      4       649      86220       46.94      0.970        83665
5      5       214      28387       50.05      1.167        33134
6      6       212      28208       50.26      1.182        33331
7      7       536      71206       51.98      1.297        92323
8      8       557      74104       52.24      1.320        97797
9      9       592      78667       54.19      1.463       115122
10    10       172      22889       56.61      1.664        38079
11    11        70       9256       59.23      1.858        17195
12    12        23       3000       59.50      1.814         5441
13    13         0          0        0.00      0.000            0
14    14         0          0        0.00      0.000            0
15    15         0          0        0.00      0.000            0
17   Sum      5655     751483       46.50      0.992       745133


 .... [TRUNCATED] 
