
 .... [TRUNCATED] 
<<<<<<<<<<<<<<<<<<<<<<<<<<<<<<<<<<<<<<<<<<<<<<<<<<<<<<<<<<<<<<<<<<<<<<<< 
 > Dato                                      :  Tue Dec  9 10:46:52 2014 
 > Slag                                      :  UP 
 > Ár                                        :  2014 
 > Skipabólk/-ar                             :  19 20 21 
 > Byrjanar og enda mánaŵ fyri ALK/ALD       :  JAN-JUN 
 > Skipabólk/-ar, sum longdir eru lántar frá :  0 
 > Skipabólk/-ar, sum vektir eru lántar frá  :  0 
 > Skipabólk/-ar, sum aldrar eru lántar frá  :  0 
 > ICES-øki                                  :  VB1 
 <<<<<<<<<<<<<<<<<<<<<<<<<<<<<<<<<<<<<<<<<<<<<<<<<<<<<<<<<<<<<<<<<<<<<<<<
 .... [TRUNCATED] 
>>>>>>>>>>>>>>>>>>>>>>>>>>>>>>>>>>>>> 
> Alpha	 = 0.01506322
> Beta	 = 2.847021
> R^2	 = 0.9771064
> N	 = 8806
> Veida (kg.)	  = 55555
> Rundveida (kg.) = 61666.05
<<<<<<<<<<<<<<<<<<<<<<<<<<<<<<<<<<<<<
 .... [TRUNCATED] 
>>>>>>>>>>>>>> 	 ALK-lykil 	 <<<<<<<<<<<<
 .... [TRUNCATED] 
$ALK
    longd 0 1 2 3  4  5  6  7 8 9 10 11 12 13 14 15 Sum Matad
1       1 0 0 0 0  0  0  0  0 0 0  0  0  0  0  0  0   0     0
2       2 0 0 0 0  0  0  0  0 0 0  0  0  0  0  0  0   0     0
3       3 0 0 0 0  0  0  0  0 0 0  0  0  0  0  0  0   0     0
4       4 0 0 0 0  0  0  0  0 0 0  0  0  0  0  0  0   0     0
5       5 0 0 0 0  0  0  0  0 0 0  0  0  0  0  0  0   0     0
6       6 0 0 0 0  0  0  0  0 0 0  0  0  0  0  0  0   0     0
7       7 0 0 0 0  0  0  0  0 0 0  0  0  0  0  0  0   0     0
8       8 0 0 0 0  0  0  0  0 0 0  0  0  0  0  0  0   0     0
9       9 0 0 0 0  0  0  0  0 0 0  0  0  0  0  0  0   0     0
10     10 0 0 0 0  0  0  0  0 0 0  0  0  0  0  0  0   0     0
11     11 0 0 0 0  0  0  0  0 0 0  0  0  0  0  0  0   0     0
12     12 0 0 0 0  0  0  0  0 0 0  0  0  0  0  0  0   0     0
13     13 0 0 0 0  0  0  0  0 0 0  0  0  0  0  0  0   0     0
14     14 0 0 0 0  0  0  0  0 0 0  0  0  0  0  0  0   0     0
15     15 0 0 0 0  0  0  0  0 0 0  0  0  0  0  0  0   0     0
16     16 0 0 0 0  0  0  0  0 0 0  0  0  0  0  0  0   0     0
17     17 0 0 0 0  0  0  0  0 0 0  0  0  0  0  0  0   0     0
18     18 0 0 0 0  0  0  0  0 0 0  0  0  0  0  0  0   0     0
19     19 0 0 0 0  0  0  0  0 0 0  0  0  0  0  0  0   0     0
20     20 0 0 0 0  0  0  0  0 0 0  0  0  0  0  0  0   0     0
21     21 0 0 0 0  0  0  0  0 0 0  0  0  0  0  0  0   0     0
22     22 0 0 0 0  0  0  0  0 0 0  0  0  0  0  0  0   0     0
23     23 0 0 0 0  0  0  0  0 0 0  0  0  0  0  0  0   0     0
24     24 0 0 0 0  0  0  0  0 0 0  0  0  0  0  0  0   0     0
25     25 0 0 0 0  0  0  0  0 0 0  0  0  0  0  0  0   0     0
26     26 0 0 0 0  0  0  0  0 0 0  0  0  0  0  0  0   0     0
27     27 0 0 0 0  0  0  0  0 0 0  0  0  0  0  0  0   0     0
28     28 0 0 0 0  0  0  0  0 0 0  0  0  0  0  0  0   0     0
29     29 0 0 0 0  0  0  0  0 0 0  0  0  0  0  0  0   0     0
30     30 0 0 0 0  0  0  0  0 0 0  0  0  0  0  0  0   0     0
31     31 0 0 0 0  0  0  0  0 0 0  0  0  0  0  0  0   0     0
32     32 0 0 0 0  0  0  0  0 0 0  0  0  0  0  0  0   0     0
33     33 0 0 0 0  0  0  0  0 0 0  0  0  0  0  0  0   0     0
34     34 0 0 0 0  0  0  0  0 0 0  0  0  0  0  0  0   0     0
35     35 0 0 0 0  0  0  0  0 0 0  0  0  0  0  0  0   0     0
36     36 0 0 0 0  0  0  0  0 0 0  0  0  0  0  0  0   0     0
37     37 0 0 0 0  0  0  0  0 0 0  0  0  0  0  0  0   0     0
38     38 0 0 0 0  0  0  0  0 0 0  0  0  0  0  0  0   0     0
39     39 0 0 0 0  0  0  0  0 0 0  0  0  0  0  0  0   0     1
40     40 0 0 0 0  1  0  0  0 0 0  0  0  0  0  0  0   1    14
41     41 0 0 0 1  0  0  0  0 0 0  0  0  0  0  0  0   1    28
42     42 0 0 0 1  0  0  0  0 0 0  0  0  0  0  0  0   1    44
43     43 0 0 0 0  0  0  0  0 0 0  0  0  0  0  0  0   0    79
44     44 0 0 0 2  1  0  0  0 0 0  0  0  0  0  0  0   3   117
45     45 0 0 0 0  0  0  0  0 0 0  0  0  0  0  0  0   0   139
46     46 0 0 0 0  1  0  0  0 0 0  0  0  0  0  0  0   1   129
47     47 0 0 0 2  3  1  0  0 0 0  0  0  0  0  0  0   6   131
48     48 0 0 0 4  7  2  0  0 0 0  0  0  0  0  0  0  13   131
49     49 0 0 0 4  4  3  0  0 0 0  0  0  0  0  0  0  11   146
50     50 0 0 0 1 13  2  0  0 0 0  0  0  0  0  0  0  16   199
51     51 0 0 0 4 24  4  0  0 0 0  0  0  0  0  0  0  32   220
52     52 0 0 0 3 24 10  1  1 0 0  0  0  0  0  0  0  39   335
53     53 0 0 0 4 36 16  2  0 0 0  0  0  0  0  0  0  58   397
54     54 0 0 0 1 44 19  2  0 0 0  0  0  0  0  0  0  66   501
55     55 0 0 0 5 29 33  5  1 0 0  0  0  0  0  0  0  73   522
56     56 0 0 0 1 34 41  2  0 0 0  0  0  0  0  0  0  78   540
57     57 0 0 0 3 28 44  4  3 0 0  0  0  0  0  0  0  82   610
58     58 0 0 0 1 20 48  9  2 0 0  0  0  0  0  0  0  80   570
59     59 0 0 0 0 28 68 12  3 0 0  0  0  0  0  0  0 111   558
60     60 0 0 0 0 14 59 12  2 0 0  0  0  0  0  0  0  87   634
61     61 0 0 0 0  9 64 19  4 1 0  0  0  0  0  0  0  97   615
62     62 0 0 0 0  4 56 19  4 0 0  0  0  0  0  0  0  83   557
63     63 0 0 0 0  3 37 27  4 0 0  0  0  0  0  0  0  71   494
64     64 0 0 0 0  5 34 16  6 0 0  0  0  0  0  0  0  61   459
65     65 0 0 0 0  4 28 25  9 0 0  0  0  0  0  0  0  66   465
66     66 0 0 0 0  3 11 19  8 1 0  0  0  0  0  0  0  42   336
67     67 0 0 0 0  1 12 28 12 0 0  0  0  0  0  0  0  53   335
68     68 0 0 0 0  2 14 18 10 0 0  0  0  0  0  0  0  44   292
69     69 0 0 0 0  0 12 26 10 0 0  0  0  0  0  0  0  48   283
70     70 0 0 0 0  0  8 20 12 0 0  0  0  0  0  0  0  40   278
71     71 0 0 0 0  0  2 13  7 0 0  0  0  0  0  0  0  22   210
72     72 0 0 0 0  0  3 10  7 2 0  0  0  0  0  0  0  22   186
73     73 0 0 0 0  0  2 12  4 0 0  0  0  0  0  0  0  18   171
74     74 0 0 0 0  0  1  3  5 0 0  0  0  0  0  0  0   9   117
75     75 0 0 0 0  0  0  6  3 0 0  0  0  0  0  0  0   9   104
76     76 0 0 0 0  0  0  4  2 2 0  0  0  0  0  0  0   8   108
77     77 0 0 0 0  0  0  3  3 0 0  0  0  0  0  0  0   6    83
78     78 0 0 0 0  0  0  2  4 2 0  0  0  0  0  0  0   8    64
79     79 0 0 0 0  0  0  1  2 0 0  0  0  0  0  0  0   3    54
80     80 0 0 0 0  0  0  1  0 0 0  1  0  0  0  0  0   2    74
81     81 0 0 0 0  0  0  1  3 2 0  0  0  0  0  0  0   6    58
82     82 0 0 0 0  0  0  1  3 3 0  0  0  0  0  0  0   7    72
83     83 0 0 0 0  0  0  0  3 2 1  0  0  0  0  0  0   6    66
84     84 0 0 0 0  0  0  0  1 0 0  0  0  0  0  0  0   1    52
85     85 0 0 0 0  0  0  0  1 5 2  0  0  0  0  0  0   8    67
86     86 0 0 0 0  0  0  0  1 2 1  0  0  0  0  0  0   4    50
87     87 0 0 0 0  0  0  1  0 0 3  0  0  0  0  0  0   4    58
88     88 0 0 0 0  0  0  0  0 0 4  0  1  0  0  0  0   5    45
89     89 0 0 0 0  0  0  0  0 1 2  3  0  0  0  0  0   6    49
90     90 0 0 0 0  0  0  0  0 1 2  0  1  0  0  0  0   4    71
91     91 0 0 0 0  0  0  0  0 0 2  2  1  2  0  0  0   7    49
92     92 0 0 0 0  0  0  0  0 0 1  1  1  1  1  0  0   5    57
93     93 0 0 0 0  0  0  0  0 0 0  2  3  0  0  0  0   5    37
94     94 0 0 0 0  0  0  0  0 0 0  0  1  1  0  0  0   2    33
95     95 0 0 0 0  0  0  0  0 0 0  1  1  3  0  0  0   5    38
96     96 0 0 0 0  0  0  0  0 0 0  2  1  1  0  0  0   4    35
97     97 0 0 0 0  0  0  0  0 0 0  0  0  2  1  0  0   3    27
98     98 0 0 0 0  0  0  0  0 0 0  1  0  0  0  0  0   1     9
99     99 0 0 0 0  0  0  0  0 0 0  1  0  0  0  0  0   1    13
100   100 0 0 0 0  0  0  0  0 0 0  0  0  0  0  0  0   0    16
101   101 0 0 0 0  0  0  0  0 0 0  0  0  0  0  0  0   0     4
102   102 0 0 0 0  0  0  0  0 0 0  0  0  0  1  0  0   1     4
103   103 0 0 0 0  0  0  0  0 0 0  0  0  0  0  0  0   0     6
104   104 0 0 0 0  0  0  0  0 0 0  0  0  0  0  0  0   0     3
105   105 0 0 0 0  0  0  0  0 0 0  0  0  0  0  0  0   0     6
106   106 0 0 0 0  0  0  0  0 0 0  0  0  0  0  0  0   0     3
107   107 0 0 0 0  0  0  0  0 0 0  0  0  1  0  0  0   1     3
108   108 0 0 0 0  0  0  0  0 0 0  0  0  1  0  0  0   1     2
109   109 0 0 0 0  0  0  0  0 0 0  0  1  1  0  0  0   2     4
110   110 0 0 0 0  0  0  0  0 0 0  0  0  0  0  0  0   0     1
111   111 0 0 0 0  0  0  0  0 0 0  0  0  0  0  0  0   0     0
112   112 0 0 0 0  0  0  0  0 0 0  0  0  0  0  1  0   1     2
113   113 0 0 0 0  0  0  0  0 0 0  0  0  0  0  0  0   0     0
114   114 0 0 0 0  0  0  0  0 0 0  0  0  0  0  0  0   0     0
115   115 0 0 0 0  0  0  0  0 0 0  0  0  0  0  0  0   0     0
116   116 0 0 0 0  0  0  0  0 0 0  0  0  0  0  0  0   0     0
117   117 0 0 0 0  0  0  0  0 0 0  0  0  0  0  0  0   0     0
118   118 0 0 0 0  0  0  0  0 0 0  0  0  0  0  0  0   0     0
119   119 0 0 0 0  0  0  0  0 0 0  0  0  0  0  0  0   0     0
120   120 0 0 0 0  0  0  0  0 0 0  0  0  0  0  0  0   0     0
121   121 0 0 0 0  0  0  0  0 0 0  0  0  0  0  0  0   0     0
122   122 0 0 0 0  0  0  0  0 0 0  0  0  0  0  0  0   0     0
123   123 0 0 0 0  0  0  0  0 0 0  0  0  0  0  0  0   0     0
124   124 0 0 0 0  0  0  0  0 0 0  0  0  0  0  0  0   0     0
125   125 0 0 0 0  0  0  0  0 0 0  0  0  0  0  0  0   0     0
126   126 0 0 0 0  0  0  0  0 0 0  0  0  0  0  0  0   0     0
127   127 0 0 0 0  0  0  0  0 0 0  0  0  0  0  0  0   0     0
128   128 0 0 0 0  0  0  0  0 0 0  0  0  0  0  0  0   0     0
129   129 0 0 0 0  0  0  0  0 0 0  0  0  0  0  0  0   0     0
130   130 0 0 0 0  0  0  0  0 0 0  0  0  0  0  0  0   0     0
131   131 0 0 0 0  0  0  0  0 0 0  0  0  0  0  0  0   0     0
132   132 0 0 0 0  0  0  0  0 0 0  0  0  0  0  0  0   0     0
133   133 0 0 0 0  0  0  0  0 0 0  0  0  0  0  0  0   0     0
134   134 0 0 0 0  0  0  0  0 0 0  0  0  0  0  0  0   0     0
135   135 0 0 0 0  0  0  0  0 0 0  0  0  0  0  0  0   0     0
136   136 0 0 0 0  0  0  0  0 0 0  0  0  0  0  0  0   0     0
137   137 0 0 0 0  0  0  0  0 0 0  0  0  0  0  0  0   0     0
138   138 0 0 0 0  0  0  0  0 0 0  0  0  0  0  0  0   0     0
139   139 0 0 0 0  0  0  0  0 0 0  0  0  0  0  0  0   0     0
140   140 0 0 0 0  0  0  0  0 0 0  0  0  0  0  0  0   0     0
141   141 0 0 0 0  0  0  0  0 0 0  0  0  0  0  0  0   0     0
142   142 0 0 0 0  0  0  0  0 0 0  0  0  0  0  0  0   0     0
143   143 0 0 0 0  0  0  0  0 0 0  0  0  0  0  0  0   0     0
144   144 0 0 0 0  0  0  0  0 0 0  0  0  0  0  0  0   0     0
145   145 0 0 0 0  0  0  0  0 0 0  0  0  0  0  0  0   0     0
146   146 0 0 0 0  0  0  0  0 0 0  0  0  0  0  0  0   0     0
147   147 0 0 0 0  0  0  0  0 0 0  0  0  0  0  0  0   0     0
148   148 0 0 0 0  0  0  0  0 0 0  0  0  0  0  0  0   0     0
149   149 0 0 0 0  0  0  0  0 0 0  0  0  0  0  0  0   0     0
150   150 0 0 0 0  0  0  0  0 0 0  0  0  0  0  0  0   0     0

$ALK.j
    longd 0 1 2     3      4      5      6     7     8     9    10    11    12    13 14 15    Sum Matad
1       1 0 0 0 0.000  0.000  0.000  0.000 0.000 0.000 0.000 0.000 0.000 0.000 0.000  0  0  0.000     0
2       2 0 0 0 0.000  0.000  0.000  0.000 0.000 0.000 0.000 0.000 0.000 0.000 0.000  0  0  0.000     0
3       3 0 0 0 0.000  0.000  0.000  0.000 0.000 0.000 0.000 0.000 0.000 0.000 0.000  0  0  0.000     0
4       4 0 0 0 0.000  0.000  0.000  0.000 0.000 0.000 0.000 0.000 0.000 0.000 0.000  0  0  0.000     0
5       5 0 0 0 0.000  0.000  0.000  0.000 0.000 0.000 0.000 0.000 0.000 0.000 0.000  0  0  0.000     0
6       6 0 0 0 0.000  0.000  0.000  0.000 0.000 0.000 0.000 0.000 0.000 0.000 0.000  0  0  0.000     0
7       7 0 0 0 0.000  0.000  0.000  0.000 0.000 0.000 0.000 0.000 0.000 0.000 0.000  0  0  0.000     0
8       8 0 0 0 0.000  0.000  0.000  0.000 0.000 0.000 0.000 0.000 0.000 0.000 0.000  0  0  0.000     0
9       9 0 0 0 0.000  0.000  0.000  0.000 0.000 0.000 0.000 0.000 0.000 0.000 0.000  0  0  0.000     0
10     10 0 0 0 0.000  0.000  0.000  0.000 0.000 0.000 0.000 0.000 0.000 0.000 0.000  0  0  0.000     0
11     11 0 0 0 0.000  0.000  0.000  0.000 0.000 0.000 0.000 0.000 0.000 0.000 0.000  0  0  0.000     0
12     12 0 0 0 0.000  0.000  0.000  0.000 0.000 0.000 0.000 0.000 0.000 0.000 0.000  0  0  0.000     0
13     13 0 0 0 0.000  0.000  0.000  0.000 0.000 0.000 0.000 0.000 0.000 0.000 0.000  0  0  0.000     0
14     14 0 0 0 0.000  0.000  0.000  0.000 0.000 0.000 0.000 0.000 0.000 0.000 0.000  0  0  0.000     0
15     15 0 0 0 0.000  0.000  0.000  0.000 0.000 0.000 0.000 0.000 0.000 0.000 0.000  0  0  0.000     0
16     16 0 0 0 0.000  0.000  0.000  0.000 0.000 0.000 0.000 0.000 0.000 0.000 0.000  0  0  0.000     0
17     17 0 0 0 0.000  0.000  0.000  0.000 0.000 0.000 0.000 0.000 0.000 0.000 0.000  0  0  0.000     0
18     18 0 0 0 0.000  0.000  0.000  0.000 0.000 0.000 0.000 0.000 0.000 0.000 0.000  0  0  0.000     0
19     19 0 0 0 0.000  0.000  0.000  0.000 0.000 0.000 0.000 0.000 0.000 0.000 0.000  0  0  0.000     0
20     20 0 0 0 0.000  0.000  0.000  0.000 0.000 0.000 0.000 0.000 0.000 0.000 0.000  0  0  0.000     0
21     21 0 0 0 0.000  0.000  0.000  0.000 0.000 0.000 0.000 0.000 0.000 0.000 0.000  0  0  0.000     0
22     22 0 0 0 0.000  0.000  0.000  0.000 0.000 0.000 0.000 0.000 0.000 0.000 0.000  0  0  0.000     0
23     23 0 0 0 0.000  0.000  0.000  0.000 0.000 0.000 0.000 0.000 0.000 0.000 0.000  0  0  0.000     0
24     24 0 0 0 0.000  0.000  0.000  0.000 0.000 0.000 0.000 0.000 0.000 0.000 0.000  0  0  0.000     0
25     25 0 0 0 0.000  0.000  0.000  0.000 0.000 0.000 0.000 0.000 0.000 0.000 0.000  0  0  0.000     0
26     26 0 0 0 0.000  0.000  0.000  0.000 0.000 0.000 0.000 0.000 0.000 0.000 0.000  0  0  0.000     0
27     27 0 0 0 0.000  0.000  0.000  0.000 0.000 0.000 0.000 0.000 0.000 0.000 0.000  0  0  0.000     0
28     28 0 0 0 0.000  0.000  0.000  0.000 0.000 0.000 0.000 0.000 0.000 0.000 0.000  0  0  0.000     0
29     29 0 0 0 0.000  0.000  0.000  0.000 0.000 0.000 0.000 0.000 0.000 0.000 0.000  0  0  0.000     0
30     30 0 0 0 0.000  0.000  0.000  0.000 0.000 0.000 0.000 0.000 0.000 0.000 0.000  0  0  0.000     0
31     31 0 0 0 0.000  0.000  0.000  0.000 0.000 0.000 0.000 0.000 0.000 0.000 0.000  0  0  0.000     0
32     32 0 0 0 0.000  0.000  0.000  0.000 0.000 0.000 0.000 0.000 0.000 0.000 0.000  0  0  0.000     0
33     33 0 0 0 0.000  0.000  0.000  0.000 0.000 0.000 0.000 0.000 0.000 0.000 0.000  0  0  0.000     0
34     34 0 0 0 0.001  0.000  0.000  0.000 0.000 0.000 0.000 0.000 0.000 0.000 0.000  0  0  0.001     0
35     35 0 0 0 0.003  0.000  0.000  0.000 0.000 0.000 0.000 0.000 0.000 0.000 0.000  0  0  0.003     0
36     36 0 0 0 0.007  0.000  0.000  0.000 0.000 0.000 0.000 0.000 0.000 0.000 0.000  0  0  0.007     0
37     37 0 0 0 0.015  0.001  0.000  0.000 0.000 0.000 0.000 0.000 0.000 0.000 0.000  0  0  0.017     0
38     38 0 0 0 0.032  0.004  0.000  0.000 0.000 0.000 0.000 0.000 0.000 0.000 0.000  0  0  0.036     0
39     39 0 0 0 0.063  0.011  0.001  0.000 0.000 0.000 0.000 0.000 0.000 0.000 0.000  0  0  0.075     1
40     40 0 0 0 0.120  0.028  0.002  0.000 0.001 0.000 0.000 0.000 0.000 0.000 0.000  0  0  0.151    14
41     41 0 0 0 0.214  0.069  0.005  0.001 0.001 0.000 0.000 0.000 0.000 0.000 0.000  0  0  0.290    28
42     42 0 0 0 0.363  0.160  0.013  0.002 0.002 0.000 0.000 0.000 0.000 0.000 0.000  0  0  0.539    44
43     43 0 0 0 0.581  0.345  0.032  0.003 0.004 0.000 0.000 0.000 0.000 0.000 0.000  0  0  0.965    79
44     44 0 0 0 0.880  0.704  0.074  0.007 0.007 0.000 0.000 0.000 0.000 0.000 0.000  0  0  1.672   117
45     45 0 0 0 1.263  1.350  0.165  0.015 0.012 0.000 0.000 0.000 0.000 0.000 0.000  0  0  2.805   139
46     46 0 0 0 1.714  2.439  0.349  0.030 0.020 0.000 0.000 0.000 0.000 0.000 0.000  0  0  4.553   129
47     47 0 0 0 2.203  4.149  0.702  0.058 0.033 0.000 0.000 0.000 0.000 0.000 0.000  0  0  7.145   131
48     48 0 0 0 2.679  6.646  1.342  0.107 0.054 0.000 0.000 0.000 0.000 0.000 0.000  0  0 10.828   131
49     49 0 0 0 3.084 10.024  2.435  0.192 0.086 0.000 0.000 0.000 0.000 0.000 0.000  0  0 15.820   146
50     50 0 0 0 3.359 14.236  4.196  0.334 0.133 0.000 0.000 0.000 0.000 0.000 0.000  0  0 22.259   199
51     51 0 0 0 3.463 19.038  6.869  0.561 0.203 0.000 0.000 0.000 0.000 0.000 0.000  0  0 30.135   220
52     52 0 0 0 3.379 23.972 10.681  0.912 0.303 0.000 0.000 0.000 0.000 0.000 0.000  0  0 39.247   335
53     53 0 0 0 3.121 28.422 15.777  1.432 0.442 0.001 0.000 0.000 0.000 0.000 0.000  0  0 49.194   397
54     54 0 0 0 2.727 31.731 22.136  2.174 0.629 0.001 0.000 0.000 0.000 0.000 0.000  0  0 59.398   501
55     55 0 0 0 2.256 33.357 29.500  3.193 0.876 0.002 0.000 0.000 0.000 0.000 0.000  0  0 69.183   522
56     56 0 0 0 1.766 33.018 37.345  4.533 1.192 0.003 0.000 0.000 0.000 0.000 0.000  0  0 77.857   540
57     57 0 0 0 1.309 30.775 44.905  6.223 1.586 0.005 0.000 0.000 0.000 0.000 0.000  0  0 84.803   610
58     58 0 0 0 0.918 27.009 51.290  8.260 2.064 0.008 0.000 0.000 0.000 0.000 0.000  0  0 89.549   570
59     59 0 0 0 0.609 22.319 55.646 10.602 2.625 0.013 0.000 0.000 0.000 0.000 0.000  0  0 91.814   558
60     60 0 0 0 0.383 17.367 57.346 13.157 3.265 0.020 0.000 0.000 0.000 0.000 0.000  0  0 91.537   634
61     61 0 0 0 0.227 12.725 56.135 15.787 3.969 0.030 0.000 0.000 0.000 0.000 0.000  0  0 88.874   615
62     62 0 0 0 0.128  8.779 52.196 18.317 4.717 0.044 0.000 0.000 0.000 0.000 0.000  0  0 84.182   557
63     63 0 0 0 0.068  5.703 46.101 20.549 5.482 0.063 0.000 0.000 0.000 0.000 0.000  0  0 77.966   494
64     64 0 0 0 0.034  3.488 38.676 22.290 6.227 0.089 0.000 0.000 0.000 0.000 0.000  0  0 70.806   459
65     65 0 0 0 0.016  2.009 30.821 23.378 6.917 0.124 0.000 0.000 0.000 0.000 0.000  0  0 63.265   465
66     66 0 0 0 0.007  1.090 23.330 23.708 7.510 0.167 0.000 0.000 0.000 0.000 0.000  0  0 55.813   336
67     67 0 0 0 0.003  0.556 16.775 23.247 7.973 0.222 0.000 0.000 0.000 0.000 0.000  0  0 48.776   335
68     68 0 0 0 0.001  0.268 11.457 22.041 8.274 0.288 0.000 0.000 0.000 0.000 0.000  0  0 42.329   292
69     69 0 0 0 0.000  0.121  7.432 20.206 8.395 0.366 0.000 0.000 0.000 0.000 0.000  0  0 36.522   283
70     70 0 0 0 0.000  0.052  4.580 17.911 8.328 0.457 0.000 0.000 0.000 0.000 0.000  0  0 31.328   278
71     71 0 0 0 0.000  0.021  2.681 15.351 8.076 0.559 0.000 0.000 0.000 0.000 0.000  0  0 26.688   210
72     72 0 0 0 0.000  0.008  1.491 12.721 7.657 0.669 0.000 0.000 0.000 0.000 0.000  0  0 22.547   186
73     73 0 0 0 0.000  0.003  0.787 10.194 7.098 0.785 0.000 0.000 0.000 0.000 0.000  0  0 18.868   171
74     74 0 0 0 0.000  0.001  0.395  7.898 6.432 0.903 0.000 0.001 0.001 0.001 0.000  0  0 15.631   117
75     75 0 0 0 0.000  0.000  0.188  5.917 5.698 1.018 0.000 0.002 0.002 0.002 0.000  0  0 12.826   104
76     76 0 0 0 0.000  0.000  0.085  4.286 4.936 1.124 0.000 0.004 0.004 0.003 0.000  0  0 10.440   108
77     77 0 0 0 0.000  0.000  0.037  3.002 4.179 1.216 0.000 0.008 0.006 0.004 0.000  0  0  8.452    83
78     78 0 0 0 0.000  0.000  0.015  2.033 3.460 1.289 0.000 0.015 0.011 0.007 0.000  0  0  6.830    64
79     79 0 0 0 0.000  0.000  0.006  1.331 2.800 1.339 0.002 0.027 0.018 0.012 0.000  0  0  5.535    54
80     80 0 0 0 0.000  0.000  0.002  0.843 2.216 1.363 0.009 0.046 0.030 0.018 0.001  0  0  4.528    74
81     81 0 0 0 0.000  0.000  0.001  0.516 1.714 1.360 0.036 0.076 0.047 0.028 0.001  0  0  3.780    58
82     82 0 0 0 0.000  0.000  0.000  0.305 1.296 1.329 0.118 0.122 0.072 0.042 0.003  0  0  3.286    72
83     83 0 0 0 0.000  0.000  0.000  0.175 0.959 1.273 0.318 0.185 0.106 0.060 0.005  0  0  3.080    66
84     84 0 0 0 0.000  0.000  0.000  0.097 0.693 1.194 0.719 0.270 0.150 0.086 0.008  0  0  3.216    52
85     85 0 0 0 0.000  0.000  0.000  0.052 0.490 1.098 1.353 0.377 0.207 0.118 0.013  0  0  3.708    67
86     86 0 0 0 0.000  0.000  0.000  0.027 0.338 0.990 2.127 0.504 0.275 0.159 0.021  0  0  4.441    50
87     87 0 0 0 0.000  0.000  0.000  0.013 0.229 0.874 2.790 0.645 0.353 0.209 0.032  0  0  5.146    58
88     88 0 0 0 0.000  0.000  0.000  0.006 0.151 0.756 3.054 0.791 0.439 0.268 0.047  0  0  5.513    45
89     89 0 0 0 0.000  0.000  0.000  0.003 0.097 0.641 2.790 0.929 0.528 0.335 0.067  0  0  5.391    49
90     90 0 0 0 0.000  0.000  0.000  0.001 0.061 0.532 2.127 1.045 0.615 0.409 0.090  0  0  4.881    71
91     91 0 0 0 0.000  0.000  0.000  0.001 0.038 0.433 1.353 1.125 0.691 0.487 0.117  0  0  4.245    49
92     92 0 0 0 0.000  0.000  0.000  0.000 0.023 0.346 0.719 1.161 0.752 0.565 0.145  0  0  3.710    57
93     93 0 0 0 0.000  0.000  0.000  0.000 0.014 0.270 0.318 1.147 0.791 0.639 0.174  0  0  3.352    37
94     94 0 0 0 0.000  0.000  0.000  0.000 0.008 0.207 0.118 1.084 0.804 0.705 0.200  0  0  3.126    33
95     95 0 0 0 0.000  0.000  0.000  0.000 0.004 0.155 0.036 0.982 0.791 0.759 0.221  0  0  2.949    38
96     96 0 0 0 0.000  0.000  0.000  0.000 0.002 0.114 0.009 0.852 0.752 0.797 0.235  0  0  2.762    35
97     97 0 0 0 0.000  0.000  0.000  0.000 0.001 0.082 0.002 0.708 0.691 0.817 0.239  0  0  2.541    27
98     98 0 0 0 0.000  0.000  0.000  0.000 0.001 0.058 0.000 0.563 0.615 0.816 0.235  0  0  2.287     9
99     99 0 0 0 0.000  0.000  0.000  0.000 0.000 0.040 0.000 0.429 0.528 0.795 0.221  0  0  2.014    13
100   100 0 0 0 0.000  0.000  0.000  0.000 0.000 0.027 0.000 0.313 0.439 0.756 0.200  0  0  1.735    16
101   101 0 0 0 0.000  0.000  0.000  0.000 0.000 0.018 0.000 0.219 0.353 0.701 0.174  0  0  1.465     4
102   102 0 0 0 0.000  0.000  0.000  0.000 0.000 0.012 0.000 0.146 0.275 0.633 0.145  0  0  1.211     4
103   103 0 0 0 0.000  0.000  0.000  0.000 0.000 0.008 0.000 0.094 0.207 0.559 0.117  0  0  0.983     6
104   104 0 0 0 0.000  0.000  0.000  0.000 0.000 0.005 0.000 0.058 0.150 0.481 0.090  0  0  0.783     3
105   105 0 0 0 0.000  0.000  0.000  0.000 0.000 0.003 0.000 0.034 0.106 0.403 0.067  0  0  0.612     6
106   106 0 0 0 0.000  0.000  0.000  0.000 0.000 0.002 0.000 0.019 0.072 0.330 0.047  0  0  0.470     3
107   107 0 0 0 0.000  0.000  0.000  0.000 0.000 0.001 0.000 0.010 0.047 0.263 0.032  0  0  0.354     3
108   108 0 0 0 0.000  0.000  0.000  0.000 0.000 0.001 0.000 0.005 0.030 0.205 0.021  0  0  0.262     2
109   109 0 0 0 0.000  0.000  0.000  0.000 0.000 0.000 0.000 0.003 0.018 0.156 0.013  0  0  0.191     4
110   110 0 0 0 0.000  0.000  0.000  0.000 0.000 0.000 0.000 0.001 0.011 0.115 0.008  0  0  0.136     1
111   111 0 0 0 0.000  0.000  0.000  0.000 0.000 0.000 0.000 0.001 0.006 0.083 0.005  0  0  0.095     0
112   112 0 0 0 0.000  0.000  0.000  0.000 0.000 0.000 0.000 0.000 0.004 0.059 0.003  1  0  1.065     2
113   113 0 0 0 0.000  0.000  0.000  0.000 0.000 0.000 0.000 0.000 0.002 0.040 0.001  0  0  0.044     0
114   114 0 0 0 0.000  0.000  0.000  0.000 0.000 0.000 0.000 0.000 0.001 0.027 0.001  0  0  0.029     0
115   115 0 0 0 0.000  0.000  0.000  0.000 0.000 0.000 0.000 0.000 0.000 0.018 0.000  0  0  0.019     0
116   116 0 0 0 0.000  0.000  0.000  0.000 0.000 0.000 0.000 0.000 0.000 0.011 0.000  0  0  0.012     0
117   117 0 0 0 0.000  0.000  0.000  0.000 0.000 0.000 0.000 0.000 0.000 0.007 0.000  0  0  0.007     0
118   118 0 0 0 0.000  0.000  0.000  0.000 0.000 0.000 0.000 0.000 0.000 0.004 0.000  0  0  0.004     0
119   119 0 0 0 0.000  0.000  0.000  0.000 0.000 0.000 0.000 0.000 0.000 0.003 0.000  0  0  0.003     0
120   120 0 0 0 0.000  0.000  0.000  0.000 0.000 0.000 0.000 0.000 0.000 0.001 0.000  0  0  0.001     0
121   121 0 0 0 0.000  0.000  0.000  0.000 0.000 0.000 0.000 0.000 0.000 0.001 0.000  0  0  0.001     0
122   122 0 0 0 0.000  0.000  0.000  0.000 0.000 0.000 0.000 0.000 0.000 0.000 0.000  0  0  0.000     0
123   123 0 0 0 0.000  0.000  0.000  0.000 0.000 0.000 0.000 0.000 0.000 0.000 0.000  0  0  0.000     0
124   124 0 0 0 0.000  0.000  0.000  0.000 0.000 0.000 0.000 0.000 0.000 0.000 0.000  0  0  0.000     0
125   125 0 0 0 0.000  0.000  0.000  0.000 0.000 0.000 0.000 0.000 0.000 0.000 0.000  0  0  0.000     0
126   126 0 0 0 0.000  0.000  0.000  0.000 0.000 0.000 0.000 0.000 0.000 0.000 0.000  0  0  0.000     0
127   127 0 0 0 0.000  0.000  0.000  0.000 0.000 0.000 0.000 0.000 0.000 0.000 0.000  0  0  0.000     0
128   128 0 0 0 0.000  0.000  0.000  0.000 0.000 0.000 0.000 0.000 0.000 0.000 0.000  0  0  0.000     0
129   129 0 0 0 0.000  0.000  0.000  0.000 0.000 0.000 0.000 0.000 0.000 0.000 0.000  0  0  0.000     0
130   130 0 0 0 0.000  0.000  0.000  0.000 0.000 0.000 0.000 0.000 0.000 0.000 0.000  0  0  0.000     0
131   131 0 0 0 0.000  0.000  0.000  0.000 0.000 0.000 0.000 0.000 0.000 0.000 0.000  0  0  0.000     0
132   132 0 0 0 0.000  0.000  0.000  0.000 0.000 0.000 0.000 0.000 0.000 0.000 0.000  0  0  0.000     0
133   133 0 0 0 0.000  0.000  0.000  0.000 0.000 0.000 0.000 0.000 0.000 0.000 0.000  0  0  0.000     0
134   134 0 0 0 0.000  0.000  0.000  0.000 0.000 0.000 0.000 0.000 0.000 0.000 0.000  0  0  0.000     0
135   135 0 0 0 0.000  0.000  0.000  0.000 0.000 0.000 0.000 0.000 0.000 0.000 0.000  0  0  0.000     0
136   136 0 0 0 0.000  0.000  0.000  0.000 0.000 0.000 0.000 0.000 0.000 0.000 0.000  0  0  0.000     0
137   137 0 0 0 0.000  0.000  0.000  0.000 0.000 0.000 0.000 0.000 0.000 0.000 0.000  0  0  0.000     0
138   138 0 0 0 0.000  0.000  0.000  0.000 0.000 0.000 0.000 0.000 0.000 0.000 0.000  0  0  0.000     0
139   139 0 0 0 0.000  0.000  0.000  0.000 0.000 0.000 0.000 0.000 0.000 0.000 0.000  0  0  0.000     0
140   140 0 0 0 0.000  0.000  0.000  0.000 0.000 0.000 0.000 0.000 0.000 0.000 0.000  0  0  0.000     0
141   141 0 0 0 0.000  0.000  0.000  0.000 0.000 0.000 0.000 0.000 0.000 0.000 0.000  0  0  0.000     0
142   142 0 0 0 0.000  0.000  0.000  0.000 0.000 0.000 0.000 0.000 0.000 0.000 0.000  0  0  0.000     0
143   143 0 0 0 0.000  0.000  0.000  0.000 0.000 0.000 0.000 0.000 0.000 0.000 0.000  0  0  0.000     0
144   144 0 0 0 0.000  0.000  0.000  0.000 0.000 0.000 0.000 0.000 0.000 0.000 0.000  0  0  0.000     0
145   145 0 0 0 0.000  0.000  0.000  0.000 0.000 0.000 0.000 0.000 0.000 0.000 0.000  0  0  0.000     0
146   146 0 0 0 0.000  0.000  0.000  0.000 0.000 0.000 0.000 0.000 0.000 0.000 0.000  0  0  0.000     0
147   147 0 0 0 0.000  0.000  0.000  0.000 0.000 0.000 0.000 0.000 0.000 0.000 0.000  0  0  0.000     0
148   148 0 0 0 0.000  0.000  0.000  0.000 0.000 0.000 0.000 0.000 0.000 0.000 0.000  0  0  0.000     0
149   149 0 0 0 0.000  0.000  0.000  0.000 0.000 0.000 0.000 0.000 0.000 0.000 0.000  0  0  0.000     0
150   150 0 0 0 0.000  0.000  0.000  0.000 0.000 0.000 0.000 0.000 0.000 0.000 0.000  0  0  0.000     0


 .... [TRUNCATED] 
>>>>>>>>>>>>>> 	 ALD-lykil 	 <<<<<<<<<<<<
 .... [TRUNCATED] 
$ALD
              0        1        2        3        4        5        6        7        8        9       10       11       12       13       14       15
1         0.000    0.000    0.000    0.000    0.000    0.000    0.000    0.000    0.000    0.000    0.000    0.000    0.000    0.000    0.000    0.000
2         0.000    0.000    0.000    0.000    0.000    0.000    0.000    0.000    0.000    0.000    0.000    0.000    0.000    0.000    0.000    0.000
3         0.000    0.000    0.000    0.000    0.000    0.000    0.000    0.000    0.000    0.000    0.000    0.000    0.000    0.000    0.000    0.000
4         0.000    0.000    0.000    0.000    0.000    0.000    0.000    0.000    0.000    0.000    0.000    0.000    0.000    0.000    0.000    0.000
5         0.000    0.000    0.000    0.000    0.000    0.000    0.000    0.000    0.000    0.000    0.000    0.000    0.000    0.000    0.000    0.000
6         0.000    0.000    0.000    0.000    0.000    0.000    0.000    0.000    0.000    0.000    0.000    0.000    0.000    0.000    0.000    0.000
7         0.000    0.000    0.000    0.000    0.000    0.000    0.000    0.000    0.000    0.000    0.000    0.000    0.000    0.000    0.000    0.000
8         0.000    0.000    0.000    0.000    0.000    0.000    0.000    0.000    0.000    0.000    0.000    0.000    0.000    0.000    0.000    0.000
9         0.000    0.000    0.000    0.000    0.000    0.000    0.000    0.000    0.000    0.000    0.000    0.000    0.000    0.000    0.000    0.000
10        0.000    0.000    0.000    0.000    0.000    0.000    0.000    0.000    0.000    0.000    0.000    0.000    0.000    0.000    0.000    0.000
11        0.000    0.000    0.000    0.000    0.000    0.000    0.000    0.000    0.000    0.000    0.000    0.000    0.000    0.000    0.000    0.000
12        0.000    0.000    0.000    0.000    0.000    0.000    0.000    0.000    0.000    0.000    0.000    0.000    0.000    0.000    0.000    0.000
13        0.000    0.000    0.000    0.000    0.000    0.000    0.000    0.000    0.000    0.000    0.000    0.000    0.000    0.000    0.000    0.000
14        0.000    0.000    0.000    0.000    0.000    0.000    0.000    0.000    0.000    0.000    0.000    0.000    0.000    0.000    0.000    0.000
15        0.000    0.000    0.000    0.000    0.000    0.000    0.000    0.000    0.000    0.000    0.000    0.000    0.000    0.000    0.000    0.000
16        0.000    0.000    0.000    0.000    0.000    0.000    0.000    0.000    0.000    0.000    0.000    0.000    0.000    0.000    0.000    0.000
17        0.000    0.000    0.000    0.000    0.000    0.000    0.000    0.000    0.000    0.000    0.000    0.000    0.000    0.000    0.000    0.000
18        0.000    0.000    0.000    0.000    0.000    0.000    0.000    0.000    0.000    0.000    0.000    0.000    0.000    0.000    0.000    0.000
19        0.000    0.000    0.000    0.000    0.000    0.000    0.000    0.000    0.000    0.000    0.000    0.000    0.000    0.000    0.000    0.000
20        0.000    0.000    0.000    0.000    0.000    0.000    0.000    0.000    0.000    0.000    0.000    0.000    0.000    0.000    0.000    0.000
21        0.000    0.000    0.000    0.000    0.000    0.000    0.000    0.000    0.000    0.000    0.000    0.000    0.000    0.000    0.000    0.000
22        0.000    0.000    0.000    0.000    0.000    0.000    0.000    0.000    0.000    0.000    0.000    0.000    0.000    0.000    0.000    0.000
23        0.000    0.000    0.000    0.000    0.000    0.000    0.000    0.000    0.000    0.000    0.000    0.000    0.000    0.000    0.000    0.000
24        0.000    0.000    0.000    0.000    0.000    0.000    0.000    0.000    0.000    0.000    0.000    0.000    0.000    0.000    0.000    0.000
25        0.000    0.000    0.000    0.000    0.000    0.000    0.000    0.000    0.000    0.000    0.000    0.000    0.000    0.000    0.000    0.000
26        0.000    0.000    0.000    0.000    0.000    0.000    0.000    0.000    0.000    0.000    0.000    0.000    0.000    0.000    0.000    0.000
27        0.000    0.000    0.000    0.000    0.000    0.000    0.000    0.000    0.000    0.000    0.000    0.000    0.000    0.000    0.000    0.000
28        0.000    0.000    0.000    0.000    0.000    0.000    0.000    0.000    0.000    0.000    0.000    0.000    0.000    0.000    0.000    0.000
29        0.000    0.000    0.000    0.000    0.000    0.000    0.000    0.000    0.000    0.000    0.000    0.000    0.000    0.000    0.000    0.000
30        0.000    0.000    0.000    0.000    0.000    0.000    0.000    0.000    0.000    0.000    0.000    0.000    0.000    0.000    0.000    0.000
31        0.000    0.000    0.000    0.000    0.000    0.000    0.000    0.000    0.000    0.000    0.000    0.000    0.000    0.000    0.000    0.000
32        0.000    0.000    0.000    0.000    0.000    0.000    0.000    0.000    0.000    0.000    0.000    0.000    0.000    0.000    0.000    0.000
33        0.000    0.000    0.000    0.000    0.000    0.000    0.000    0.000    0.000    0.000    0.000    0.000    0.000    0.000    0.000    0.000
34        0.000    0.000    0.000    0.000    0.000    0.000    0.000    0.000    0.000    0.000    0.000    0.000    0.000    0.000    0.000    0.000
35        0.000    0.000    0.000    0.000    0.000    0.000    0.000    0.000    0.000    0.000    0.000    0.000    0.000    0.000    0.000    0.000
36        0.000    0.000    0.000    0.000    0.000    0.000    0.000    0.000    0.000    0.000    0.000    0.000    0.000    0.000    0.000    0.000
37        0.000    0.000    0.000    0.000    0.000    0.000    0.000    0.000    0.000    0.000    0.000    0.000    0.000    0.000    0.000    0.000
38        0.000    0.000    0.000    0.000    0.000    0.000    0.000    0.000    0.000    0.000    0.000    0.000    0.000    0.000    0.000    0.000
39        0.000    0.000    0.000    0.000    0.000    0.000    0.000    0.000    0.000    0.000    0.000    0.000    0.000    0.000    0.000    0.000
40        0.000    0.000    0.000    0.000   14.000    0.000    0.000    0.000    0.000    0.000    0.000    0.000    0.000    0.000    0.000    0.000
41        0.000    0.000    0.000   28.000    0.000    0.000    0.000    0.000    0.000    0.000    0.000    0.000    0.000    0.000    0.000    0.000
42        0.000    0.000    0.000   44.000    0.000    0.000    0.000    0.000    0.000    0.000    0.000    0.000    0.000    0.000    0.000    0.000
43        0.000    0.000    0.000    0.000    0.000    0.000    0.000    0.000    0.000    0.000    0.000    0.000    0.000    0.000    0.000    0.000
44        0.000    0.000    0.000   78.000   39.000    0.000    0.000    0.000    0.000    0.000    0.000    0.000    0.000    0.000    0.000    0.000
45        0.000    0.000    0.000    0.000    0.000    0.000    0.000    0.000    0.000    0.000    0.000    0.000    0.000    0.000    0.000    0.000
46        0.000    0.000    0.000    0.000  129.000    0.000    0.000    0.000    0.000    0.000    0.000    0.000    0.000    0.000    0.000    0.000
47        0.000    0.000    0.000   43.667   65.500   21.833    0.000    0.000    0.000    0.000    0.000    0.000    0.000    0.000    0.000    0.000
48        0.000    0.000    0.000   40.308   70.538   20.154    0.000    0.000    0.000    0.000    0.000    0.000    0.000    0.000    0.000    0.000
49        0.000    0.000    0.000   53.091   53.091   39.818    0.000    0.000    0.000    0.000    0.000    0.000    0.000    0.000    0.000    0.000
50        0.000    0.000    0.000   12.438  161.688   24.875    0.000    0.000    0.000    0.000    0.000    0.000    0.000    0.000    0.000    0.000
51        0.000    0.000    0.000   27.500  165.000   27.500    0.000    0.000    0.000    0.000    0.000    0.000    0.000    0.000    0.000    0.000
52        0.000    0.000    0.000   25.769  206.154   85.897    8.590    8.590    0.000    0.000    0.000    0.000    0.000    0.000    0.000    0.000
53        0.000    0.000    0.000   27.379  246.414  109.517   13.690    0.000    0.000    0.000    0.000    0.000    0.000    0.000    0.000    0.000
54        0.000    0.000    0.000    7.591  334.000  144.227   15.182    0.000    0.000    0.000    0.000    0.000    0.000    0.000    0.000    0.000
55        0.000    0.000    0.000   35.753  207.370  235.973   35.753    7.151    0.000    0.000    0.000    0.000    0.000    0.000    0.000    0.000
56        0.000    0.000    0.000    6.923  235.385  283.846   13.846    0.000    0.000    0.000    0.000    0.000    0.000    0.000    0.000    0.000
57        0.000    0.000    0.000   22.317  208.293  327.317   29.756   22.317    0.000    0.000    0.000    0.000    0.000    0.000    0.000    0.000
58        0.000    0.000    0.000    7.125  142.500  342.000   64.125   14.250    0.000    0.000    0.000    0.000    0.000    0.000    0.000    0.000
59        0.000    0.000    0.000    0.000  140.757  341.838   60.324   15.081    0.000    0.000    0.000    0.000    0.000    0.000    0.000    0.000
60        0.000    0.000    0.000    0.000  102.023  429.954   87.448   14.575    0.000    0.000    0.000    0.000    0.000    0.000    0.000    0.000
61        0.000    0.000    0.000    0.000   57.062  405.773  120.464   25.361    6.340    0.000    0.000    0.000    0.000    0.000    0.000    0.000
62        0.000    0.000    0.000    0.000   26.843  375.807  127.506   26.843    0.000    0.000    0.000    0.000    0.000    0.000    0.000    0.000
63        0.000    0.000    0.000    0.000   20.873  257.437  187.859   27.831    0.000    0.000    0.000    0.000    0.000    0.000    0.000    0.000
64        0.000    0.000    0.000    0.000   37.623  255.836  120.393   45.148    0.000    0.000    0.000    0.000    0.000    0.000    0.000    0.000
65        0.000    0.000    0.000    0.000   28.182  197.273  176.136   63.409    0.000    0.000    0.000    0.000    0.000    0.000    0.000    0.000
66        0.000    0.000    0.000    0.000   24.000   88.000  152.000   64.000    8.000    0.000    0.000    0.000    0.000    0.000    0.000    0.000
67        0.000    0.000    0.000    0.000    6.321   75.849  176.981   75.849    0.000    0.000    0.000    0.000    0.000    0.000    0.000    0.000
68        0.000    0.000    0.000    0.000   13.273   92.909  119.455   66.364    0.000    0.000    0.000    0.000    0.000    0.000    0.000    0.000
69        0.000    0.000    0.000    0.000    0.000   70.750  153.292   58.958    0.000    0.000    0.000    0.000    0.000    0.000    0.000    0.000
70        0.000    0.000    0.000    0.000    0.000   55.600  139.000   83.400    0.000    0.000    0.000    0.000    0.000    0.000    0.000    0.000
71        0.000    0.000    0.000    0.000    0.000   19.091  124.091   66.818    0.000    0.000    0.000    0.000    0.000    0.000    0.000    0.000
72        0.000    0.000    0.000    0.000    0.000   25.364   84.545   59.182   16.909    0.000    0.000    0.000    0.000    0.000    0.000    0.000
73        0.000    0.000    0.000    0.000    0.000   19.000  114.000   38.000    0.000    0.000    0.000    0.000    0.000    0.000    0.000    0.000
74        0.000    0.000    0.000    0.000    0.000   13.000   39.000   65.000    0.000    0.000    0.000    0.000    0.000    0.000    0.000    0.000
75        0.000    0.000    0.000    0.000    0.000    0.000   69.333   34.667    0.000    0.000    0.000    0.000    0.000    0.000    0.000    0.000
76        0.000    0.000    0.000    0.000    0.000    0.000   54.000   27.000   27.000    0.000    0.000    0.000    0.000    0.000    0.000    0.000
77        0.000    0.000    0.000    0.000    0.000    0.000   41.500   41.500    0.000    0.000    0.000    0.000    0.000    0.000    0.000    0.000
78        0.000    0.000    0.000    0.000    0.000    0.000   16.000   32.000   16.000    0.000    0.000    0.000    0.000    0.000    0.000    0.000
79        0.000    0.000    0.000    0.000    0.000    0.000   18.000   36.000    0.000    0.000    0.000    0.000    0.000    0.000    0.000    0.000
80        0.000    0.000    0.000    0.000    0.000    0.000   37.000    0.000    0.000    0.000   37.000    0.000    0.000    0.000    0.000    0.000
81        0.000    0.000    0.000    0.000    0.000    0.000    9.667   29.000   19.333    0.000    0.000    0.000    0.000    0.000    0.000    0.000
82        0.000    0.000    0.000    0.000    0.000    0.000   10.286   30.857   30.857    0.000    0.000    0.000    0.000    0.000    0.000    0.000
83        0.000    0.000    0.000    0.000    0.000    0.000    0.000   33.000   22.000   11.000    0.000    0.000    0.000    0.000    0.000    0.000
84        0.000    0.000    0.000    0.000    0.000    0.000    0.000   52.000    0.000    0.000    0.000    0.000    0.000    0.000    0.000    0.000
85        0.000    0.000    0.000    0.000    0.000    0.000    0.000    8.375   41.875   16.750    0.000    0.000    0.000    0.000    0.000    0.000
86        0.000    0.000    0.000    0.000    0.000    0.000    0.000   12.500   25.000   12.500    0.000    0.000    0.000    0.000    0.000    0.000
87        0.000    0.000    0.000    0.000    0.000    0.000   14.500    0.000    0.000   43.500    0.000    0.000    0.000    0.000    0.000    0.000
88        0.000    0.000    0.000    0.000    0.000    0.000    0.000    0.000    0.000   36.000    0.000    9.000    0.000    0.000    0.000    0.000
89        0.000    0.000    0.000    0.000    0.000    0.000    0.000    0.000    8.167   16.333   24.500    0.000    0.000    0.000    0.000    0.000
90        0.000    0.000    0.000    0.000    0.000    0.000    0.000    0.000   17.750   35.500    0.000   17.750    0.000    0.000    0.000    0.000
91        0.000    0.000    0.000    0.000    0.000    0.000    0.000    0.000    0.000   14.000   14.000    7.000   14.000    0.000    0.000    0.000
92        0.000    0.000    0.000    0.000    0.000    0.000    0.000    0.000    0.000   11.400   11.400   11.400   11.400   11.400    0.000    0.000
93        0.000    0.000    0.000    0.000    0.000    0.000    0.000    0.000    0.000    0.000   14.800   22.200    0.000    0.000    0.000    0.000
94        0.000    0.000    0.000    0.000    0.000    0.000    0.000    0.000    0.000    0.000    0.000   16.500   16.500    0.000    0.000    0.000
95        0.000    0.000    0.000    0.000    0.000    0.000    0.000    0.000    0.000    0.000    7.600    7.600   22.800    0.000    0.000    0.000
96        0.000    0.000    0.000    0.000    0.000    0.000    0.000    0.000    0.000    0.000   17.500    8.750    8.750    0.000    0.000    0.000
97        0.000    0.000    0.000    0.000    0.000    0.000    0.000    0.000    0.000    0.000    0.000    0.000   18.000    9.000    0.000    0.000
98        0.000    0.000    0.000    0.000    0.000    0.000    0.000    0.000    0.000    0.000    9.000    0.000    0.000    0.000    0.000    0.000
99        0.000    0.000    0.000    0.000    0.000    0.000    0.000    0.000    0.000    0.000   13.000    0.000    0.000    0.000    0.000    0.000
100       0.000    0.000    0.000    0.000    0.000    0.000    0.000    0.000    0.000    0.000    0.000    0.000    0.000    0.000    0.000    0.000
101       0.000    0.000    0.000    0.000    0.000    0.000    0.000    0.000    0.000    0.000    0.000    0.000    0.000    0.000    0.000    0.000
102       0.000    0.000    0.000    0.000    0.000    0.000    0.000    0.000    0.000    0.000    0.000    0.000    0.000    4.000    0.000    0.000
103       0.000    0.000    0.000    0.000    0.000    0.000    0.000    0.000    0.000    0.000    0.000    0.000    0.000    0.000    0.000    0.000
104       0.000    0.000    0.000    0.000    0.000    0.000    0.000    0.000    0.000    0.000    0.000    0.000    0.000    0.000    0.000    0.000
105       0.000    0.000    0.000    0.000    0.000    0.000    0.000    0.000    0.000    0.000    0.000    0.000    0.000    0.000    0.000    0.000
106       0.000    0.000    0.000    0.000    0.000    0.000    0.000    0.000    0.000    0.000    0.000    0.000    0.000    0.000    0.000    0.000
107       0.000    0.000    0.000    0.000    0.000    0.000    0.000    0.000    0.000    0.000    0.000    0.000    3.000    0.000    0.000    0.000
108       0.000    0.000    0.000    0.000    0.000    0.000    0.000    0.000    0.000    0.000    0.000    0.000    2.000    0.000    0.000    0.000
109       0.000    0.000    0.000    0.000    0.000    0.000    0.000    0.000    0.000    0.000    0.000    2.000    2.000    0.000    0.000    0.000
110       0.000    0.000    0.000    0.000    0.000    0.000    0.000    0.000    0.000    0.000    0.000    0.000    0.000    0.000    0.000    0.000
111       0.000    0.000    0.000    0.000    0.000    0.000    0.000    0.000    0.000    0.000    0.000    0.000    0.000    0.000    0.000    0.000
112       0.000    0.000    0.000    0.000    0.000    0.000    0.000    0.000    0.000    0.000    0.000    0.000    0.000    0.000    2.000    0.000
113       0.000    0.000    0.000    0.000    0.000    0.000    0.000    0.000    0.000    0.000    0.000    0.000    0.000    0.000    0.000    0.000
114       0.000    0.000    0.000    0.000    0.000    0.000    0.000    0.000    0.000    0.000    0.000    0.000    0.000    0.000    0.000    0.000
115       0.000    0.000    0.000    0.000    0.000    0.000    0.000    0.000    0.000    0.000    0.000    0.000    0.000    0.000    0.000    0.000
116       0.000    0.000    0.000    0.000    0.000    0.000    0.000    0.000    0.000    0.000    0.000    0.000    0.000    0.000    0.000    0.000
117       0.000    0.000    0.000    0.000    0.000    0.000    0.000    0.000    0.000    0.000    0.000    0.000    0.000    0.000    0.000    0.000
118       0.000    0.000    0.000    0.000    0.000    0.000    0.000    0.000    0.000    0.000    0.000    0.000    0.000    0.000    0.000    0.000
119       0.000    0.000    0.000    0.000    0.000    0.000    0.000    0.000    0.000    0.000    0.000    0.000    0.000    0.000    0.000    0.000
120       0.000    0.000    0.000    0.000    0.000    0.000    0.000    0.000    0.000    0.000    0.000    0.000    0.000    0.000    0.000    0.000
121       0.000    0.000    0.000    0.000    0.000    0.000    0.000    0.000    0.000    0.000    0.000    0.000    0.000    0.000    0.000    0.000
122       0.000    0.000    0.000    0.000    0.000    0.000    0.000    0.000    0.000    0.000    0.000    0.000    0.000    0.000    0.000    0.000
123       0.000    0.000    0.000    0.000    0.000    0.000    0.000    0.000    0.000    0.000    0.000    0.000    0.000    0.000    0.000    0.000
124       0.000    0.000    0.000    0.000    0.000    0.000    0.000    0.000    0.000    0.000    0.000    0.000    0.000    0.000    0.000    0.000
125       0.000    0.000    0.000    0.000    0.000    0.000    0.000    0.000    0.000    0.000    0.000    0.000    0.000    0.000    0.000    0.000
126       0.000    0.000    0.000    0.000    0.000    0.000    0.000    0.000    0.000    0.000    0.000    0.000    0.000    0.000    0.000    0.000
127       0.000    0.000    0.000    0.000    0.000    0.000    0.000    0.000    0.000    0.000    0.000    0.000    0.000    0.000    0.000    0.000
128       0.000    0.000    0.000    0.000    0.000    0.000    0.000    0.000    0.000    0.000    0.000    0.000    0.000    0.000    0.000    0.000
129       0.000    0.000    0.000    0.000    0.000    0.000    0.000    0.000    0.000    0.000    0.000    0.000    0.000    0.000    0.000    0.000
130       0.000    0.000    0.000    0.000    0.000    0.000    0.000    0.000    0.000    0.000    0.000    0.000    0.000    0.000    0.000    0.000
131       0.000    0.000    0.000    0.000    0.000    0.000    0.000    0.000    0.000    0.000    0.000    0.000    0.000    0.000    0.000    0.000
132       0.000    0.000    0.000    0.000    0.000    0.000    0.000    0.000    0.000    0.000    0.000    0.000    0.000    0.000    0.000    0.000
133       0.000    0.000    0.000    0.000    0.000    0.000    0.000    0.000    0.000    0.000    0.000    0.000    0.000    0.000    0.000    0.000
134       0.000    0.000    0.000    0.000    0.000    0.000    0.000    0.000    0.000    0.000    0.000    0.000    0.000    0.000    0.000    0.000
135       0.000    0.000    0.000    0.000    0.000    0.000    0.000    0.000    0.000    0.000    0.000    0.000    0.000    0.000    0.000    0.000
136       0.000    0.000    0.000    0.000    0.000    0.000    0.000    0.000    0.000    0.000    0.000    0.000    0.000    0.000    0.000    0.000
137       0.000    0.000    0.000    0.000    0.000    0.000    0.000    0.000    0.000    0.000    0.000    0.000    0.000    0.000    0.000    0.000
138       0.000    0.000    0.000    0.000    0.000    0.000    0.000    0.000    0.000    0.000    0.000    0.000    0.000    0.000    0.000    0.000
139       0.000    0.000    0.000    0.000    0.000    0.000    0.000    0.000    0.000    0.000    0.000    0.000    0.000    0.000    0.000    0.000
140       0.000    0.000    0.000    0.000    0.000    0.000    0.000    0.000    0.000    0.000    0.000    0.000    0.000    0.000    0.000    0.000
141       0.000    0.000    0.000    0.000    0.000    0.000    0.000    0.000    0.000    0.000    0.000    0.000    0.000    0.000    0.000    0.000
142       0.000    0.000    0.000    0.000    0.000    0.000    0.000    0.000    0.000    0.000    0.000    0.000    0.000    0.000    0.000    0.000
143       0.000    0.000    0.000    0.000    0.000    0.000    0.000    0.000    0.000    0.000    0.000    0.000    0.000    0.000    0.000    0.000
144       0.000    0.000    0.000    0.000    0.000    0.000    0.000    0.000    0.000    0.000    0.000    0.000    0.000    0.000    0.000    0.000
145       0.000    0.000    0.000    0.000    0.000    0.000    0.000    0.000    0.000    0.000    0.000    0.000    0.000    0.000    0.000    0.000
146       0.000    0.000    0.000    0.000    0.000    0.000    0.000    0.000    0.000    0.000    0.000    0.000    0.000    0.000    0.000    0.000
147       0.000    0.000    0.000    0.000    0.000    0.000    0.000    0.000    0.000    0.000    0.000    0.000    0.000    0.000    0.000    0.000
148       0.000    0.000    0.000    0.000    0.000    0.000    0.000    0.000    0.000    0.000    0.000    0.000    0.000    0.000    0.000    0.000
149       0.000    0.000    0.000    0.000    0.000    0.000    0.000    0.000    0.000    0.000    0.000    0.000    0.000    0.000    0.000    0.000
150       0.000    0.000    0.000    0.000    0.000    0.000    0.000    0.000    0.000    0.000    0.000    0.000    0.000    0.000    0.000    0.000
Sum       0.000    0.000    0.000  459.861 2734.888 4386.439 2433.723 1185.025  239.231  196.983  148.800  102.200   98.450   24.400    2.000    0.000
mW        0.000    0.000    0.000    0.971    1.331    1.763    2.415    2.868    4.159    5.185    5.615    6.015    6.521    6.554   10.282    0.000
mL        0.000    0.000    0.000   48.399   54.234   59.953   66.839   70.868   81.055   88.010   90.068   92.646   95.302   95.542  112.000    0.000
pA        0.000    0.000    0.000    0.038    0.228    0.365    0.203    0.099    0.020    0.016    0.012    0.009    0.008    0.002    0.000    0.000
tot.mW 2113.228 2113.228 2113.228 2113.228 2113.228 2113.228 2113.228 2113.228 2113.228 2113.228 2113.228 2113.228 2113.228 2113.228 2113.228 2113.228
tot.mL   62.582   62.582   62.582   62.582   62.582   62.582   62.582   62.582   62.582   62.582   62.582   62.582   62.582   62.582   62.582   62.582
           Matad       Sum
1          0.000     0.000
2          0.000     0.000
3          0.000     0.000
4          0.000     0.000
5          0.000     0.000
6          0.000     0.000
7          0.000     0.000
8          0.000     0.000
9          0.000     0.000
10         0.000     0.000
11         0.000     0.000
12         0.000     0.000
13         0.000     0.000
14         0.000     0.000
15         0.000     0.000
16         0.000     0.000
17         0.000     0.000
18         0.000     0.000
19         0.000     0.000
20         0.000     0.000
21         0.000     0.000
22         0.000     0.000
23         0.000     0.000
24         0.000     0.000
25         0.000     0.000
26         0.000     0.000
27         0.000     0.000
28         0.000     0.000
29         0.000     0.000
30         0.000     0.000
31         0.000     0.000
32         0.000     0.000
33         0.000     0.000
34         0.000     0.000
35         0.000     0.000
36         0.000     0.000
37         0.000     0.000
38         0.000     0.000
39         1.000     0.000
40        14.000    14.000
41        28.000    28.000
42        44.000    44.000
43        79.000     0.000
44       117.000   117.000
45       139.000     0.000
46       129.000   129.000
47       131.000   131.000
48       131.000   131.000
49       146.000   146.000
50       199.000   199.000
51       220.000   220.000
52       335.000   335.000
53       397.000   397.000
54       501.000   501.000
55       522.000   522.000
56       540.000   540.000
57       610.000   610.000
58       570.000   570.000
59       558.000   558.000
60       634.000   634.000
61       615.000   615.000
62       557.000   557.000
63       494.000   494.000
64       459.000   459.000
65       465.000   465.000
66       336.000   336.000
67       335.000   335.000
68       292.000   292.000
69       283.000   283.000
70       278.000   278.000
71       210.000   210.000
72       186.000   186.000
73       171.000   171.000
74       117.000   117.000
75       104.000   104.000
76       108.000   108.000
77        83.000    83.000
78        64.000    64.000
79        54.000    54.000
80        74.000    74.000
81        58.000    58.000
82        72.000    72.000
83        66.000    66.000
84        52.000    52.000
85        67.000    67.000
86        50.000    50.000
87        58.000    58.000
88        45.000    45.000
89        49.000    49.000
90        71.000    71.000
91        49.000    49.000
92        57.000    57.000
93        37.000    37.000
94        33.000    33.000
95        38.000    38.000
96        35.000    35.000
97        27.000    27.000
98         9.000     9.000
99        13.000    13.000
100       16.000     0.000
101        4.000     0.000
102        4.000     4.000
103        6.000     0.000
104        3.000     0.000
105        6.000     0.000
106        3.000     0.000
107        3.000     3.000
108        2.000     2.000
109        4.000     4.000
110        1.000     0.000
111        0.000     0.000
112        2.000     2.000
113        0.000     0.000
114        0.000     0.000
115        0.000     0.000
116        0.000     0.000
117        0.000     0.000
118        0.000     0.000
119        0.000     0.000
120        0.000     0.000
121        0.000     0.000
122        0.000     0.000
123        0.000     0.000
124        0.000     0.000
125        0.000     0.000
126        0.000     0.000
127        0.000     0.000
128        0.000     0.000
129        0.000     0.000
130        0.000     0.000
131        0.000     0.000
132        0.000     0.000
133        0.000     0.000
134        0.000     0.000
135        0.000     0.000
136        0.000     0.000
137        0.000     0.000
138        0.000     0.000
139        0.000     0.000
140        0.000     0.000
141        0.000     0.000
142        0.000     0.000
143        0.000     0.000
144        0.000     0.000
145        0.000     0.000
146        0.000     0.000
147        0.000     0.000
148        0.000     0.000
149        0.000     0.000
150        0.000     0.000
Sum    12270.000 12012.000
mW         0.000     0.000
mL         0.000     0.000
pA         0.000     0.000
tot.mW  2113.228  2113.228
tot.mL    62.582    62.582

$ALD.j
              0        1        2        3        4        5        6        7        8        9       10       11       12       13       14       15
1         0.000    0.000    0.000    0.000    0.000    0.000    0.000    0.000    0.000    0.000    0.000    0.000    0.000    0.000    0.000    0.000
2         0.000    0.000    0.000    0.000    0.000    0.000    0.000    0.000    0.000    0.000    0.000    0.000    0.000    0.000    0.000    0.000
3         0.000    0.000    0.000    0.000    0.000    0.000    0.000    0.000    0.000    0.000    0.000    0.000    0.000    0.000    0.000    0.000
4         0.000    0.000    0.000    0.000    0.000    0.000    0.000    0.000    0.000    0.000    0.000    0.000    0.000    0.000    0.000    0.000
5         0.000    0.000    0.000    0.000    0.000    0.000    0.000    0.000    0.000    0.000    0.000    0.000    0.000    0.000    0.000    0.000
6         0.000    0.000    0.000    0.000    0.000    0.000    0.000    0.000    0.000    0.000    0.000    0.000    0.000    0.000    0.000    0.000
7         0.000    0.000    0.000    0.000    0.000    0.000    0.000    0.000    0.000    0.000    0.000    0.000    0.000    0.000    0.000    0.000
8         0.000    0.000    0.000    0.000    0.000    0.000    0.000    0.000    0.000    0.000    0.000    0.000    0.000    0.000    0.000    0.000
9         0.000    0.000    0.000    0.000    0.000    0.000    0.000    0.000    0.000    0.000    0.000    0.000    0.000    0.000    0.000    0.000
10        0.000    0.000    0.000    0.000    0.000    0.000    0.000    0.000    0.000    0.000    0.000    0.000    0.000    0.000    0.000    0.000
11        0.000    0.000    0.000    0.000    0.000    0.000    0.000    0.000    0.000    0.000    0.000    0.000    0.000    0.000    0.000    0.000
12        0.000    0.000    0.000    0.000    0.000    0.000    0.000    0.000    0.000    0.000    0.000    0.000    0.000    0.000    0.000    0.000
13        0.000    0.000    0.000    0.000    0.000    0.000    0.000    0.000    0.000    0.000    0.000    0.000    0.000    0.000    0.000    0.000
14        0.000    0.000    0.000    0.000    0.000    0.000    0.000    0.000    0.000    0.000    0.000    0.000    0.000    0.000    0.000    0.000
15        0.000    0.000    0.000    0.000    0.000    0.000    0.000    0.000    0.000    0.000    0.000    0.000    0.000    0.000    0.000    0.000
16        0.000    0.000    0.000    0.000    0.000    0.000    0.000    0.000    0.000    0.000    0.000    0.000    0.000    0.000    0.000    0.000
17        0.000    0.000    0.000    0.000    0.000    0.000    0.000    0.000    0.000    0.000    0.000    0.000    0.000    0.000    0.000    0.000
18        0.000    0.000    0.000    0.000    0.000    0.000    0.000    0.000    0.000    0.000    0.000    0.000    0.000    0.000    0.000    0.000
19        0.000    0.000    0.000    0.000    0.000    0.000    0.000    0.000    0.000    0.000    0.000    0.000    0.000    0.000    0.000    0.000
20        0.000    0.000    0.000    0.000    0.000    0.000    0.000    0.000    0.000    0.000    0.000    0.000    0.000    0.000    0.000    0.000
21        0.000    0.000    0.000    0.000    0.000    0.000    0.000    0.000    0.000    0.000    0.000    0.000    0.000    0.000    0.000    0.000
22        0.000    0.000    0.000    0.000    0.000    0.000    0.000    0.000    0.000    0.000    0.000    0.000    0.000    0.000    0.000    0.000
23        0.000    0.000    0.000    0.000    0.000    0.000    0.000    0.000    0.000    0.000    0.000    0.000    0.000    0.000    0.000    0.000
24        0.000    0.000    0.000    0.000    0.000    0.000    0.000    0.000    0.000    0.000    0.000    0.000    0.000    0.000    0.000    0.000
25        0.000    0.000    0.000    0.000    0.000    0.000    0.000    0.000    0.000    0.000    0.000    0.000    0.000    0.000    0.000    0.000
26        0.000    0.000    0.000    0.000    0.000    0.000    0.000    0.000    0.000    0.000    0.000    0.000    0.000    0.000    0.000    0.000
27        0.000    0.000    0.000    0.000    0.000    0.000    0.000    0.000    0.000    0.000    0.000    0.000    0.000    0.000    0.000    0.000
28        0.000    0.000    0.000    0.000    0.000    0.000    0.000    0.000    0.000    0.000    0.000    0.000    0.000    0.000    0.000    0.000
29        0.000    0.000    0.000    0.000    0.000    0.000    0.000    0.000    0.000    0.000    0.000    0.000    0.000    0.000    0.000    0.000
30        0.000    0.000    0.000    0.000    0.000    0.000    0.000    0.000    0.000    0.000    0.000    0.000    0.000    0.000    0.000    0.000
31        0.000    0.000    0.000    0.000    0.000    0.000    0.000    0.000    0.000    0.000    0.000    0.000    0.000    0.000    0.000    0.000
32        0.000    0.000    0.000    0.000    0.000    0.000    0.000    0.000    0.000    0.000    0.000    0.000    0.000    0.000    0.000    0.000
33        0.000    0.000    0.000    0.000    0.000    0.000    0.000    0.000    0.000    0.000    0.000    0.000    0.000    0.000    0.000    0.000
34        0.000    0.000    0.000    0.000    0.000    0.000    0.000    0.000    0.000    0.000    0.000    0.000    0.000    0.000    0.000    0.000
35        0.000    0.000    0.000    0.000    0.000    0.000    0.000    0.000    0.000    0.000    0.000    0.000    0.000    0.000    0.000    0.000
36        0.000    0.000    0.000    0.000    0.000    0.000    0.000    0.000    0.000    0.000    0.000    0.000    0.000    0.000    0.000    0.000
37        0.000    0.000    0.000    0.000    0.000    0.000    0.000    0.000    0.000    0.000    0.000    0.000    0.000    0.000    0.000    0.000
38        0.000    0.000    0.000    0.000    0.000    0.000    0.000    0.000    0.000    0.000    0.000    0.000    0.000    0.000    0.000    0.000
39        0.000    0.000    0.000    0.841    0.145    0.008    0.002    0.004    0.000    0.000    0.000    0.000    0.000    0.000    0.000    0.000
40        0.000    0.000    0.000   11.115    2.638    0.166    0.027    0.053    0.000    0.000    0.000    0.000    0.000    0.000    0.000    0.000
41        0.000    0.000    0.000   20.661    6.694    0.473    0.066    0.105    0.000    0.000    0.000    0.000    0.000    0.000    0.000    0.000
42        0.000    0.000    0.000   29.626   13.037    1.043    0.128    0.166    0.000    0.000    0.000    0.000    0.000    0.000    0.000    0.000
43        0.000    0.000    0.000   47.554   28.276    2.583    0.282    0.304    0.000    0.000    0.000    0.000    0.000    0.000    0.000    0.000
44        0.000    0.000    0.000   61.602   49.241    5.181    0.513    0.464    0.000    0.000    0.000    0.000    0.000    0.000    0.000    0.000
45        0.000    0.000    0.000   62.588   66.914    8.178    0.747    0.573    0.000    0.000    0.000    0.000    0.000    0.000    0.000    0.000
46        0.000    0.000    0.000   48.581   69.113    9.898    0.849    0.559    0.000    0.000    0.000    0.000    0.000    0.000    0.000    0.000
47        0.000    0.000    0.000   40.391   76.071   12.879    1.055    0.604    0.000    0.000    0.000    0.000    0.000    0.000    0.000    0.000
48        0.000    0.000    0.000   32.414   80.408   16.234    1.294    0.650    0.000    0.000    0.000    0.000    0.000    0.000    0.000    0.000
49        0.000    0.000    0.000   28.458   92.509   22.468    1.774    0.790    0.001    0.000    0.000    0.000    0.000    0.000    0.000    0.000
50        0.000    0.000    0.000   30.032  127.276   37.512    2.986    1.193    0.001    0.000    0.000    0.000    0.000    0.000    0.000    0.000
51        0.000    0.000    0.000   25.283  138.986   50.147    4.097    1.485    0.002    0.000    0.000    0.000    0.000    0.000    0.000    0.000
52        0.000    0.000    0.000   28.844  204.614   91.171    7.780    2.587    0.003    0.000    0.000    0.000    0.000    0.000    0.000    0.000
53        0.000    0.000    0.000   25.184  229.372  127.322   11.554    3.564    0.005    0.000    0.000    0.000    0.000    0.000    0.000    0.000
54        0.000    0.000    0.000   23.005  267.639  186.704   18.338    5.304    0.010    0.000    0.000    0.000    0.000    0.000    0.000    0.000
55        0.000    0.000    0.000   17.023  251.683  222.584   24.089    6.607    0.015    0.000    0.000    0.000    0.000    0.000    0.000    0.000
56        0.000    0.000    0.000   12.251  229.007  259.014   31.439    8.267    0.023    0.000    0.000    0.000    0.000    0.000    0.000    0.000
57        0.000    0.000    0.000    9.414  221.367  323.009   44.762   11.410    0.038    0.000    0.000    0.000    0.000    0.000    0.000    0.000
58        0.000    0.000    0.000    5.842  171.917  326.473   52.578   13.137    0.054    0.000    0.000    0.000    0.000    0.000    0.000    0.000
59        0.000    0.000    0.000    3.702  135.645  338.187   64.432   15.954    0.080    0.000    0.000    0.000    0.000    0.000    0.000    0.000
60        0.000    0.000    0.000    2.650  120.288  397.186   91.126   22.611    0.139    0.000    0.000    0.000    0.000    0.000    0.000    0.000
61        0.000    0.000    0.000    1.574   88.054  388.452  109.247   27.464    0.208    0.000    0.000    0.000    0.000    0.000    0.000    0.000
62        0.000    0.000    0.000    0.847   58.087  345.364  121.197   31.213    0.292    0.000    0.000    0.000    0.000    0.000    0.000    0.000
63        0.000    0.000    0.000    0.432   36.135  292.099  130.200   34.733    0.402    0.000    0.000    0.000    0.000    0.000    0.000    0.000
64        0.000    0.000    0.000    0.223   22.614  250.720  144.494   40.370    0.580    0.000    0.000    0.000    0.000    0.000    0.000    0.000
65        0.000    0.000    0.000    0.120   14.768  226.536  171.830   50.837    0.908    0.000    0.000    0.000    0.000    0.000    0.000    0.000
66        0.000    0.000    0.000    0.045    6.560  140.450  142.726   45.213    1.006    0.000    0.000    0.000    0.000    0.000    0.000    0.000
67        0.000    0.000    0.000    0.022    3.822  115.211  159.666   54.757    1.522    0.000    0.000    0.000    0.000    0.000    0.000    0.000
68        0.000    0.000    0.000    0.009    1.846   79.032  152.048   57.079    1.986    0.000    0.000    0.000    0.000    0.000    0.000    0.000
69        0.000    0.000    0.000    0.004    0.939   57.592  156.572   65.053    2.840    0.000    0.000    0.000    0.000    0.000    0.000    0.000
70        0.000    0.000    0.000    0.002    0.458   40.642  158.939   73.901    4.057    0.000    0.000    0.000    0.001    0.000    0.000    0.000
71        0.000    0.000    0.000    0.000    0.163   21.095  120.792   63.550    4.397    0.000    0.001    0.001    0.001    0.000    0.000    0.000
72        0.000    0.000    0.000    0.000    0.065   12.296  104.945   63.168    5.521    0.000    0.001    0.002    0.002    0.000    0.000    0.000
73        0.000    0.000    0.000    0.000    0.025    7.134   92.385   64.325    7.118    0.000    0.004    0.004    0.004    0.000    0.000    0.000
74        0.000    0.000    0.000    0.000    0.007    2.956   59.114   48.142    6.760    0.000    0.007    0.007    0.006    0.000    0.000    0.000
75        0.000    0.000    0.000    0.000    0.002    1.526   47.973   46.204    8.252    0.000    0.015    0.015    0.012    0.000    0.000    0.000
76        0.000    0.000    0.000    0.000    0.001    0.881   44.333   51.056   11.624    0.000    0.041    0.036    0.027    0.000    0.000    0.000
77        0.000    0.000    0.000    0.000    0.000    0.360   29.476   41.042   11.939    0.001    0.076    0.062    0.043    0.001    0.000    0.000
78        0.000    0.000    0.000    0.000    0.000    0.140   19.047   32.421   12.078    0.003    0.137    0.103    0.068    0.002    0.000    0.000
79        0.000    0.000    0.000    0.000    0.000    0.057   12.985   27.319   13.063    0.020    0.259    0.180    0.114    0.004    0.000    0.000
80        0.000    0.000    0.000    0.000    0.000    0.035   13.772   36.211   22.276    0.153    0.752    0.490    0.299    0.012    0.000    0.000
81        0.000    0.000    0.000    0.000    0.000    0.011    7.916   26.304   20.864    0.558    1.173    0.724    0.428    0.022    0.000    0.000
82        0.000    0.000    0.000    0.000    0.000    0.005    6.690   28.404   29.116    2.581    2.662    1.572    0.911    0.058    0.000    0.000
83        0.000    0.000    0.000    0.000    0.000    0.002    3.745   20.538   27.270    6.824    3.965    2.262    1.294    0.102    0.000    0.000
84        0.000    0.000    0.000    0.000    0.000    0.000    1.564   11.202   19.311   11.619    4.362    2.428    1.383    0.132    0.000    0.000
85        0.000    0.000    0.000    0.000    0.000    0.000    0.935    8.848   19.846   24.454    6.807    3.732    2.135    0.243    0.000    0.000
86        0.000    0.000    0.000    0.000    0.000    0.000    0.301    3.809   11.143   23.949    5.672    3.093    1.793    0.240    0.000    0.000
87        0.000    0.000    0.000    0.000    0.000    0.000    0.151    2.576    9.850   31.446    7.272    3.982    2.359    0.365    0.000    0.000
88        0.000    0.000    0.000    0.000    0.000    0.000    0.053    1.232    6.171   24.925    6.457    3.586    2.189    0.387    0.000    0.000
89        0.000    0.000    0.000    0.000    0.000    0.000    0.028    0.886    5.826   25.358    8.446    4.804    3.049    0.605    0.000    0.000
90        0.000    0.000    0.000    0.000    0.000    0.000    0.020    0.895    7.745   30.941   15.201    8.941    5.951    1.307    0.000    0.000
91        0.000    0.000    0.000    0.000    0.000    0.000    0.007    0.438    5.003   15.621   12.991    7.979    5.617    1.345    0.000    0.000
92        0.000    0.000    0.000    0.000    0.000    0.000    0.004    0.352    5.312   11.042   17.836   11.550    8.675    2.231    0.000    0.000
93        0.000    0.000    0.000    0.000    0.000    0.000    0.001    0.149    2.982    3.515   12.655    8.726    7.053    1.919    0.000    0.000
94        0.000    0.000    0.000    0.000    0.000    0.000    0.000    0.082    2.184    1.243   11.448    8.486    7.445    2.111    0.000    0.000
95        0.000    0.000    0.000    0.000    0.000    0.000    0.000    0.057    2.001    0.468   12.657   10.186    9.784    2.847    0.000    0.000
96        0.000    0.000    0.000    0.000    0.000    0.000    0.000    0.031    1.447    0.119   10.798    9.526   10.106    2.973    0.000    0.000
97        0.000    0.000    0.000    0.000    0.000    0.000    0.000    0.014    0.874    0.021    7.522    7.345    8.680    2.544    0.000    0.000
98        0.000    0.000    0.000    0.000    0.000    0.000    0.000    0.003    0.229    0.001    2.215    2.418    3.211    0.923    0.000    0.000
99        0.000    0.000    0.000    0.000    0.000    0.000    0.000    0.002    0.259    0.000    2.769    3.411    5.132    1.426    0.000    0.000
100       0.000    0.000    0.000    0.000    0.000    0.000    0.000    0.002    0.251    0.000    2.885    4.051    6.968    1.843    0.000    0.000
101       0.000    0.000    0.000    0.000    0.000    0.000    0.000    0.000    0.049    0.000    0.597    0.965    1.914    0.475    0.000    0.000
102       0.000    0.000    0.000    0.000    0.000    0.000    0.000    0.000    0.039    0.000    0.483    0.907    2.092    0.479    0.000    0.000
103       0.000    0.000    0.000    0.000    0.000    0.000    0.000    0.000    0.046    0.000    0.572    1.261    3.410    0.711    0.000    0.000
104       0.000    0.000    0.000    0.000    0.000    0.000    0.000    0.000    0.018    0.000    0.220    0.575    1.842    0.344    0.000    0.000
105       0.000    0.000    0.000    0.000    0.000    0.000    0.000    0.000    0.028    0.000    0.331    1.035    3.953    0.652    0.000    0.000
106       0.000    0.000    0.000    0.000    0.000    0.000    0.000    0.000    0.011    0.000    0.121    0.458    2.107    0.302    0.000    0.000
107       0.000    0.000    0.000    0.000    0.000    0.000    0.000    0.000    0.009    0.000    0.087    0.400    2.231    0.274    0.000    0.000
108       0.000    0.000    0.000    0.000    0.000    0.000    0.000    0.000    0.004    0.000    0.040    0.229    1.564    0.162    0.000    0.000
109       0.000    0.000    0.000    0.000    0.000    0.000    0.000    0.000    0.007    0.000    0.055    0.387    3.269    0.282    0.000    0.000
110       0.000    0.000    0.000    0.000    0.000    0.000    0.000    0.000    0.001    0.000    0.009    0.081    0.849    0.060    0.000    0.000
111       0.000    0.000    0.000    0.000    0.000    0.000    0.000    0.000    0.000    0.000    0.000    0.000    0.000    0.000    0.000    0.000
112       0.000    0.000    0.000    0.000    0.000    0.000    0.000    0.000    0.000    0.000    0.000    0.007    0.110    0.005    1.878    0.000
113       0.000    0.000    0.000    0.000    0.000    0.000    0.000    0.000    0.000    0.000    0.000    0.000    0.000    0.000    0.000    0.000
114       0.000    0.000    0.000    0.000    0.000    0.000    0.000    0.000    0.000    0.000    0.000    0.000    0.000    0.000    0.000    0.000
115       0.000    0.000    0.000    0.000    0.000    0.000    0.000    0.000    0.000    0.000    0.000    0.000    0.000    0.000    0.000    0.000
116       0.000    0.000    0.000    0.000    0.000    0.000    0.000    0.000    0.000    0.000    0.000    0.000    0.000    0.000    0.000    0.000
117       0.000    0.000    0.000    0.000    0.000    0.000    0.000    0.000    0.000    0.000    0.000    0.000    0.000    0.000    0.000    0.000
118       0.000    0.000    0.000    0.000    0.000    0.000    0.000    0.000    0.000    0.000    0.000    0.000    0.000    0.000    0.000    0.000
119       0.000    0.000    0.000    0.000    0.000    0.000    0.000    0.000    0.000    0.000    0.000    0.000    0.000    0.000    0.000    0.000
120       0.000    0.000    0.000    0.000    0.000    0.000    0.000    0.000    0.000    0.000    0.000    0.000    0.000    0.000    0.000    0.000
121       0.000    0.000    0.000    0.000    0.000    0.000    0.000    0.000    0.000    0.000    0.000    0.000    0.000    0.000    0.000    0.000
122       0.000    0.000    0.000    0.000    0.000    0.000    0.000    0.000    0.000    0.000    0.000    0.000    0.000    0.000    0.000    0.000
123       0.000    0.000    0.000    0.000    0.000    0.000    0.000    0.000    0.000    0.000    0.000    0.000    0.000    0.000    0.000    0.000
124       0.000    0.000    0.000    0.000    0.000    0.000    0.000    0.000    0.000    0.000    0.000    0.000    0.000    0.000    0.000    0.000
125       0.000    0.000    0.000    0.000    0.000    0.000    0.000    0.000    0.000    0.000    0.000    0.000    0.000    0.000    0.000    0.000
126       0.000    0.000    0.000    0.000    0.000    0.000    0.000    0.000    0.000    0.000    0.000    0.000    0.000    0.000    0.000    0.000
127       0.000    0.000    0.000    0.000    0.000    0.000    0.000    0.000    0.000    0.000    0.000    0.000    0.000    0.000    0.000    0.000
128       0.000    0.000    0.000    0.000    0.000    0.000    0.000    0.000    0.000    0.000    0.000    0.000    0.000    0.000    0.000    0.000
129       0.000    0.000    0.000    0.000    0.000    0.000    0.000    0.000    0.000    0.000    0.000    0.000    0.000    0.000    0.000    0.000
130       0.000    0.000    0.000    0.000    0.000    0.000    0.000    0.000    0.000    0.000    0.000    0.000    0.000    0.000    0.000    0.000
131       0.000    0.000    0.000    0.000    0.000    0.000    0.000    0.000    0.000    0.000    0.000    0.000    0.000    0.000    0.000    0.000
132       0.000    0.000    0.000    0.000    0.000    0.000    0.000    0.000    0.000    0.000    0.000    0.000    0.000    0.000    0.000    0.000
133       0.000    0.000    0.000    0.000    0.000    0.000    0.000    0.000    0.000    0.000    0.000    0.000    0.000    0.000    0.000    0.000
134       0.000    0.000    0.000    0.000    0.000    0.000    0.000    0.000    0.000    0.000    0.000    0.000    0.000    0.000    0.000    0.000
135       0.000    0.000    0.000    0.000    0.000    0.000    0.000    0.000    0.000    0.000    0.000    0.000    0.000    0.000    0.000    0.000
136       0.000    0.000    0.000    0.000    0.000    0.000    0.000    0.000    0.000    0.000    0.000    0.000    0.000    0.000    0.000    0.000
137       0.000    0.000    0.000    0.000    0.000    0.000    0.000    0.000    0.000    0.000    0.000    0.000    0.000    0.000    0.000    0.000
138       0.000    0.000    0.000    0.000    0.000    0.000    0.000    0.000    0.000    0.000    0.000    0.000    0.000    0.000    0.000    0.000
139       0.000    0.000    0.000    0.000    0.000    0.000    0.000    0.000    0.000    0.000    0.000    0.000    0.000    0.000    0.000    0.000
140       0.000    0.000    0.000    0.000    0.000    0.000    0.000    0.000    0.000    0.000    0.000    0.000    0.000    0.000    0.000    0.000
141       0.000    0.000    0.000    0.000    0.000    0.000    0.000    0.000    0.000    0.000    0.000    0.000    0.000    0.000    0.000    0.000
142       0.000    0.000    0.000    0.000    0.000    0.000    0.000    0.000    0.000    0.000    0.000    0.000    0.000    0.000    0.000    0.000
143       0.000    0.000    0.000    0.000    0.000    0.000    0.000    0.000    0.000    0.000    0.000    0.000    0.000    0.000    0.000    0.000
144       0.000    0.000    0.000    0.000    0.000    0.000    0.000    0.000    0.000    0.000    0.000    0.000    0.000    0.000    0.000    0.000
145       0.000    0.000    0.000    0.000    0.000    0.000    0.000    0.000    0.000    0.000    0.000    0.000    0.000    0.000    0.000    0.000
146       0.000    0.000    0.000    0.000    0.000    0.000    0.000    0.000    0.000    0.000    0.000    0.000    0.000    0.000    0.000    0.000
147       0.000    0.000    0.000    0.000    0.000    0.000    0.000    0.000    0.000    0.000    0.000    0.000    0.000    0.000    0.000    0.000
148       0.000    0.000    0.000    0.000    0.000    0.000    0.000    0.000    0.000    0.000    0.000    0.000    0.000    0.000    0.000    0.000
149       0.000    0.000    0.000    0.000    0.000    0.000    0.000    0.000    0.000    0.000    0.000    0.000    0.000    0.000    0.000    0.000
150       0.000    0.000    0.000    0.000    0.000    0.000    0.000    0.000    0.000    0.000    0.000    0.000    0.000    0.000    0.000    0.000
Sum       0.000    0.000    0.000  570.335 2816.389 4421.015 2373.077 1156.269  295.098  214.861  159.605  116.005  118.080   27.388    1.878    0.000
mW        0.000    0.000    0.000    0.925    1.319    1.752    2.373    2.832    4.208    5.151    5.797    6.055    6.650    6.613   10.282    0.000
mL        0.000    0.000    0.000   47.554   54.042   59.809   66.451   70.599   81.520   87.806   91.306   92.690   95.767   94.733  112.000    0.000
pA        0.000    0.000    0.000    0.046    0.230    0.360    0.193    0.094    0.024    0.018    0.013    0.009    0.010    0.002    0.000    0.000
tot.mW 2107.192 2107.192 2107.192 2107.192 2107.192 2107.192 2107.192 2107.192 2107.192 2107.192 2107.192 2107.192 2107.192 2107.192 2107.192 2107.192
tot.mL   62.381   62.381   62.381   62.381   62.381   62.381   62.381   62.381   62.381   62.381   62.381   62.381   62.381   62.381   62.381   62.381
           Matad       Sum
1          0.000     0.000
2          0.000     0.000
3          0.000     0.000
4          0.000     0.000
5          0.000     0.000
6          0.000     0.000
7          0.000     0.000
8          0.000     0.000
9          0.000     0.000
10         0.000     0.000
11         0.000     0.000
12         0.000     0.000
13         0.000     0.000
14         0.000     0.000
15         0.000     0.000
16         0.000     0.000
17         0.000     0.000
18         0.000     0.000
19         0.000     0.000
20         0.000     0.000
21         0.000     0.000
22         0.000     0.000
23         0.000     0.000
24         0.000     0.000
25         0.000     0.000
26         0.000     0.000
27         0.000     0.000
28         0.000     0.000
29         0.000     0.000
30         0.000     0.000
31         0.000     0.000
32         0.000     0.000
33         0.000     0.000
34         0.000     0.000
35         0.000     0.000
36         0.000     0.000
37         0.000     0.000
38         0.000     0.000
39         1.000     1.000
40        14.000    14.000
41        28.000    28.000
42        44.000    44.000
43        79.000    79.000
44       117.000   117.000
45       139.000   139.000
46       129.000   129.000
47       131.000   131.000
48       131.000   131.000
49       146.000   146.000
50       199.000   199.000
51       220.000   220.000
52       335.000   335.000
53       397.000   397.000
54       501.000   501.000
55       522.000   522.000
56       540.000   540.000
57       610.000   610.000
58       570.000   570.000
59       558.000   558.000
60       634.000   634.000
61       615.000   615.000
62       557.000   557.000
63       494.000   494.000
64       459.000   459.000
65       465.000   465.000
66       336.000   336.000
67       335.000   335.000
68       292.000   292.000
69       283.000   283.000
70       278.000   278.000
71       210.000   210.000
72       186.000   186.000
73       171.000   171.000
74       117.000   117.000
75       104.000   104.000
76       108.000   108.000
77        83.000    83.000
78        64.000    64.000
79        54.000    54.000
80        74.000    74.000
81        58.000    58.000
82        72.000    72.000
83        66.000    66.000
84        52.000    52.000
85        67.000    67.000
86        50.000    50.000
87        58.000    58.000
88        45.000    45.000
89        49.000    49.000
90        71.000    71.000
91        49.000    49.000
92        57.000    57.000
93        37.000    37.000
94        33.000    33.000
95        38.000    38.000
96        35.000    35.000
97        27.000    27.000
98         9.000     9.000
99        13.000    13.000
100       16.000    16.000
101        4.000     4.000
102        4.000     4.000
103        6.000     6.000
104        3.000     3.000
105        6.000     6.000
106        3.000     3.000
107        3.000     3.000
108        2.000     2.000
109        4.000     4.000
110        1.000     1.000
111        0.000     0.000
112        2.000     2.000
113        0.000     0.000
114        0.000     0.000
115        0.000     0.000
116        0.000     0.000
117        0.000     0.000
118        0.000     0.000
119        0.000     0.000
120        0.000     0.000
121        0.000     0.000
122        0.000     0.000
123        0.000     0.000
124        0.000     0.000
125        0.000     0.000
126        0.000     0.000
127        0.000     0.000
128        0.000     0.000
129        0.000     0.000
130        0.000     0.000
131        0.000     0.000
132        0.000     0.000
133        0.000     0.000
134        0.000     0.000
135        0.000     0.000
136        0.000     0.000
137        0.000     0.000
138        0.000     0.000
139        0.000     0.000
140        0.000     0.000
141        0.000     0.000
142        0.000     0.000
143        0.000     0.000
144        0.000     0.000
145        0.000     0.000
146        0.000     0.000
147        0.000     0.000
148        0.000     0.000
149        0.000     0.000
150        0.000     0.000
Sum    12270.000 12270.000
mW         0.000     0.000
mL         0.000     0.000
pA         0.000     0.000
tot.mW  2107.192  2107.192
tot.mL    62.381    62.381


 .... [TRUNCATED] 
>>>>>>>>>>>>>>>>>>>>>>>>>>>>>>>>>>>>>>>>>>>>>>>>>>>>>>>>>>>>>> 
 > Dato                :  Tue Dec  9 10:46:52 2014 
 > Slag                :  UP 
 > ?r                  :  2014 
 > Ti?arskei?          :  JAN-JUN 
 > Skipab?lk/-ar       :  19 20 21 
 > Skipab?lk/-ar (l?n) :  0 
 > ICES-?ki            :  VB1 
 <<<<<<<<<<<<<<<<<<<<<<<<<<<<<<<<<<<<<<<<<<<<<<<<<<<<<<<<<<<<<< 

$URSLITID
   aldur tal_matad tal_fiskad midal_longd midal_vekt roknad_veida
0      0         0          0        0.00      0.000            0
1      1         0          0        0.00      0.000            0
2      2         0          0        0.00      0.000            0
3      3       460       1006       48.40      0.971          977
4      4      2735       5986       54.23      1.331         7965
5      5      4386       9600       59.95      1.763        16924
6      6      2434       5326       66.84      2.415        12862
7      7      1185       2594       70.87      2.868         7439
8      8       239        524       81.06      4.159         2178
9      9       197        431       88.01      5.185         2235
10    10       149        326       90.07      5.615         1828
11    11       102        224       92.65      6.015         1345
12    12        98        215       95.30      6.521         1405
13    13        24         53       95.54      6.554          350
14    14         2          4      112.00     10.282           45
15    15         0          0        0.00      0.000            0
17   Sum     12011      26289       62.58      2.113        55553

$URSLITID.j
   aldur tal_matad tal_fiskad midal_longd midal_vekt roknad_veida
0      0         0          0        0.00      0.000            0
1      1         0          0        0.00      0.000            0
2      2         0          0        0.00      0.000            0
3      3       570       1225       47.55      0.925         1134
4      4      2816       6052       54.04      1.319         7984
5      5      4421       9499       59.81      1.752        16643
6      6      2373       5099       66.45      2.373        12098
7      7      1156       2484       70.60      2.832         7035
8      8       295        634       81.52      4.208         2668
9      9       215        462       87.81      5.151         2378
10    10       160        343       91.31      5.797         1988
11    11       116        249       92.69      6.055         1509
12    12       118        254       95.77      6.650         1687
13    13        27         59       94.73      6.613          389
14    14         2          4      112.00     10.282           41
15    15         0          0        0.00      0.000            0
17   Sum     12269      26364       62.38      2.107        55554


 .... [TRUNCATED] 
