
 .... [TRUNCATED] 
<<<<<<<<<<<<<<<<<<<<<<<<<<<<<<<<<<<<<<<<<<<<<<<<<<<<<<<<<<<<<<<<<<<<<<<< 
 > Dato                                      :  Tue Dec  9 10:47:14 2014 
 > Slag                                      :  UP 
 > Ár                                        :  2014 
 > Skipabólk/-ar                             :  19 20 21 
 > Byrjanar og enda mánaŵ fyri ALK/ALD       :  JUL-DEC 
 > Skipabólk/-ar, sum longdir eru lántar frá :  0 
 > Skipabólk/-ar, sum vektir eru lántar frá  :  0 
 > Skipabólk/-ar, sum aldrar eru lántar frá  :  0 
 > ICES-øki                                  :  VB1 
 <<<<<<<<<<<<<<<<<<<<<<<<<<<<<<<<<<<<<<<<<<<<<<<<<<<<<<<<<<<<<<<<<<<<<<<<
 .... [TRUNCATED] 
>>>>>>>>>>>>>>>>>>>>>>>>>>>>>>>>>>>>> 
> Alpha	 = 0.00835893
> Beta	 = 2.993913
> R^2	 = 0.9790289
> N	 = 1454
> Veida (kg.)	  = 55555
> Rundveida (kg.) = 61666.05
<<<<<<<<<<<<<<<<<<<<<<<<<<<<<<<<<<<<<
 .... [TRUNCATED] 
>>>>>>>>>>>>>> 	 ALK-lykil 	 <<<<<<<<<<<<
 .... [TRUNCATED] 
$ALK
    longd 0 1 2 3 4  5 6 7 8 9 10 11 12 13 14 15 Sum Matad
1       1 0 0 0 0 0  0 0 0 0 0  0  0  0  0  0  0   0     0
2       2 0 0 0 0 0  0 0 0 0 0  0  0  0  0  0  0   0     0
3       3 0 0 0 0 0  0 0 0 0 0  0  0  0  0  0  0   0     0
4       4 0 0 0 0 0  0 0 0 0 0  0  0  0  0  0  0   0     0
5       5 0 0 0 0 0  0 0 0 0 0  0  0  0  0  0  0   0     0
6       6 0 0 0 0 0  0 0 0 0 0  0  0  0  0  0  0   0     0
7       7 0 0 0 0 0  0 0 0 0 0  0  0  0  0  0  0   0     0
8       8 0 0 0 0 0  0 0 0 0 0  0  0  0  0  0  0   0     0
9       9 0 0 0 0 0  0 0 0 0 0  0  0  0  0  0  0   0     0
10     10 0 0 0 0 0  0 0 0 0 0  0  0  0  0  0  0   0     0
11     11 0 0 0 0 0  0 0 0 0 0  0  0  0  0  0  0   0     0
12     12 0 0 0 0 0  0 0 0 0 0  0  0  0  0  0  0   0     0
13     13 0 0 0 0 0  0 0 0 0 0  0  0  0  0  0  0   0     0
14     14 0 0 0 0 0  0 0 0 0 0  0  0  0  0  0  0   0     0
15     15 0 0 0 0 0  0 0 0 0 0  0  0  0  0  0  0   0     0
16     16 0 0 0 0 0  0 0 0 0 0  0  0  0  0  0  0   0     0
17     17 0 0 0 0 0  0 0 0 0 0  0  0  0  0  0  0   0     0
18     18 0 0 0 0 0  0 0 0 0 0  0  0  0  0  0  0   0     0
19     19 0 0 0 0 0  0 0 0 0 0  0  0  0  0  0  0   0     0
20     20 0 0 0 0 0  0 0 0 0 0  0  0  0  0  0  0   0     0
21     21 0 0 0 0 0  0 0 0 0 0  0  0  0  0  0  0   0     0
22     22 0 0 0 0 0  0 0 0 0 0  0  0  0  0  0  0   0     0
23     23 0 0 0 0 0  0 0 0 0 0  0  0  0  0  0  0   0     0
24     24 0 0 0 0 0  0 0 0 0 0  0  0  0  0  0  0   0     0
25     25 0 0 0 0 0  0 0 0 0 0  0  0  0  0  0  0   0     0
26     26 0 0 0 0 0  0 0 0 0 0  0  0  0  0  0  0   0     0
27     27 0 0 0 0 0  0 0 0 0 0  0  0  0  0  0  0   0     0
28     28 0 0 0 0 0  0 0 0 0 0  0  0  0  0  0  0   0     0
29     29 0 0 0 0 0  0 0 0 0 0  0  0  0  0  0  0   0     0
30     30 0 0 0 0 0  0 0 0 0 0  0  0  0  0  0  0   0     0
31     31 0 0 0 0 0  0 0 0 0 0  0  0  0  0  0  0   0     0
32     32 0 0 0 0 0  0 0 0 0 0  0  0  0  0  0  0   0     0
33     33 0 0 0 0 0  0 0 0 0 0  0  0  0  0  0  0   0     0
34     34 0 0 0 0 0  0 0 0 0 0  0  0  0  0  0  0   0     0
35     35 0 0 0 0 0  0 0 0 0 0  0  0  0  0  0  0   0     0
36     36 0 0 0 0 0  0 0 0 0 0  0  0  0  0  0  0   0     0
37     37 0 0 0 0 0  0 0 0 0 0  0  0  0  0  0  0   0     0
38     38 0 0 0 0 0  0 0 0 0 0  0  0  0  0  0  0   0     0
39     39 0 0 0 0 0  0 0 0 0 0  0  0  0  0  0  0   0     0
40     40 0 0 0 0 0  0 0 0 0 0  0  0  0  0  0  0   0     0
41     41 0 0 0 0 0  0 0 0 0 0  0  0  0  0  0  0   0     4
42     42 0 0 0 0 0  0 0 0 0 0  0  0  0  0  0  0   0     1
43     43 0 0 0 0 0  0 0 0 0 0  0  0  0  0  0  0   0     4
44     44 0 0 0 0 0  0 0 0 0 0  0  0  0  0  0  0   0     3
45     45 0 0 0 0 0  0 0 0 0 0  0  0  0  0  0  0   0     8
46     46 0 0 0 0 0  0 0 0 0 0  0  0  0  0  0  0   0    22
47     47 0 0 0 0 0  0 0 0 0 0  0  0  0  0  0  0   0    40
48     48 0 0 0 0 0  0 0 0 0 0  0  0  0  0  0  0   0    45
49     49 0 0 0 0 1  0 0 0 0 0  0  0  0  0  0  0   1    49
50     50 0 0 0 0 0  1 0 0 0 0  0  0  0  0  0  0   1    75
51     51 0 0 0 0 2  1 0 0 0 0  0  0  0  0  0  0   3    98
52     52 0 0 0 0 1  1 0 0 0 0  0  0  0  0  0  0   2    87
53     53 0 0 0 0 2  3 1 0 0 0  0  0  0  0  0  0   6   109
54     54 0 0 0 0 2  3 0 0 0 0  0  0  0  0  0  0   5   103
55     55 0 0 0 0 1  2 0 0 0 0  0  0  0  0  0  0   3   129
56     56 0 0 0 0 2  1 2 0 0 0  0  0  0  0  0  0   5   102
57     57 0 0 0 0 4  5 1 0 0 0  0  0  0  0  0  0  10   160
58     58 0 0 0 0 4 10 3 1 0 0  0  0  0  0  0  0  18   158
59     59 0 0 0 0 3  5 4 0 0 0  0  0  0  0  0  0  12   138
60     60 0 0 0 0 4 16 1 1 0 0  0  0  0  0  0  0  22   169
61     61 0 0 0 0 3 13 2 1 0 0  0  0  0  0  0  0  19   184
62     62 0 0 0 0 0  9 3 0 0 0  0  0  0  0  0  0  12   187
63     63 0 0 0 0 2 13 3 2 0 0  0  0  0  0  0  0  20   191
64     64 0 0 0 0 0 16 2 0 0 0  0  0  0  0  0  0  18   168
65     65 0 0 0 0 0 10 5 2 0 0  0  0  0  0  0  0  17   180
66     66 0 0 0 0 1  4 9 1 0 0  0  0  0  0  0  0  15   157
67     67 0 0 0 0 0  8 5 0 0 0  0  0  0  0  0  0  13   129
68     68 0 0 0 0 0  3 1 0 0 0  0  0  0  0  0  0   4   130
69     69 0 0 0 0 0  6 2 1 0 0  0  0  0  0  0  0   9   110
70     70 0 0 0 0 0  1 1 2 0 0  0  0  0  0  0  0   4   117
71     71 0 0 0 0 0  1 0 1 1 0  0  0  0  0  0  0   3    90
72     72 0 0 0 0 0  0 3 2 0 0  0  0  0  0  0  0   5    84
73     73 0 0 0 0 0  0 1 1 0 0  0  0  0  0  0  0   2    81
74     74 0 0 0 0 0  0 4 1 0 0  0  0  0  0  0  0   5    58
75     75 0 0 0 0 0  0 0 1 0 0  0  0  0  0  0  0   1    44
76     76 0 0 0 0 0  0 0 0 0 0  0  0  0  0  0  0   0    37
77     77 0 0 0 0 0  0 0 1 0 0  0  0  0  0  0  0   1    26
78     78 0 0 0 0 0  0 0 0 0 0  0  0  0  0  0  0   0    32
79     79 0 0 0 0 0  0 0 1 0 0  0  0  0  0  0  0   1    13
80     80 0 0 0 0 0  0 0 0 0 0  0  0  0  0  0  0   0    19
81     81 0 0 0 0 0  0 0 0 0 0  0  0  0  0  0  0   0    16
82     82 0 0 0 0 0  0 0 0 0 0  0  0  0  0  0  0   0    17
83     83 0 0 0 0 0  0 0 0 0 0  0  0  0  0  0  0   0    14
84     84 0 0 0 0 0  0 0 0 0 0  0  0  0  0  0  0   0    19
85     85 0 0 0 0 0  0 0 0 0 0  0  0  0  0  0  0   0    12
86     86 0 0 0 0 0  0 0 0 0 0  0  0  0  0  0  0   0    12
87     87 0 0 0 0 0  0 0 0 0 0  0  0  0  0  0  0   0    27
88     88 0 0 0 0 0  0 0 0 0 1  0  0  0  0  0  0   1    15
89     89 0 0 0 0 0  0 0 0 0 0  0  0  0  0  0  0   0    19
90     90 0 0 0 0 0  0 0 0 0 0  0  0  0  0  0  0   0    20
91     91 0 0 0 0 0  0 0 0 0 0  0  1  0  0  0  0   1    22
92     92 0 0 0 0 0  0 0 0 0 0  0  0  0  0  0  0   0    28
93     93 0 0 0 0 0  0 0 0 0 0  0  0  0  0  0  0   0    30
94     94 0 0 0 0 0  0 0 0 0 0  0  0  0  0  0  0   0    22
95     95 0 0 0 0 0  0 0 0 0 0  0  0  0  0  0  0   0    27
96     96 0 0 0 0 0  0 0 0 0 0  0  0  0  0  0  0   0     9
97     97 0 0 0 0 0  0 0 0 0 0  0  0  0  0  0  0   0    13
98     98 0 0 0 0 0  0 0 0 0 0  0  0  0  0  0  0   0     6
99     99 0 0 0 0 0  0 0 0 0 0  0  0  0  0  0  0   0     8
100   100 0 0 0 0 0  0 0 0 0 0  0  0  0  0  0  0   0     5
101   101 0 0 0 0 0  0 0 0 0 0  0  0  0  0  0  0   0     2
102   102 0 0 0 0 0  0 0 0 0 0  0  0  0  0  0  0   0     2
103   103 0 0 0 0 0  0 0 0 0 0  0  0  0  0  0  0   0     3
104   104 0 0 0 0 0  0 0 0 0 0  0  0  0  0  0  0   0     1
105   105 0 0 0 0 0  0 0 0 0 0  0  0  0  0  0  0   0     2
106   106 0 0 0 0 0  0 0 0 0 0  0  0  0  0  0  0   0     1
107   107 0 0 0 0 0  0 0 0 0 0  0  0  0  0  0  0   0     0
108   108 0 0 0 0 0  0 0 0 0 0  0  0  0  0  0  0   0     0
109   109 0 0 0 0 0  0 0 0 0 0  0  0  0  0  0  0   0     0
110   110 0 0 0 0 0  0 0 0 0 0  0  0  0  0  0  0   0     0
111   111 0 0 0 0 0  0 0 0 0 0  0  0  0  0  0  0   0     0
112   112 0 0 0 0 0  0 0 0 0 0  0  0  0  0  0  0   0     0
113   113 0 0 0 0 0  0 0 0 0 0  0  0  0  0  0  0   0     0
114   114 0 0 0 0 0  0 0 0 0 0  0  0  0  0  0  0   0     0
115   115 0 0 0 0 0  0 0 0 0 0  0  0  0  0  0  0   0     0
116   116 0 0 0 0 0  0 0 0 0 0  0  0  0  0  0  0   0     1
117   117 0 0 0 0 0  0 0 0 0 0  0  0  0  0  0  0   0     0
118   118 0 0 0 0 0  0 0 0 0 0  0  0  0  0  0  0   0     0
119   119 0 0 0 0 0  0 0 0 0 0  0  0  0  0  0  0   0     0
120   120 0 0 0 0 0  0 0 0 0 0  0  0  0  0  0  0   0     0
121   121 0 0 0 0 0  0 0 0 0 0  0  0  0  0  0  0   0     0
122   122 0 0 0 0 0  0 0 0 0 0  0  0  0  0  0  0   0     0
123   123 0 0 0 0 0  0 0 0 0 0  0  0  0  0  0  0   0     0
124   124 0 0 0 0 0  0 0 0 0 0  0  0  0  0  0  0   0     0
125   125 0 0 0 0 0  0 0 0 0 0  0  0  0  0  0  0   0     0
126   126 0 0 0 0 0  0 0 0 0 0  0  0  0  0  0  0   0     0
127   127 0 0 0 0 0  0 0 0 0 0  0  0  0  0  0  0   0     0
128   128 0 0 0 0 0  0 0 0 0 0  0  0  0  0  0  0   0     0
129   129 0 0 0 0 0  0 0 0 0 0  0  0  0  0  0  0   0     0
130   130 0 0 0 0 0  0 0 0 0 0  0  0  0  0  0  0   0     0
131   131 0 0 0 0 0  0 0 0 0 0  0  0  0  0  0  0   0     0
132   132 0 0 0 0 0  0 0 0 0 0  0  0  0  0  0  0   0     0
133   133 0 0 0 0 0  0 0 0 0 0  0  0  0  0  0  0   0     0
134   134 0 0 0 0 0  0 0 0 0 0  0  0  0  0  0  0   0     0
135   135 0 0 0 0 0  0 0 0 0 0  0  0  0  0  0  0   0     0
136   136 0 0 0 0 0  0 0 0 0 0  0  0  0  0  0  0   0     0
137   137 0 0 0 0 0  0 0 0 0 0  0  0  0  0  0  0   0     0
138   138 0 0 0 0 0  0 0 0 0 0  0  0  0  0  0  0   0     0
139   139 0 0 0 0 0  0 0 0 0 0  0  0  0  0  0  0   0     0
140   140 0 0 0 0 0  0 0 0 0 0  0  0  0  0  0  0   0     0
141   141 0 0 0 0 0  0 0 0 0 0  0  0  0  0  0  0   0     0
142   142 0 0 0 0 0  0 0 0 0 0  0  0  0  0  0  0   0     0
143   143 0 0 0 0 0  0 0 0 0 0  0  0  0  0  0  0   0     0
144   144 0 0 0 0 0  0 0 0 0 0  0  0  0  0  0  0   0     0
145   145 0 0 0 0 0  0 0 0 0 0  0  0  0  0  0  0   0     0
146   146 0 0 0 0 0  0 0 0 0 0  0  0  0  0  0  0   0     0
147   147 0 0 0 0 0  0 0 0 0 0  0  0  0  0  0  0   0     0
148   148 0 0 0 0 0  0 0 0 0 0  0  0  0  0  0  0   0     0
149   149 0 0 0 0 0  0 0 0 0 0  0  0  0  0  0  0   0     0
150   150 0 0 0 0 0  0 0 0 0 0  0  0  0  0  0  0   0     0

$ALK.j
    longd 0 1 2 3     4      5     6     7 8 9 10 11 12 13 14 15    Sum Matad
1       1 0 0 0 0 0.000  0.000 0.000 0.000 0 0  0  0  0  0  0  0  0.000     0
2       2 0 0 0 0 0.000  0.000 0.000 0.000 0 0  0  0  0  0  0  0  0.000     0
3       3 0 0 0 0 0.000  0.000 0.000 0.000 0 0  0  0  0  0  0  0  0.000     0
4       4 0 0 0 0 0.000  0.000 0.000 0.000 0 0  0  0  0  0  0  0  0.000     0
5       5 0 0 0 0 0.000  0.000 0.000 0.000 0 0  0  0  0  0  0  0  0.000     0
6       6 0 0 0 0 0.000  0.000 0.000 0.000 0 0  0  0  0  0  0  0  0.000     0
7       7 0 0 0 0 0.000  0.000 0.000 0.000 0 0  0  0  0  0  0  0  0.000     0
8       8 0 0 0 0 0.000  0.000 0.000 0.000 0 0  0  0  0  0  0  0  0.000     0
9       9 0 0 0 0 0.000  0.000 0.000 0.000 0 0  0  0  0  0  0  0  0.000     0
10     10 0 0 0 0 0.000  0.000 0.000 0.000 0 0  0  0  0  0  0  0  0.000     0
11     11 0 0 0 0 0.000  0.000 0.000 0.000 0 0  0  0  0  0  0  0  0.000     0
12     12 0 0 0 0 0.000  0.000 0.000 0.000 0 0  0  0  0  0  0  0  0.000     0
13     13 0 0 0 0 0.000  0.000 0.000 0.000 0 0  0  0  0  0  0  0  0.000     0
14     14 0 0 0 0 0.000  0.000 0.000 0.000 0 0  0  0  0  0  0  0  0.000     0
15     15 0 0 0 0 0.000  0.000 0.000 0.000 0 0  0  0  0  0  0  0  0.000     0
16     16 0 0 0 0 0.000  0.000 0.000 0.000 0 0  0  0  0  0  0  0  0.000     0
17     17 0 0 0 0 0.000  0.000 0.000 0.000 0 0  0  0  0  0  0  0  0.000     0
18     18 0 0 0 0 0.000  0.000 0.000 0.000 0 0  0  0  0  0  0  0  0.000     0
19     19 0 0 0 0 0.000  0.000 0.000 0.000 0 0  0  0  0  0  0  0  0.000     0
20     20 0 0 0 0 0.000  0.000 0.000 0.000 0 0  0  0  0  0  0  0  0.000     0
21     21 0 0 0 0 0.000  0.000 0.000 0.000 0 0  0  0  0  0  0  0  0.000     0
22     22 0 0 0 0 0.000  0.000 0.000 0.000 0 0  0  0  0  0  0  0  0.000     0
23     23 0 0 0 0 0.000  0.000 0.000 0.000 0 0  0  0  0  0  0  0  0.000     0
24     24 0 0 0 0 0.000  0.000 0.000 0.000 0 0  0  0  0  0  0  0  0.000     0
25     25 0 0 0 0 0.000  0.000 0.000 0.000 0 0  0  0  0  0  0  0  0.000     0
26     26 0 0 0 0 0.000  0.000 0.000 0.000 0 0  0  0  0  0  0  0  0.000     0
27     27 0 0 0 0 0.000  0.000 0.000 0.000 0 0  0  0  0  0  0  0  0.000     0
28     28 0 0 0 0 0.000  0.000 0.000 0.000 0 0  0  0  0  0  0  0  0.000     0
29     29 0 0 0 0 0.000  0.000 0.000 0.000 0 0  0  0  0  0  0  0  0.000     0
30     30 0 0 0 0 0.000  0.000 0.000 0.000 0 0  0  0  0  0  0  0  0.000     0
31     31 0 0 0 0 0.000  0.000 0.000 0.000 0 0  0  0  0  0  0  0  0.000     0
32     32 0 0 0 0 0.000  0.000 0.000 0.000 0 0  0  0  0  0  0  0  0.000     0
33     33 0 0 0 0 0.000  0.000 0.000 0.000 0 0  0  0  0  0  0  0  0.000     0
34     34 0 0 0 0 0.000  0.000 0.000 0.000 0 0  0  0  0  0  0  0  0.000     0
35     35 0 0 0 0 0.000  0.000 0.000 0.000 0 0  0  0  0  0  0  0  0.000     0
36     36 0 0 0 0 0.000  0.000 0.000 0.000 0 0  0  0  0  0  0  0  0.000     0
37     37 0 0 0 0 0.000  0.000 0.000 0.000 0 0  0  0  0  0  0  0  0.000     0
38     38 0 0 0 0 0.000  0.000 0.000 0.000 0 0  0  0  0  0  0  0  0.000     0
39     39 0 0 0 0 0.000  0.000 0.000 0.000 0 0  0  0  0  0  0  0  0.000     0
40     40 0 0 0 0 0.000  0.000 0.000 0.000 0 0  0  0  0  0  0  0  0.000     0
41     41 0 0 0 0 0.000  0.000 0.000 0.000 0 0  0  0  0  0  0  0  0.001     4
42     42 0 0 0 0 0.001  0.000 0.000 0.000 0 0  0  0  0  0  0  0  0.002     1
43     43 0 0 0 0 0.003  0.001 0.001 0.000 0 0  0  0  0  0  0  0  0.005     4
44     44 0 0 0 0 0.009  0.002 0.001 0.000 0 0  0  0  0  0  0  0  0.012     3
45     45 0 0 0 0 0.020  0.004 0.003 0.001 0 0  0  0  0  0  0  0  0.027     8
46     46 0 0 0 0 0.044  0.010 0.006 0.001 0 0  0  0  0  0  0  0  0.061    22
47     47 0 0 0 0 0.091  0.025 0.011 0.002 0 0  0  0  0  0  0  0  0.129    40
48     48 0 0 0 0 0.177  0.056 0.021 0.003 0 0  0  0  0  0  0  0  0.256    45
49     49 0 0 0 0 0.319  0.118 0.039 0.006 0 0  0  0  0  0  0  0  0.482    49
50     50 0 0 0 0 0.539  0.237 0.069 0.010 0 0  0  0  0  0  0  0  0.855    75
51     51 0 0 0 0 0.851  0.451 0.118 0.017 0 0  0  0  0  0  0  0  1.436    98
52     52 0 0 0 0 1.259  0.809 0.194 0.027 0 0  0  0  0  0  0  0  2.289    87
53     53 0 0 0 0 1.742  1.373 0.307 0.042 0 0  0  0  0  0  0  0  3.463   109
54     54 0 0 0 0 2.255  2.201 0.468 0.064 0 0  0  0  0  0  0  0  4.987   103
55     55 0 0 0 0 2.730  3.333 0.687 0.095 0 0  0  0  0  0  0  0  6.846   129
56     56 0 0 0 0 3.093  4.772 0.972 0.138 0 0  0  0  0  0  0  0  8.975   102
57     57 0 0 0 0 3.279  6.455 1.325 0.193 0 0  0  0  0  0  0  0 11.253   160
58     58 0 0 0 0 3.252  8.252 1.740 0.264 0 0  0  0  0  0  0  0 13.508   158
59     59 0 0 0 0 3.017  9.969 2.200 0.350 0 0  0  0  0  0  0  0 15.536   138
60     60 0 0 0 0 2.619 11.380 2.680 0.452 0 0  0  0  0  0  0  0 17.131   169
61     61 0 0 0 0 2.127 12.277 3.144 0.567 0 0  0  0  0  0  0  0 18.115   184
62     62 0 0 0 0 1.616 12.516 3.552 0.692 0 0  0  0  0  0  0  0 18.376   187
63     63 0 0 0 0 1.149 12.058 3.866 0.821 0 0  0  0  0  0  0  0 17.893   191
64     64 0 0 0 0 0.764 10.978 4.052 0.946 0 0  0  0  0  0  0  0 16.740   168
65     65 0 0 0 0 0.475  9.445 4.091 1.061 0 0  0  0  0  0  0  0 15.072   180
66     66 0 0 0 0 0.277  7.679 3.978 1.157 0 0  0  0  0  0  0  0 13.091   157
67     67 0 0 0 0 0.151  5.900 3.726 1.227 0 0  0  0  0  0  0  0 11.003   129
68     68 0 0 0 0 0.077  4.283 3.361 1.265 0 0  0  0  0  0  0  0  8.986   130
69     69 0 0 0 0 0.037  2.939 2.921 1.267 0 0  0  0  0  0  0  0  7.164   110
70     70 0 0 0 0 0.016  1.905 2.444 1.235 0 0  0  0  0  0  0  0  5.601   117
71     71 0 0 0 0 0.007  1.168 1.970 1.170 1 0  0  0  0  0  0  0  5.315    90
72     72 0 0 0 0 0.003  0.676 1.530 1.078 0 0  0  0  0  0  0  0  3.286    84
73     73 0 0 0 0 0.001  0.370 1.144 0.965 0 0  0  0  0  0  0  0  2.480    81
74     74 0 0 0 0 0.000  0.191 0.824 0.841 0 0  0  0  0  0  0  0  1.856    58
75     75 0 0 0 0 0.000  0.093 0.572 0.712 0 0  0  0  0  0  0  0  1.377    44
76     76 0 0 0 0 0.000  0.043 0.382 0.586 0 0  0  0  0  0  0  0  1.011    37
77     77 0 0 0 0 0.000  0.019 0.246 0.469 0 0  0  0  0  0  0  0  0.734    26
78     78 0 0 0 0 0.000  0.008 0.152 0.365 0 0  0  0  0  0  0  0  0.525    32
79     79 0 0 0 0 0.000  0.003 0.091 0.276 0 0  0  0  0  0  0  0  0.370    13
80     80 0 0 0 0 0.000  0.001 0.052 0.203 0 0  0  0  0  0  0  0  0.257    19
81     81 0 0 0 0 0.000  0.000 0.029 0.145 0 0  0  0  0  0  0  0  0.175    16
82     82 0 0 0 0 0.000  0.000 0.015 0.101 0 0  0  0  0  0  0  0  0.117    17
83     83 0 0 0 0 0.000  0.000 0.008 0.068 0 0  0  0  0  0  0  0  0.076    14
84     84 0 0 0 0 0.000  0.000 0.004 0.045 0 0  0  0  0  0  0  0  0.049    19
85     85 0 0 0 0 0.000  0.000 0.002 0.029 0 0  0  0  0  0  0  0  0.031    12
86     86 0 0 0 0 0.000  0.000 0.001 0.018 0 0  0  0  0  0  0  0  0.019    12
87     87 0 0 0 0 0.000  0.000 0.000 0.011 0 0  0  0  0  0  0  0  0.011    27
88     88 0 0 0 0 0.000  0.000 0.000 0.006 0 1  0  0  0  0  0  0  1.007    15
89     89 0 0 0 0 0.000  0.000 0.000 0.004 0 0  0  0  0  0  0  0  0.004    19
90     90 0 0 0 0 0.000  0.000 0.000 0.002 0 0  0  0  0  0  0  0  0.002    20
91     91 0 0 0 0 0.000  0.000 0.000 0.001 0 0  0  1  0  0  0  0  1.001    22
92     92 0 0 0 0 0.000  0.000 0.000 0.001 0 0  0  0  0  0  0  0  0.001    28
93     93 0 0 0 0 0.000  0.000 0.000 0.000 0 0  0  0  0  0  0  0  0.000    30
94     94 0 0 0 0 0.000  0.000 0.000 0.000 0 0  0  0  0  0  0  0  0.000    22
95     95 0 0 0 0 0.000  0.000 0.000 0.000 0 0  0  0  0  0  0  0  0.000    27
96     96 0 0 0 0 0.000  0.000 0.000 0.000 0 0  0  0  0  0  0  0  0.000     9
97     97 0 0 0 0 0.000  0.000 0.000 0.000 0 0  0  0  0  0  0  0  0.000    13
98     98 0 0 0 0 0.000  0.000 0.000 0.000 0 0  0  0  0  0  0  0  0.000     6
99     99 0 0 0 0 0.000  0.000 0.000 0.000 0 0  0  0  0  0  0  0  0.000     8
100   100 0 0 0 0 0.000  0.000 0.000 0.000 0 0  0  0  0  0  0  0  0.000     5
101   101 0 0 0 0 0.000  0.000 0.000 0.000 0 0  0  0  0  0  0  0  0.000     2
102   102 0 0 0 0 0.000  0.000 0.000 0.000 0 0  0  0  0  0  0  0  0.000     2
103   103 0 0 0 0 0.000  0.000 0.000 0.000 0 0  0  0  0  0  0  0  0.000     3
104   104 0 0 0 0 0.000  0.000 0.000 0.000 0 0  0  0  0  0  0  0  0.000     1
105   105 0 0 0 0 0.000  0.000 0.000 0.000 0 0  0  0  0  0  0  0  0.000     2
106   106 0 0 0 0 0.000  0.000 0.000 0.000 0 0  0  0  0  0  0  0  0.000     1
107   107 0 0 0 0 0.000  0.000 0.000 0.000 0 0  0  0  0  0  0  0  0.000     0
108   108 0 0 0 0 0.000  0.000 0.000 0.000 0 0  0  0  0  0  0  0  0.000     0
109   109 0 0 0 0 0.000  0.000 0.000 0.000 0 0  0  0  0  0  0  0  0.000     0
110   110 0 0 0 0 0.000  0.000 0.000 0.000 0 0  0  0  0  0  0  0  0.000     0
111   111 0 0 0 0 0.000  0.000 0.000 0.000 0 0  0  0  0  0  0  0  0.000     0
112   112 0 0 0 0 0.000  0.000 0.000 0.000 0 0  0  0  0  0  0  0  0.000     0
113   113 0 0 0 0 0.000  0.000 0.000 0.000 0 0  0  0  0  0  0  0  0.000     0
114   114 0 0 0 0 0.000  0.000 0.000 0.000 0 0  0  0  0  0  0  0  0.000     0
115   115 0 0 0 0 0.000  0.000 0.000 0.000 0 0  0  0  0  0  0  0  0.000     0
116   116 0 0 0 0 0.000  0.000 0.000 0.000 0 0  0  0  0  0  0  0  0.000     1
117   117 0 0 0 0 0.000  0.000 0.000 0.000 0 0  0  0  0  0  0  0  0.000     0
118   118 0 0 0 0 0.000  0.000 0.000 0.000 0 0  0  0  0  0  0  0  0.000     0
119   119 0 0 0 0 0.000  0.000 0.000 0.000 0 0  0  0  0  0  0  0  0.000     0
120   120 0 0 0 0 0.000  0.000 0.000 0.000 0 0  0  0  0  0  0  0  0.000     0
121   121 0 0 0 0 0.000  0.000 0.000 0.000 0 0  0  0  0  0  0  0  0.000     0
122   122 0 0 0 0 0.000  0.000 0.000 0.000 0 0  0  0  0  0  0  0  0.000     0
123   123 0 0 0 0 0.000  0.000 0.000 0.000 0 0  0  0  0  0  0  0  0.000     0
124   124 0 0 0 0 0.000  0.000 0.000 0.000 0 0  0  0  0  0  0  0  0.000     0
125   125 0 0 0 0 0.000  0.000 0.000 0.000 0 0  0  0  0  0  0  0  0.000     0
126   126 0 0 0 0 0.000  0.000 0.000 0.000 0 0  0  0  0  0  0  0  0.000     0
127   127 0 0 0 0 0.000  0.000 0.000 0.000 0 0  0  0  0  0  0  0  0.000     0
128   128 0 0 0 0 0.000  0.000 0.000 0.000 0 0  0  0  0  0  0  0  0.000     0
129   129 0 0 0 0 0.000  0.000 0.000 0.000 0 0  0  0  0  0  0  0  0.000     0
130   130 0 0 0 0 0.000  0.000 0.000 0.000 0 0  0  0  0  0  0  0  0.000     0
131   131 0 0 0 0 0.000  0.000 0.000 0.000 0 0  0  0  0  0  0  0  0.000     0
132   132 0 0 0 0 0.000  0.000 0.000 0.000 0 0  0  0  0  0  0  0  0.000     0
133   133 0 0 0 0 0.000  0.000 0.000 0.000 0 0  0  0  0  0  0  0  0.000     0
134   134 0 0 0 0 0.000  0.000 0.000 0.000 0 0  0  0  0  0  0  0  0.000     0
135   135 0 0 0 0 0.000  0.000 0.000 0.000 0 0  0  0  0  0  0  0  0.000     0
136   136 0 0 0 0 0.000  0.000 0.000 0.000 0 0  0  0  0  0  0  0  0.000     0
137   137 0 0 0 0 0.000  0.000 0.000 0.000 0 0  0  0  0  0  0  0  0.000     0
138   138 0 0 0 0 0.000  0.000 0.000 0.000 0 0  0  0  0  0  0  0  0.000     0
139   139 0 0 0 0 0.000  0.000 0.000 0.000 0 0  0  0  0  0  0  0  0.000     0
140   140 0 0 0 0 0.000  0.000 0.000 0.000 0 0  0  0  0  0  0  0  0.000     0
141   141 0 0 0 0 0.000  0.000 0.000 0.000 0 0  0  0  0  0  0  0  0.000     0
142   142 0 0 0 0 0.000  0.000 0.000 0.000 0 0  0  0  0  0  0  0  0.000     0
143   143 0 0 0 0 0.000  0.000 0.000 0.000 0 0  0  0  0  0  0  0  0.000     0
144   144 0 0 0 0 0.000  0.000 0.000 0.000 0 0  0  0  0  0  0  0  0.000     0
145   145 0 0 0 0 0.000  0.000 0.000 0.000 0 0  0  0  0  0  0  0  0.000     0
146   146 0 0 0 0 0.000  0.000 0.000 0.000 0 0  0  0  0  0  0  0  0.000     0
147   147 0 0 0 0 0.000  0.000 0.000 0.000 0 0  0  0  0  0  0  0  0.000     0
148   148 0 0 0 0 0.000  0.000 0.000 0.000 0 0  0  0  0  0  0  0  0.000     0
149   149 0 0 0 0 0.000  0.000 0.000 0.000 0 0  0  0  0  0  0  0  0.000     0
150   150 0 0 0 0 0.000  0.000 0.000 0.000 0 0  0  0  0  0  0  0  0.000     0


 .... [TRUNCATED] 
>>>>>>>>>>>>>> 	 ALD-lykil 	 <<<<<<<<<<<<
 .... [TRUNCATED] 
$ALD
              0        1        2        3        4        5        6        7        8        9       10       11       12       13       14       15
1         0.000    0.000    0.000    0.000    0.000    0.000    0.000    0.000    0.000    0.000    0.000    0.000    0.000    0.000    0.000    0.000
2         0.000    0.000    0.000    0.000    0.000    0.000    0.000    0.000    0.000    0.000    0.000    0.000    0.000    0.000    0.000    0.000
3         0.000    0.000    0.000    0.000    0.000    0.000    0.000    0.000    0.000    0.000    0.000    0.000    0.000    0.000    0.000    0.000
4         0.000    0.000    0.000    0.000    0.000    0.000    0.000    0.000    0.000    0.000    0.000    0.000    0.000    0.000    0.000    0.000
5         0.000    0.000    0.000    0.000    0.000    0.000    0.000    0.000    0.000    0.000    0.000    0.000    0.000    0.000    0.000    0.000
6         0.000    0.000    0.000    0.000    0.000    0.000    0.000    0.000    0.000    0.000    0.000    0.000    0.000    0.000    0.000    0.000
7         0.000    0.000    0.000    0.000    0.000    0.000    0.000    0.000    0.000    0.000    0.000    0.000    0.000    0.000    0.000    0.000
8         0.000    0.000    0.000    0.000    0.000    0.000    0.000    0.000    0.000    0.000    0.000    0.000    0.000    0.000    0.000    0.000
9         0.000    0.000    0.000    0.000    0.000    0.000    0.000    0.000    0.000    0.000    0.000    0.000    0.000    0.000    0.000    0.000
10        0.000    0.000    0.000    0.000    0.000    0.000    0.000    0.000    0.000    0.000    0.000    0.000    0.000    0.000    0.000    0.000
11        0.000    0.000    0.000    0.000    0.000    0.000    0.000    0.000    0.000    0.000    0.000    0.000    0.000    0.000    0.000    0.000
12        0.000    0.000    0.000    0.000    0.000    0.000    0.000    0.000    0.000    0.000    0.000    0.000    0.000    0.000    0.000    0.000
13        0.000    0.000    0.000    0.000    0.000    0.000    0.000    0.000    0.000    0.000    0.000    0.000    0.000    0.000    0.000    0.000
14        0.000    0.000    0.000    0.000    0.000    0.000    0.000    0.000    0.000    0.000    0.000    0.000    0.000    0.000    0.000    0.000
15        0.000    0.000    0.000    0.000    0.000    0.000    0.000    0.000    0.000    0.000    0.000    0.000    0.000    0.000    0.000    0.000
16        0.000    0.000    0.000    0.000    0.000    0.000    0.000    0.000    0.000    0.000    0.000    0.000    0.000    0.000    0.000    0.000
17        0.000    0.000    0.000    0.000    0.000    0.000    0.000    0.000    0.000    0.000    0.000    0.000    0.000    0.000    0.000    0.000
18        0.000    0.000    0.000    0.000    0.000    0.000    0.000    0.000    0.000    0.000    0.000    0.000    0.000    0.000    0.000    0.000
19        0.000    0.000    0.000    0.000    0.000    0.000    0.000    0.000    0.000    0.000    0.000    0.000    0.000    0.000    0.000    0.000
20        0.000    0.000    0.000    0.000    0.000    0.000    0.000    0.000    0.000    0.000    0.000    0.000    0.000    0.000    0.000    0.000
21        0.000    0.000    0.000    0.000    0.000    0.000    0.000    0.000    0.000    0.000    0.000    0.000    0.000    0.000    0.000    0.000
22        0.000    0.000    0.000    0.000    0.000    0.000    0.000    0.000    0.000    0.000    0.000    0.000    0.000    0.000    0.000    0.000
23        0.000    0.000    0.000    0.000    0.000    0.000    0.000    0.000    0.000    0.000    0.000    0.000    0.000    0.000    0.000    0.000
24        0.000    0.000    0.000    0.000    0.000    0.000    0.000    0.000    0.000    0.000    0.000    0.000    0.000    0.000    0.000    0.000
25        0.000    0.000    0.000    0.000    0.000    0.000    0.000    0.000    0.000    0.000    0.000    0.000    0.000    0.000    0.000    0.000
26        0.000    0.000    0.000    0.000    0.000    0.000    0.000    0.000    0.000    0.000    0.000    0.000    0.000    0.000    0.000    0.000
27        0.000    0.000    0.000    0.000    0.000    0.000    0.000    0.000    0.000    0.000    0.000    0.000    0.000    0.000    0.000    0.000
28        0.000    0.000    0.000    0.000    0.000    0.000    0.000    0.000    0.000    0.000    0.000    0.000    0.000    0.000    0.000    0.000
29        0.000    0.000    0.000    0.000    0.000    0.000    0.000    0.000    0.000    0.000    0.000    0.000    0.000    0.000    0.000    0.000
30        0.000    0.000    0.000    0.000    0.000    0.000    0.000    0.000    0.000    0.000    0.000    0.000    0.000    0.000    0.000    0.000
31        0.000    0.000    0.000    0.000    0.000    0.000    0.000    0.000    0.000    0.000    0.000    0.000    0.000    0.000    0.000    0.000
32        0.000    0.000    0.000    0.000    0.000    0.000    0.000    0.000    0.000    0.000    0.000    0.000    0.000    0.000    0.000    0.000
33        0.000    0.000    0.000    0.000    0.000    0.000    0.000    0.000    0.000    0.000    0.000    0.000    0.000    0.000    0.000    0.000
34        0.000    0.000    0.000    0.000    0.000    0.000    0.000    0.000    0.000    0.000    0.000    0.000    0.000    0.000    0.000    0.000
35        0.000    0.000    0.000    0.000    0.000    0.000    0.000    0.000    0.000    0.000    0.000    0.000    0.000    0.000    0.000    0.000
36        0.000    0.000    0.000    0.000    0.000    0.000    0.000    0.000    0.000    0.000    0.000    0.000    0.000    0.000    0.000    0.000
37        0.000    0.000    0.000    0.000    0.000    0.000    0.000    0.000    0.000    0.000    0.000    0.000    0.000    0.000    0.000    0.000
38        0.000    0.000    0.000    0.000    0.000    0.000    0.000    0.000    0.000    0.000    0.000    0.000    0.000    0.000    0.000    0.000
39        0.000    0.000    0.000    0.000    0.000    0.000    0.000    0.000    0.000    0.000    0.000    0.000    0.000    0.000    0.000    0.000
40        0.000    0.000    0.000    0.000    0.000    0.000    0.000    0.000    0.000    0.000    0.000    0.000    0.000    0.000    0.000    0.000
41        0.000    0.000    0.000    0.000    0.000    0.000    0.000    0.000    0.000    0.000    0.000    0.000    0.000    0.000    0.000    0.000
42        0.000    0.000    0.000    0.000    0.000    0.000    0.000    0.000    0.000    0.000    0.000    0.000    0.000    0.000    0.000    0.000
43        0.000    0.000    0.000    0.000    0.000    0.000    0.000    0.000    0.000    0.000    0.000    0.000    0.000    0.000    0.000    0.000
44        0.000    0.000    0.000    0.000    0.000    0.000    0.000    0.000    0.000    0.000    0.000    0.000    0.000    0.000    0.000    0.000
45        0.000    0.000    0.000    0.000    0.000    0.000    0.000    0.000    0.000    0.000    0.000    0.000    0.000    0.000    0.000    0.000
46        0.000    0.000    0.000    0.000    0.000    0.000    0.000    0.000    0.000    0.000    0.000    0.000    0.000    0.000    0.000    0.000
47        0.000    0.000    0.000    0.000    0.000    0.000    0.000    0.000    0.000    0.000    0.000    0.000    0.000    0.000    0.000    0.000
48        0.000    0.000    0.000    0.000    0.000    0.000    0.000    0.000    0.000    0.000    0.000    0.000    0.000    0.000    0.000    0.000
49        0.000    0.000    0.000    0.000   49.000    0.000    0.000    0.000    0.000    0.000    0.000    0.000    0.000    0.000    0.000    0.000
50        0.000    0.000    0.000    0.000    0.000   75.000    0.000    0.000    0.000    0.000    0.000    0.000    0.000    0.000    0.000    0.000
51        0.000    0.000    0.000    0.000   65.333   32.667    0.000    0.000    0.000    0.000    0.000    0.000    0.000    0.000    0.000    0.000
52        0.000    0.000    0.000    0.000   43.500   43.500    0.000    0.000    0.000    0.000    0.000    0.000    0.000    0.000    0.000    0.000
53        0.000    0.000    0.000    0.000   36.333   54.500   18.167    0.000    0.000    0.000    0.000    0.000    0.000    0.000    0.000    0.000
54        0.000    0.000    0.000    0.000   41.200   61.800    0.000    0.000    0.000    0.000    0.000    0.000    0.000    0.000    0.000    0.000
55        0.000    0.000    0.000    0.000   43.000   86.000    0.000    0.000    0.000    0.000    0.000    0.000    0.000    0.000    0.000    0.000
56        0.000    0.000    0.000    0.000   40.800   20.400   40.800    0.000    0.000    0.000    0.000    0.000    0.000    0.000    0.000    0.000
57        0.000    0.000    0.000    0.000   64.000   80.000   16.000    0.000    0.000    0.000    0.000    0.000    0.000    0.000    0.000    0.000
58        0.000    0.000    0.000    0.000   35.111   87.778   26.333    8.778    0.000    0.000    0.000    0.000    0.000    0.000    0.000    0.000
59        0.000    0.000    0.000    0.000   34.500   57.500   46.000    0.000    0.000    0.000    0.000    0.000    0.000    0.000    0.000    0.000
60        0.000    0.000    0.000    0.000   30.727  122.909    7.682    7.682    0.000    0.000    0.000    0.000    0.000    0.000    0.000    0.000
61        0.000    0.000    0.000    0.000   29.053  125.895   19.368    9.684    0.000    0.000    0.000    0.000    0.000    0.000    0.000    0.000
62        0.000    0.000    0.000    0.000    0.000  140.250   46.750    0.000    0.000    0.000    0.000    0.000    0.000    0.000    0.000    0.000
63        0.000    0.000    0.000    0.000   19.100  124.150   28.650   19.100    0.000    0.000    0.000    0.000    0.000    0.000    0.000    0.000
64        0.000    0.000    0.000    0.000    0.000  149.333   18.667    0.000    0.000    0.000    0.000    0.000    0.000    0.000    0.000    0.000
65        0.000    0.000    0.000    0.000    0.000  105.882   52.941   21.176    0.000    0.000    0.000    0.000    0.000    0.000    0.000    0.000
66        0.000    0.000    0.000    0.000   10.467   41.867   94.200   10.467    0.000    0.000    0.000    0.000    0.000    0.000    0.000    0.000
67        0.000    0.000    0.000    0.000    0.000   79.385   49.615    0.000    0.000    0.000    0.000    0.000    0.000    0.000    0.000    0.000
68        0.000    0.000    0.000    0.000    0.000   97.500   32.500    0.000    0.000    0.000    0.000    0.000    0.000    0.000    0.000    0.000
69        0.000    0.000    0.000    0.000    0.000   73.333   24.444   12.222    0.000    0.000    0.000    0.000    0.000    0.000    0.000    0.000
70        0.000    0.000    0.000    0.000    0.000   29.250   29.250   58.500    0.000    0.000    0.000    0.000    0.000    0.000    0.000    0.000
71        0.000    0.000    0.000    0.000    0.000   30.000    0.000   30.000   30.000    0.000    0.000    0.000    0.000    0.000    0.000    0.000
72        0.000    0.000    0.000    0.000    0.000    0.000   50.400   33.600    0.000    0.000    0.000    0.000    0.000    0.000    0.000    0.000
73        0.000    0.000    0.000    0.000    0.000    0.000   40.500   40.500    0.000    0.000    0.000    0.000    0.000    0.000    0.000    0.000
74        0.000    0.000    0.000    0.000    0.000    0.000   46.400   11.600    0.000    0.000    0.000    0.000    0.000    0.000    0.000    0.000
75        0.000    0.000    0.000    0.000    0.000    0.000    0.000   44.000    0.000    0.000    0.000    0.000    0.000    0.000    0.000    0.000
76        0.000    0.000    0.000    0.000    0.000    0.000    0.000    0.000    0.000    0.000    0.000    0.000    0.000    0.000    0.000    0.000
77        0.000    0.000    0.000    0.000    0.000    0.000    0.000   26.000    0.000    0.000    0.000    0.000    0.000    0.000    0.000    0.000
78        0.000    0.000    0.000    0.000    0.000    0.000    0.000    0.000    0.000    0.000    0.000    0.000    0.000    0.000    0.000    0.000
79        0.000    0.000    0.000    0.000    0.000    0.000    0.000   13.000    0.000    0.000    0.000    0.000    0.000    0.000    0.000    0.000
80        0.000    0.000    0.000    0.000    0.000    0.000    0.000    0.000    0.000    0.000    0.000    0.000    0.000    0.000    0.000    0.000
81        0.000    0.000    0.000    0.000    0.000    0.000    0.000    0.000    0.000    0.000    0.000    0.000    0.000    0.000    0.000    0.000
82        0.000    0.000    0.000    0.000    0.000    0.000    0.000    0.000    0.000    0.000    0.000    0.000    0.000    0.000    0.000    0.000
83        0.000    0.000    0.000    0.000    0.000    0.000    0.000    0.000    0.000    0.000    0.000    0.000    0.000    0.000    0.000    0.000
84        0.000    0.000    0.000    0.000    0.000    0.000    0.000    0.000    0.000    0.000    0.000    0.000    0.000    0.000    0.000    0.000
85        0.000    0.000    0.000    0.000    0.000    0.000    0.000    0.000    0.000    0.000    0.000    0.000    0.000    0.000    0.000    0.000
86        0.000    0.000    0.000    0.000    0.000    0.000    0.000    0.000    0.000    0.000    0.000    0.000    0.000    0.000    0.000    0.000
87        0.000    0.000    0.000    0.000    0.000    0.000    0.000    0.000    0.000    0.000    0.000    0.000    0.000    0.000    0.000    0.000
88        0.000    0.000    0.000    0.000    0.000    0.000    0.000    0.000    0.000   15.000    0.000    0.000    0.000    0.000    0.000    0.000
89        0.000    0.000    0.000    0.000    0.000    0.000    0.000    0.000    0.000    0.000    0.000    0.000    0.000    0.000    0.000    0.000
90        0.000    0.000    0.000    0.000    0.000    0.000    0.000    0.000    0.000    0.000    0.000    0.000    0.000    0.000    0.000    0.000
91        0.000    0.000    0.000    0.000    0.000    0.000    0.000    0.000    0.000    0.000    0.000   22.000    0.000    0.000    0.000    0.000
92        0.000    0.000    0.000    0.000    0.000    0.000    0.000    0.000    0.000    0.000    0.000    0.000    0.000    0.000    0.000    0.000
93        0.000    0.000    0.000    0.000    0.000    0.000    0.000    0.000    0.000    0.000    0.000    0.000    0.000    0.000    0.000    0.000
94        0.000    0.000    0.000    0.000    0.000    0.000    0.000    0.000    0.000    0.000    0.000    0.000    0.000    0.000    0.000    0.000
95        0.000    0.000    0.000    0.000    0.000    0.000    0.000    0.000    0.000    0.000    0.000    0.000    0.000    0.000    0.000    0.000
96        0.000    0.000    0.000    0.000    0.000    0.000    0.000    0.000    0.000    0.000    0.000    0.000    0.000    0.000    0.000    0.000
97        0.000    0.000    0.000    0.000    0.000    0.000    0.000    0.000    0.000    0.000    0.000    0.000    0.000    0.000    0.000    0.000
98        0.000    0.000    0.000    0.000    0.000    0.000    0.000    0.000    0.000    0.000    0.000    0.000    0.000    0.000    0.000    0.000
99        0.000    0.000    0.000    0.000    0.000    0.000    0.000    0.000    0.000    0.000    0.000    0.000    0.000    0.000    0.000    0.000
100       0.000    0.000    0.000    0.000    0.000    0.000    0.000    0.000    0.000    0.000    0.000    0.000    0.000    0.000    0.000    0.000
101       0.000    0.000    0.000    0.000    0.000    0.000    0.000    0.000    0.000    0.000    0.000    0.000    0.000    0.000    0.000    0.000
102       0.000    0.000    0.000    0.000    0.000    0.000    0.000    0.000    0.000    0.000    0.000    0.000    0.000    0.000    0.000    0.000
103       0.000    0.000    0.000    0.000    0.000    0.000    0.000    0.000    0.000    0.000    0.000    0.000    0.000    0.000    0.000    0.000
104       0.000    0.000    0.000    0.000    0.000    0.000    0.000    0.000    0.000    0.000    0.000    0.000    0.000    0.000    0.000    0.000
105       0.000    0.000    0.000    0.000    0.000    0.000    0.000    0.000    0.000    0.000    0.000    0.000    0.000    0.000    0.000    0.000
106       0.000    0.000    0.000    0.000    0.000    0.000    0.000    0.000    0.000    0.000    0.000    0.000    0.000    0.000    0.000    0.000
107       0.000    0.000    0.000    0.000    0.000    0.000    0.000    0.000    0.000    0.000    0.000    0.000    0.000    0.000    0.000    0.000
108       0.000    0.000    0.000    0.000    0.000    0.000    0.000    0.000    0.000    0.000    0.000    0.000    0.000    0.000    0.000    0.000
109       0.000    0.000    0.000    0.000    0.000    0.000    0.000    0.000    0.000    0.000    0.000    0.000    0.000    0.000    0.000    0.000
110       0.000    0.000    0.000    0.000    0.000    0.000    0.000    0.000    0.000    0.000    0.000    0.000    0.000    0.000    0.000    0.000
111       0.000    0.000    0.000    0.000    0.000    0.000    0.000    0.000    0.000    0.000    0.000    0.000    0.000    0.000    0.000    0.000
112       0.000    0.000    0.000    0.000    0.000    0.000    0.000    0.000    0.000    0.000    0.000    0.000    0.000    0.000    0.000    0.000
113       0.000    0.000    0.000    0.000    0.000    0.000    0.000    0.000    0.000    0.000    0.000    0.000    0.000    0.000    0.000    0.000
114       0.000    0.000    0.000    0.000    0.000    0.000    0.000    0.000    0.000    0.000    0.000    0.000    0.000    0.000    0.000    0.000
115       0.000    0.000    0.000    0.000    0.000    0.000    0.000    0.000    0.000    0.000    0.000    0.000    0.000    0.000    0.000    0.000
116       0.000    0.000    0.000    0.000    0.000    0.000    0.000    0.000    0.000    0.000    0.000    0.000    0.000    0.000    0.000    0.000
117       0.000    0.000    0.000    0.000    0.000    0.000    0.000    0.000    0.000    0.000    0.000    0.000    0.000    0.000    0.000    0.000
118       0.000    0.000    0.000    0.000    0.000    0.000    0.000    0.000    0.000    0.000    0.000    0.000    0.000    0.000    0.000    0.000
119       0.000    0.000    0.000    0.000    0.000    0.000    0.000    0.000    0.000    0.000    0.000    0.000    0.000    0.000    0.000    0.000
120       0.000    0.000    0.000    0.000    0.000    0.000    0.000    0.000    0.000    0.000    0.000    0.000    0.000    0.000    0.000    0.000
121       0.000    0.000    0.000    0.000    0.000    0.000    0.000    0.000    0.000    0.000    0.000    0.000    0.000    0.000    0.000    0.000
122       0.000    0.000    0.000    0.000    0.000    0.000    0.000    0.000    0.000    0.000    0.000    0.000    0.000    0.000    0.000    0.000
123       0.000    0.000    0.000    0.000    0.000    0.000    0.000    0.000    0.000    0.000    0.000    0.000    0.000    0.000    0.000    0.000
124       0.000    0.000    0.000    0.000    0.000    0.000    0.000    0.000    0.000    0.000    0.000    0.000    0.000    0.000    0.000    0.000
125       0.000    0.000    0.000    0.000    0.000    0.000    0.000    0.000    0.000    0.000    0.000    0.000    0.000    0.000    0.000    0.000
126       0.000    0.000    0.000    0.000    0.000    0.000    0.000    0.000    0.000    0.000    0.000    0.000    0.000    0.000    0.000    0.000
127       0.000    0.000    0.000    0.000    0.000    0.000    0.000    0.000    0.000    0.000    0.000    0.000    0.000    0.000    0.000    0.000
128       0.000    0.000    0.000    0.000    0.000    0.000    0.000    0.000    0.000    0.000    0.000    0.000    0.000    0.000    0.000    0.000
129       0.000    0.000    0.000    0.000    0.000    0.000    0.000    0.000    0.000    0.000    0.000    0.000    0.000    0.000    0.000    0.000
130       0.000    0.000    0.000    0.000    0.000    0.000    0.000    0.000    0.000    0.000    0.000    0.000    0.000    0.000    0.000    0.000
131       0.000    0.000    0.000    0.000    0.000    0.000    0.000    0.000    0.000    0.000    0.000    0.000    0.000    0.000    0.000    0.000
132       0.000    0.000    0.000    0.000    0.000    0.000    0.000    0.000    0.000    0.000    0.000    0.000    0.000    0.000    0.000    0.000
133       0.000    0.000    0.000    0.000    0.000    0.000    0.000    0.000    0.000    0.000    0.000    0.000    0.000    0.000    0.000    0.000
134       0.000    0.000    0.000    0.000    0.000    0.000    0.000    0.000    0.000    0.000    0.000    0.000    0.000    0.000    0.000    0.000
135       0.000    0.000    0.000    0.000    0.000    0.000    0.000    0.000    0.000    0.000    0.000    0.000    0.000    0.000    0.000    0.000
136       0.000    0.000    0.000    0.000    0.000    0.000    0.000    0.000    0.000    0.000    0.000    0.000    0.000    0.000    0.000    0.000
137       0.000    0.000    0.000    0.000    0.000    0.000    0.000    0.000    0.000    0.000    0.000    0.000    0.000    0.000    0.000    0.000
138       0.000    0.000    0.000    0.000    0.000    0.000    0.000    0.000    0.000    0.000    0.000    0.000    0.000    0.000    0.000    0.000
139       0.000    0.000    0.000    0.000    0.000    0.000    0.000    0.000    0.000    0.000    0.000    0.000    0.000    0.000    0.000    0.000
140       0.000    0.000    0.000    0.000    0.000    0.000    0.000    0.000    0.000    0.000    0.000    0.000    0.000    0.000    0.000    0.000
141       0.000    0.000    0.000    0.000    0.000    0.000    0.000    0.000    0.000    0.000    0.000    0.000    0.000    0.000    0.000    0.000
142       0.000    0.000    0.000    0.000    0.000    0.000    0.000    0.000    0.000    0.000    0.000    0.000    0.000    0.000    0.000    0.000
143       0.000    0.000    0.000    0.000    0.000    0.000    0.000    0.000    0.000    0.000    0.000    0.000    0.000    0.000    0.000    0.000
144       0.000    0.000    0.000    0.000    0.000    0.000    0.000    0.000    0.000    0.000    0.000    0.000    0.000    0.000    0.000    0.000
145       0.000    0.000    0.000    0.000    0.000    0.000    0.000    0.000    0.000    0.000    0.000    0.000    0.000    0.000    0.000    0.000
146       0.000    0.000    0.000    0.000    0.000    0.000    0.000    0.000    0.000    0.000    0.000    0.000    0.000    0.000    0.000    0.000
147       0.000    0.000    0.000    0.000    0.000    0.000    0.000    0.000    0.000    0.000    0.000    0.000    0.000    0.000    0.000    0.000
148       0.000    0.000    0.000    0.000    0.000    0.000    0.000    0.000    0.000    0.000    0.000    0.000    0.000    0.000    0.000    0.000
149       0.000    0.000    0.000    0.000    0.000    0.000    0.000    0.000    0.000    0.000    0.000    0.000    0.000    0.000    0.000    0.000
150       0.000    0.000    0.000    0.000    0.000    0.000    0.000    0.000    0.000    0.000    0.000    0.000    0.000    0.000    0.000    0.000
Sum       0.000    0.000    0.000    0.000  542.124 1718.899  688.668  346.309   30.000   15.000    0.000   22.000    0.000    0.000    0.000    0.000
mW        0.000    0.000    0.000    0.000    1.408    1.890    2.306    2.912    2.915    5.543    0.000    6.128    0.000    0.000    0.000    0.000
mL        0.000    0.000    0.000    0.000   55.370   60.961   65.188   70.710   71.000   88.000    0.000   91.000    0.000    0.000    0.000    0.000
pA        0.000    0.000    0.000    0.000    0.161    0.511    0.205    0.103    0.009    0.004    0.000    0.007    0.000    0.000    0.000    0.000
tot.mW 2055.837 2055.837 2055.837 2055.837 2055.837 2055.837 2055.837 2055.837 2055.837 2055.837 2055.837 2055.837 2055.837 2055.837 2055.837 2055.837
tot.mL   62.327   62.327   62.327   62.327   62.327   62.327   62.327   62.327   62.327   62.327   62.327   62.327   62.327   62.327   62.327   62.327
          Matad      Sum
1         0.000    0.000
2         0.000    0.000
3         0.000    0.000
4         0.000    0.000
5         0.000    0.000
6         0.000    0.000
7         0.000    0.000
8         0.000    0.000
9         0.000    0.000
10        0.000    0.000
11        0.000    0.000
12        0.000    0.000
13        0.000    0.000
14        0.000    0.000
15        0.000    0.000
16        0.000    0.000
17        0.000    0.000
18        0.000    0.000
19        0.000    0.000
20        0.000    0.000
21        0.000    0.000
22        0.000    0.000
23        0.000    0.000
24        0.000    0.000
25        0.000    0.000
26        0.000    0.000
27        0.000    0.000
28        0.000    0.000
29        0.000    0.000
30        0.000    0.000
31        0.000    0.000
32        0.000    0.000
33        0.000    0.000
34        0.000    0.000
35        0.000    0.000
36        0.000    0.000
37        0.000    0.000
38        0.000    0.000
39        0.000    0.000
40        0.000    0.000
41        4.000    0.000
42        1.000    0.000
43        4.000    0.000
44        3.000    0.000
45        8.000    0.000
46       22.000    0.000
47       40.000    0.000
48       45.000    0.000
49       49.000   49.000
50       75.000   75.000
51       98.000   98.000
52       87.000   87.000
53      109.000  109.000
54      103.000  103.000
55      129.000  129.000
56      102.000  102.000
57      160.000  160.000
58      158.000  158.000
59      138.000  138.000
60      169.000  169.000
61      184.000  184.000
62      187.000  187.000
63      191.000  191.000
64      168.000  168.000
65      180.000  180.000
66      157.000  157.000
67      129.000  129.000
68      130.000  130.000
69      110.000  110.000
70      117.000  117.000
71       90.000   90.000
72       84.000   84.000
73       81.000   81.000
74       58.000   58.000
75       44.000   44.000
76       37.000    0.000
77       26.000   26.000
78       32.000    0.000
79       13.000   13.000
80       19.000    0.000
81       16.000    0.000
82       17.000    0.000
83       14.000    0.000
84       19.000    0.000
85       12.000    0.000
86       12.000    0.000
87       27.000    0.000
88       15.000   15.000
89       19.000    0.000
90       20.000    0.000
91       22.000   22.000
92       28.000    0.000
93       30.000    0.000
94       22.000    0.000
95       27.000    0.000
96        9.000    0.000
97       13.000    0.000
98        6.000    0.000
99        8.000    0.000
100       5.000    0.000
101       2.000    0.000
102       2.000    0.000
103       3.000    0.000
104       1.000    0.000
105       2.000    0.000
106       1.000    0.000
107       0.000    0.000
108       0.000    0.000
109       0.000    0.000
110       0.000    0.000
111       0.000    0.000
112       0.000    0.000
113       0.000    0.000
114       0.000    0.000
115       0.000    0.000
116       1.000    0.000
117       0.000    0.000
118       0.000    0.000
119       0.000    0.000
120       0.000    0.000
121       0.000    0.000
122       0.000    0.000
123       0.000    0.000
124       0.000    0.000
125       0.000    0.000
126       0.000    0.000
127       0.000    0.000
128       0.000    0.000
129       0.000    0.000
130       0.000    0.000
131       0.000    0.000
132       0.000    0.000
133       0.000    0.000
134       0.000    0.000
135       0.000    0.000
136       0.000    0.000
137       0.000    0.000
138       0.000    0.000
139       0.000    0.000
140       0.000    0.000
141       0.000    0.000
142       0.000    0.000
143       0.000    0.000
144       0.000    0.000
145       0.000    0.000
146       0.000    0.000
147       0.000    0.000
148       0.000    0.000
149       0.000    0.000
150       0.000    0.000
Sum    3894.000 3363.000
mW        0.000    0.000
mL        0.000    0.000
pA        0.000    0.000
tot.mW 2055.837 2055.837
tot.mL   62.327   62.327

$ALD.j
              0        1        2        3        4        5        6        7        8        9       10       11       12       13       14       15
1         0.000    0.000    0.000    0.000    0.000    0.000    0.000    0.000    0.000    0.000    0.000    0.000    0.000    0.000    0.000    0.000
2         0.000    0.000    0.000    0.000    0.000    0.000    0.000    0.000    0.000    0.000    0.000    0.000    0.000    0.000    0.000    0.000
3         0.000    0.000    0.000    0.000    0.000    0.000    0.000    0.000    0.000    0.000    0.000    0.000    0.000    0.000    0.000    0.000
4         0.000    0.000    0.000    0.000    0.000    0.000    0.000    0.000    0.000    0.000    0.000    0.000    0.000    0.000    0.000    0.000
5         0.000    0.000    0.000    0.000    0.000    0.000    0.000    0.000    0.000    0.000    0.000    0.000    0.000    0.000    0.000    0.000
6         0.000    0.000    0.000    0.000    0.000    0.000    0.000    0.000    0.000    0.000    0.000    0.000    0.000    0.000    0.000    0.000
7         0.000    0.000    0.000    0.000    0.000    0.000    0.000    0.000    0.000    0.000    0.000    0.000    0.000    0.000    0.000    0.000
8         0.000    0.000    0.000    0.000    0.000    0.000    0.000    0.000    0.000    0.000    0.000    0.000    0.000    0.000    0.000    0.000
9         0.000    0.000    0.000    0.000    0.000    0.000    0.000    0.000    0.000    0.000    0.000    0.000    0.000    0.000    0.000    0.000
10        0.000    0.000    0.000    0.000    0.000    0.000    0.000    0.000    0.000    0.000    0.000    0.000    0.000    0.000    0.000    0.000
11        0.000    0.000    0.000    0.000    0.000    0.000    0.000    0.000    0.000    0.000    0.000    0.000    0.000    0.000    0.000    0.000
12        0.000    0.000    0.000    0.000    0.000    0.000    0.000    0.000    0.000    0.000    0.000    0.000    0.000    0.000    0.000    0.000
13        0.000    0.000    0.000    0.000    0.000    0.000    0.000    0.000    0.000    0.000    0.000    0.000    0.000    0.000    0.000    0.000
14        0.000    0.000    0.000    0.000    0.000    0.000    0.000    0.000    0.000    0.000    0.000    0.000    0.000    0.000    0.000    0.000
15        0.000    0.000    0.000    0.000    0.000    0.000    0.000    0.000    0.000    0.000    0.000    0.000    0.000    0.000    0.000    0.000
16        0.000    0.000    0.000    0.000    0.000    0.000    0.000    0.000    0.000    0.000    0.000    0.000    0.000    0.000    0.000    0.000
17        0.000    0.000    0.000    0.000    0.000    0.000    0.000    0.000    0.000    0.000    0.000    0.000    0.000    0.000    0.000    0.000
18        0.000    0.000    0.000    0.000    0.000    0.000    0.000    0.000    0.000    0.000    0.000    0.000    0.000    0.000    0.000    0.000
19        0.000    0.000    0.000    0.000    0.000    0.000    0.000    0.000    0.000    0.000    0.000    0.000    0.000    0.000    0.000    0.000
20        0.000    0.000    0.000    0.000    0.000    0.000    0.000    0.000    0.000    0.000    0.000    0.000    0.000    0.000    0.000    0.000
21        0.000    0.000    0.000    0.000    0.000    0.000    0.000    0.000    0.000    0.000    0.000    0.000    0.000    0.000    0.000    0.000
22        0.000    0.000    0.000    0.000    0.000    0.000    0.000    0.000    0.000    0.000    0.000    0.000    0.000    0.000    0.000    0.000
23        0.000    0.000    0.000    0.000    0.000    0.000    0.000    0.000    0.000    0.000    0.000    0.000    0.000    0.000    0.000    0.000
24        0.000    0.000    0.000    0.000    0.000    0.000    0.000    0.000    0.000    0.000    0.000    0.000    0.000    0.000    0.000    0.000
25        0.000    0.000    0.000    0.000    0.000    0.000    0.000    0.000    0.000    0.000    0.000    0.000    0.000    0.000    0.000    0.000
26        0.000    0.000    0.000    0.000    0.000    0.000    0.000    0.000    0.000    0.000    0.000    0.000    0.000    0.000    0.000    0.000
27        0.000    0.000    0.000    0.000    0.000    0.000    0.000    0.000    0.000    0.000    0.000    0.000    0.000    0.000    0.000    0.000
28        0.000    0.000    0.000    0.000    0.000    0.000    0.000    0.000    0.000    0.000    0.000    0.000    0.000    0.000    0.000    0.000
29        0.000    0.000    0.000    0.000    0.000    0.000    0.000    0.000    0.000    0.000    0.000    0.000    0.000    0.000    0.000    0.000
30        0.000    0.000    0.000    0.000    0.000    0.000    0.000    0.000    0.000    0.000    0.000    0.000    0.000    0.000    0.000    0.000
31        0.000    0.000    0.000    0.000    0.000    0.000    0.000    0.000    0.000    0.000    0.000    0.000    0.000    0.000    0.000    0.000
32        0.000    0.000    0.000    0.000    0.000    0.000    0.000    0.000    0.000    0.000    0.000    0.000    0.000    0.000    0.000    0.000
33        0.000    0.000    0.000    0.000    0.000    0.000    0.000    0.000    0.000    0.000    0.000    0.000    0.000    0.000    0.000    0.000
34        0.000    0.000    0.000    0.000    0.000    0.000    0.000    0.000    0.000    0.000    0.000    0.000    0.000    0.000    0.000    0.000
35        0.000    0.000    0.000    0.000    0.000    0.000    0.000    0.000    0.000    0.000    0.000    0.000    0.000    0.000    0.000    0.000
36        0.000    0.000    0.000    0.000    0.000    0.000    0.000    0.000    0.000    0.000    0.000    0.000    0.000    0.000    0.000    0.000
37        0.000    0.000    0.000    0.000    0.000    0.000    0.000    0.000    0.000    0.000    0.000    0.000    0.000    0.000    0.000    0.000
38        0.000    0.000    0.000    0.000    0.000    0.000    0.000    0.000    0.000    0.000    0.000    0.000    0.000    0.000    0.000    0.000
39        0.000    0.000    0.000    0.000    0.000    0.000    0.000    0.000    0.000    0.000    0.000    0.000    0.000    0.000    0.000    0.000
40        0.000    0.000    0.000    0.000    0.000    0.000    0.000    0.000    0.000    0.000    0.000    0.000    0.000    0.000    0.000    0.000
41        0.000    0.000    0.000    0.000    2.786    0.369    0.660    0.185    0.000    0.000    0.000    0.000    0.000    0.000    0.000    0.000
42        0.000    0.000    0.000    0.000    0.719    0.104    0.141    0.036    0.000    0.000    0.000    0.000    0.000    0.000    0.000    0.000
43        0.000    0.000    0.000    0.000    2.924    0.472    0.493    0.112    0.000    0.000    0.000    0.000    0.000    0.000    0.000    0.000
44        0.000    0.000    0.000    0.000    2.206    0.399    0.328    0.068    0.000    0.000    0.000    0.000    0.000    0.000    0.000    0.000
45        0.000    0.000    0.000    0.000    5.862    1.198    0.790    0.150    0.000    0.000    0.000    0.000    0.000    0.000    0.000    0.000
46        0.000    0.000    0.000    0.000   15.923    3.720    2.003    0.354    0.000    0.000    0.000    0.000    0.000    0.000    0.000    0.000
47        0.000    0.000    0.000    0.000   28.354    7.648    3.430    0.568    0.000    0.000    0.000    0.000    0.000    0.000    0.000    0.000
48        0.000    0.000    0.000    0.000   30.970    9.741    3.708    0.581    0.000    0.000    0.000    0.000    0.000    0.000    0.000    0.000
49        0.000    0.000    0.000    0.000   32.434   12.016    3.957    0.593    0.000    0.000    0.000    0.000    0.000    0.000    0.000    0.000
50        0.000    0.000    0.000    0.000   47.252   20.826    6.049    0.873    0.000    0.000    0.000    0.000    0.000    0.000    0.000    0.000
51        0.000    0.000    0.000    0.000   58.080   30.762    8.030    1.129    0.000    0.000    0.000    0.000    0.000    0.000    0.000    0.000
52        0.000    0.000    0.000    0.000   47.859   30.767    7.358    1.016    0.000    0.000    0.000    0.000    0.000    0.000    0.000    0.000
53        0.000    0.000    0.000    0.000   54.821   43.209    9.648    1.322    0.000    0.000    0.000    0.000    0.000    0.000    0.000    0.000
54        0.000    0.000    0.000    0.000   46.565   45.451    9.658    1.325    0.000    0.000    0.000    0.000    0.000    0.000    0.000    0.000
55        0.000    0.000    0.000    0.000   51.446   62.812   12.947    1.795    0.000    0.000    0.000    0.000    0.000    0.000    0.000    0.000
56        0.000    0.000    0.000    0.000   35.156   54.230   11.050    1.564    0.000    0.000    0.000    0.000    0.000    0.000    0.000    0.000
57        0.000    0.000    0.000    0.000   46.624   91.784   18.845    2.747    0.000    0.000    0.000    0.000    0.000    0.000    0.000    0.000
58        0.000    0.000    0.000    0.000   38.037   96.524   20.354    3.085    0.000    0.000    0.000    0.000    0.000    0.000    0.000    0.000
59        0.000    0.000    0.000    0.000   26.799   88.546   19.545    3.110    0.000    0.000    0.000    0.000    0.000    0.000    0.000    0.000
60        0.000    0.000    0.000    0.000   25.837  112.268   26.438    4.457    0.000    0.000    0.000    0.000    0.000    0.000    0.000    0.000
61        0.000    0.000    0.000    0.000   21.604  124.704   31.934    5.759    0.000    0.000    0.000    0.000    0.000    0.000    0.000    0.000
62        0.000    0.000    0.000    0.000   16.445  127.367   36.149    7.039    0.000    0.000    0.000    0.000    0.000    0.000    0.000    0.000
63        0.000    0.000    0.000    0.000   12.262  128.713   41.266    8.759    0.000    0.000    0.000    0.000    0.000    0.000    0.000    0.000
64        0.000    0.000    0.000    0.000    7.667  110.169   40.666    9.498    0.000    0.000    0.000    0.000    0.000    0.000    0.000    0.000
65        0.000    0.000    0.000    0.000    5.677  112.791   48.858   12.675    0.000    0.000    0.000    0.000    0.000    0.000    0.000    0.000
66        0.000    0.000    0.000    0.000    3.319   92.091   47.712   13.879    0.000    0.000    0.000    0.000    0.000    0.000    0.000    0.000
67        0.000    0.000    0.000    0.000    1.767   69.166   43.685   14.383    0.000    0.000    0.000    0.000    0.000    0.000    0.000    0.000
68        0.000    0.000    0.000    0.000    1.111   61.966   48.629   18.295    0.000    0.000    0.000    0.000    0.000    0.000    0.000    0.000
69        0.000    0.000    0.000    0.000    0.562   45.128   44.849   19.462    0.000    0.000    0.000    0.000    0.000    0.000    0.000    0.000
70        0.000    0.000    0.000    0.000    0.341   39.803   51.058   25.798    0.000    0.000    0.000    0.000    0.000    0.000    0.000    0.000
71        0.000    0.000    0.000    0.000    0.115   19.771   33.365   19.815   16.934    0.000    0.000    0.000    0.000    0.000    0.000    0.000
72        0.000    0.000    0.000    0.000    0.068   17.279   39.100   27.552    0.000    0.000    0.000    0.000    0.000    0.000    0.000    0.000
73        0.000    0.000    0.000    0.000    0.032   12.080   37.358   31.531    0.000    0.000    0.000    0.000    0.000    0.000    0.000    0.000
74        0.000    0.000    0.000    0.000    0.010    5.976   25.743   26.271    0.000    0.000    0.000    0.000    0.000    0.000    0.000    0.000
75        0.000    0.000    0.000    0.000    0.003    2.986   18.263   22.748    0.000    0.000    0.000    0.000    0.000    0.000    0.000    0.000
76        0.000    0.000    0.000    0.000    0.001    1.579   13.974   21.446    0.000    0.000    0.000    0.000    0.000    0.000    0.000    0.000
77        0.000    0.000    0.000    0.000    0.000    0.667    8.709   16.624    0.000    0.000    0.000    0.000    0.000    0.000    0.000    0.000
78        0.000    0.000    0.000    0.000    0.000    0.473    9.282   22.245    0.000    0.000    0.000    0.000    0.000    0.000    0.000    0.000
79        0.000    0.000    0.000    0.000    0.000    0.106    3.193    9.700    0.000    0.000    0.000    0.000    0.000    0.000    0.000    0.000
80        0.000    0.000    0.000    0.000    0.000    0.082    3.871   15.046    0.000    0.000    0.000    0.000    0.000    0.000    0.000    0.000
81        0.000    0.000    0.000    0.000    0.000    0.035    2.652   13.313    0.000    0.000    0.000    0.000    0.000    0.000    0.000    0.000
82        0.000    0.000    0.000    0.000    0.000    0.019    2.251   14.731    0.000    0.000    0.000    0.000    0.000    0.000    0.000    0.000
83        0.000    0.000    0.000    0.000    0.000    0.007    1.455   12.537    0.000    0.000    0.000    0.000    0.000    0.000    0.000    0.000
84        0.000    0.000    0.000    0.000    0.000    0.005    1.526   17.469    0.000    0.000    0.000    0.000    0.000    0.000    0.000    0.000
85        0.000    0.000    0.000    0.000    0.000    0.001    0.734   11.265    0.000    0.000    0.000    0.000    0.000    0.000    0.000    0.000
86        0.000    0.000    0.000    0.000    0.000    0.001    0.551   11.449    0.000    0.000    0.000    0.000    0.000    0.000    0.000    0.000
87        0.000    0.000    0.000    0.000    0.000    0.001    0.918   26.081    0.000    0.000    0.000    0.000    0.000    0.000    0.000    0.000
88        0.000    0.000    0.000    0.000    0.000    0.000    0.002    0.095    0.000   14.903    0.000    0.000    0.000    0.000    0.000    0.000
89        0.000    0.000    0.000    0.000    0.000    0.000    0.342   18.658    0.000    0.000    0.000    0.000    0.000    0.000    0.000    0.000
90        0.000    0.000    0.000    0.000    0.000    0.000    0.257   19.743    0.000    0.000    0.000    0.000    0.000    0.000    0.000    0.000
91        0.000    0.000    0.000    0.000    0.000    0.000    0.000    0.024    0.000    0.000    0.000   21.976    0.000    0.000    0.000    0.000
92        0.000    0.000    0.000    0.000    0.000    0.000    0.178   27.822    0.000    0.000    0.000    0.000    0.000    0.000    0.000    0.000
93        0.000    0.000    0.000    0.000    0.000    0.000    0.132   29.868    0.000    0.000    0.000    0.000    0.000    0.000    0.000    0.000
94        0.000    0.000    0.000    0.000    0.000    0.000    0.067   21.933    0.000    0.000    0.000    0.000    0.000    0.000    0.000    0.000
95        0.000    0.000    0.000    0.000    0.000    0.000    0.055   26.945    0.000    0.000    0.000    0.000    0.000    0.000    0.000    0.000
96        0.000    0.000    0.000    0.000    0.000    0.000    0.012    8.988    0.000    0.000    0.000    0.000    0.000    0.000    0.000    0.000
97        0.000    0.000    0.000    0.000    0.000    0.000    0.012   12.988    0.000    0.000    0.000    0.000    0.000    0.000    0.000    0.000
98        0.000    0.000    0.000    0.000    0.000    0.000    0.004    5.996    0.000    0.000    0.000    0.000    0.000    0.000    0.000    0.000
99        0.000    0.000    0.000    0.000    0.000    0.000    0.003    7.997    0.000    0.000    0.000    0.000    0.000    0.000    0.000    0.000
100       0.000    0.000    0.000    0.000    0.000    0.000    0.001    4.999    0.000    0.000    0.000    0.000    0.000    0.000    0.000    0.000
101       0.000    0.000    0.000    0.000    0.000    0.000    0.000    2.000    0.000    0.000    0.000    0.000    0.000    0.000    0.000    0.000
102       0.000    0.000    0.000    0.000    0.000    0.000    0.000    2.000    0.000    0.000    0.000    0.000    0.000    0.000    0.000    0.000
103       0.000    0.000    0.000    0.000    0.000    0.000    0.000    3.000    0.000    0.000    0.000    0.000    0.000    0.000    0.000    0.000
104       0.000    0.000    0.000    0.000    0.000    0.000    0.000    1.000    0.000    0.000    0.000    0.000    0.000    0.000    0.000    0.000
105       0.000    0.000    0.000    0.000    0.000    0.000    0.000    2.000    0.000    0.000    0.000    0.000    0.000    0.000    0.000    0.000
106       0.000    0.000    0.000    0.000    0.000    0.000    0.000    1.000    0.000    0.000    0.000    0.000    0.000    0.000    0.000    0.000
107       0.000    0.000    0.000    0.000    0.000    0.000    0.000    0.000    0.000    0.000    0.000    0.000    0.000    0.000    0.000    0.000
108       0.000    0.000    0.000    0.000    0.000    0.000    0.000    0.000    0.000    0.000    0.000    0.000    0.000    0.000    0.000    0.000
109       0.000    0.000    0.000    0.000    0.000    0.000    0.000    0.000    0.000    0.000    0.000    0.000    0.000    0.000    0.000    0.000
110       0.000    0.000    0.000    0.000    0.000    0.000    0.000    0.000    0.000    0.000    0.000    0.000    0.000    0.000    0.000    0.000
111       0.000    0.000    0.000    0.000    0.000    0.000    0.000    0.000    0.000    0.000    0.000    0.000    0.000    0.000    0.000    0.000
112       0.000    0.000    0.000    0.000    0.000    0.000    0.000    0.000    0.000    0.000    0.000    0.000    0.000    0.000    0.000    0.000
113       0.000    0.000    0.000    0.000    0.000    0.000    0.000    0.000    0.000    0.000    0.000    0.000    0.000    0.000    0.000    0.000
114       0.000    0.000    0.000    0.000    0.000    0.000    0.000    0.000    0.000    0.000    0.000    0.000    0.000    0.000    0.000    0.000
115       0.000    0.000    0.000    0.000    0.000    0.000    0.000    0.000    0.000    0.000    0.000    0.000    0.000    0.000    0.000    0.000
116       0.000    0.000    0.000    0.000    0.000    0.000    0.000    1.000    0.000    0.000    0.000    0.000    0.000    0.000    0.000    0.000
117       0.000    0.000    0.000    0.000    0.000    0.000    0.000    0.000    0.000    0.000    0.000    0.000    0.000    0.000    0.000    0.000
118       0.000    0.000    0.000    0.000    0.000    0.000    0.000    0.000    0.000    0.000    0.000    0.000    0.000    0.000    0.000    0.000
119       0.000    0.000    0.000    0.000    0.000    0.000    0.000    0.000    0.000    0.000    0.000    0.000    0.000    0.000    0.000    0.000
120       0.000    0.000    0.000    0.000    0.000    0.000    0.000    0.000    0.000    0.000    0.000    0.000    0.000    0.000    0.000    0.000
121       0.000    0.000    0.000    0.000    0.000    0.000    0.000    0.000    0.000    0.000    0.000    0.000    0.000    0.000    0.000    0.000
122       0.000    0.000    0.000    0.000    0.000    0.000    0.000    0.000    0.000    0.000    0.000    0.000    0.000    0.000    0.000    0.000
123       0.000    0.000    0.000    0.000    0.000    0.000    0.000    0.000    0.000    0.000    0.000    0.000    0.000    0.000    0.000    0.000
124       0.000    0.000    0.000    0.000    0.000    0.000    0.000    0.000    0.000    0.000    0.000    0.000    0.000    0.000    0.000    0.000
125       0.000    0.000    0.000    0.000    0.000    0.000    0.000    0.000    0.000    0.000    0.000    0.000    0.000    0.000    0.000    0.000
126       0.000    0.000    0.000    0.000    0.000    0.000    0.000    0.000    0.000    0.000    0.000    0.000    0.000    0.000    0.000    0.000
127       0.000    0.000    0.000    0.000    0.000    0.000    0.000    0.000    0.000    0.000    0.000    0.000    0.000    0.000    0.000    0.000
128       0.000    0.000    0.000    0.000    0.000    0.000    0.000    0.000    0.000    0.000    0.000    0.000    0.000    0.000    0.000    0.000
129       0.000    0.000    0.000    0.000    0.000    0.000    0.000    0.000    0.000    0.000    0.000    0.000    0.000    0.000    0.000    0.000
130       0.000    0.000    0.000    0.000    0.000    0.000    0.000    0.000    0.000    0.000    0.000    0.000    0.000    0.000    0.000    0.000
131       0.000    0.000    0.000    0.000    0.000    0.000    0.000    0.000    0.000    0.000    0.000    0.000    0.000    0.000    0.000    0.000
132       0.000    0.000    0.000    0.000    0.000    0.000    0.000    0.000    0.000    0.000    0.000    0.000    0.000    0.000    0.000    0.000
133       0.000    0.000    0.000    0.000    0.000    0.000    0.000    0.000    0.000    0.000    0.000    0.000    0.000    0.000    0.000    0.000
134       0.000    0.000    0.000    0.000    0.000    0.000    0.000    0.000    0.000    0.000    0.000    0.000    0.000    0.000    0.000    0.000
135       0.000    0.000    0.000    0.000    0.000    0.000    0.000    0.000    0.000    0.000    0.000    0.000    0.000    0.000    0.000    0.000
136       0.000    0.000    0.000    0.000    0.000    0.000    0.000    0.000    0.000    0.000    0.000    0.000    0.000    0.000    0.000    0.000
137       0.000    0.000    0.000    0.000    0.000    0.000    0.000    0.000    0.000    0.000    0.000    0.000    0.000    0.000    0.000    0.000
138       0.000    0.000    0.000    0.000    0.000    0.000    0.000    0.000    0.000    0.000    0.000    0.000    0.000    0.000    0.000    0.000
139       0.000    0.000    0.000    0.000    0.000    0.000    0.000    0.000    0.000    0.000    0.000    0.000    0.000    0.000    0.000    0.000
140       0.000    0.000    0.000    0.000    0.000    0.000    0.000    0.000    0.000    0.000    0.000    0.000    0.000    0.000    0.000    0.000
141       0.000    0.000    0.000    0.000    0.000    0.000    0.000    0.000    0.000    0.000    0.000    0.000    0.000    0.000    0.000    0.000
142       0.000    0.000    0.000    0.000    0.000    0.000    0.000    0.000    0.000    0.000    0.000    0.000    0.000    0.000    0.000    0.000
143       0.000    0.000    0.000    0.000    0.000    0.000    0.000    0.000    0.000    0.000    0.000    0.000    0.000    0.000    0.000    0.000
144       0.000    0.000    0.000    0.000    0.000    0.000    0.000    0.000    0.000    0.000    0.000    0.000    0.000    0.000    0.000    0.000
145       0.000    0.000    0.000    0.000    0.000    0.000    0.000    0.000    0.000    0.000    0.000    0.000    0.000    0.000    0.000    0.000
146       0.000    0.000    0.000    0.000    0.000    0.000    0.000    0.000    0.000    0.000    0.000    0.000    0.000    0.000    0.000    0.000
147       0.000    0.000    0.000    0.000    0.000    0.000    0.000    0.000    0.000    0.000    0.000    0.000    0.000    0.000    0.000    0.000
148       0.000    0.000    0.000    0.000    0.000    0.000    0.000    0.000    0.000    0.000    0.000    0.000    0.000    0.000    0.000    0.000
149       0.000    0.000    0.000    0.000    0.000    0.000    0.000    0.000    0.000    0.000    0.000    0.000    0.000    0.000    0.000    0.000
150       0.000    0.000    0.000    0.000    0.000    0.000    0.000    0.000    0.000    0.000    0.000    0.000    0.000    0.000    0.000    0.000
Sum       0.000    0.000    0.000    0.000  671.638 1685.811  804.250  678.488   16.934   14.903    0.000   21.976    0.000    0.000    0.000    0.000
mW        0.000    0.000    0.000    0.000    1.316    1.914    2.403    4.381    2.915    5.543    0.000    6.128    0.000    0.000    0.000    0.000
mL        0.000    0.000    0.000    0.000   53.974   61.211   65.814   79.602   71.000   88.000    0.000   91.000    0.000    0.000    0.000    0.000
pA        0.000    0.000    0.000    0.000    0.172    0.433    0.207    0.174    0.004    0.004    0.000    0.006    0.000    0.000    0.000    0.000
tot.mW 2383.887 2383.887 2383.887 2383.887 2383.887 2383.887 2383.887 2383.887 2383.887 2383.887 2383.887 2383.887 2383.887 2383.887 2383.887 2383.887
tot.mL   64.446   64.446   64.446   64.446   64.446   64.446   64.446   64.446   64.446   64.446   64.446   64.446   64.446   64.446   64.446   64.446
          Matad      Sum
1         0.000    0.000
2         0.000    0.000
3         0.000    0.000
4         0.000    0.000
5         0.000    0.000
6         0.000    0.000
7         0.000    0.000
8         0.000    0.000
9         0.000    0.000
10        0.000    0.000
11        0.000    0.000
12        0.000    0.000
13        0.000    0.000
14        0.000    0.000
15        0.000    0.000
16        0.000    0.000
17        0.000    0.000
18        0.000    0.000
19        0.000    0.000
20        0.000    0.000
21        0.000    0.000
22        0.000    0.000
23        0.000    0.000
24        0.000    0.000
25        0.000    0.000
26        0.000    0.000
27        0.000    0.000
28        0.000    0.000
29        0.000    0.000
30        0.000    0.000
31        0.000    0.000
32        0.000    0.000
33        0.000    0.000
34        0.000    0.000
35        0.000    0.000
36        0.000    0.000
37        0.000    0.000
38        0.000    0.000
39        0.000    0.000
40        0.000    0.000
41        4.000    4.000
42        1.000    1.000
43        4.000    4.000
44        3.000    3.000
45        8.000    8.000
46       22.000   22.000
47       40.000   40.000
48       45.000   45.000
49       49.000   49.000
50       75.000   75.000
51       98.000   98.000
52       87.000   87.000
53      109.000  109.000
54      103.000  103.000
55      129.000  129.000
56      102.000  102.000
57      160.000  160.000
58      158.000  158.000
59      138.000  138.000
60      169.000  169.000
61      184.000  184.000
62      187.000  187.000
63      191.000  191.000
64      168.000  168.000
65      180.000  180.000
66      157.000  157.000
67      129.000  129.000
68      130.000  130.000
69      110.000  110.000
70      117.000  117.000
71       90.000   90.000
72       84.000   84.000
73       81.000   81.000
74       58.000   58.000
75       44.000   44.000
76       37.000   37.000
77       26.000   26.000
78       32.000   32.000
79       13.000   13.000
80       19.000   19.000
81       16.000   16.000
82       17.000   17.000
83       14.000   14.000
84       19.000   19.000
85       12.000   12.000
86       12.000   12.000
87       27.000   27.000
88       15.000   15.000
89       19.000   19.000
90       20.000   20.000
91       22.000   22.000
92       28.000   28.000
93       30.000   30.000
94       22.000   22.000
95       27.000   27.000
96        9.000    9.000
97       13.000   13.000
98        6.000    6.000
99        8.000    8.000
100       5.000    5.000
101       2.000    2.000
102       2.000    2.000
103       3.000    3.000
104       1.000    1.000
105       2.000    2.000
106       1.000    1.000
107       0.000    0.000
108       0.000    0.000
109       0.000    0.000
110       0.000    0.000
111       0.000    0.000
112       0.000    0.000
113       0.000    0.000
114       0.000    0.000
115       0.000    0.000
116       1.000    1.000
117       0.000    0.000
118       0.000    0.000
119       0.000    0.000
120       0.000    0.000
121       0.000    0.000
122       0.000    0.000
123       0.000    0.000
124       0.000    0.000
125       0.000    0.000
126       0.000    0.000
127       0.000    0.000
128       0.000    0.000
129       0.000    0.000
130       0.000    0.000
131       0.000    0.000
132       0.000    0.000
133       0.000    0.000
134       0.000    0.000
135       0.000    0.000
136       0.000    0.000
137       0.000    0.000
138       0.000    0.000
139       0.000    0.000
140       0.000    0.000
141       0.000    0.000
142       0.000    0.000
143       0.000    0.000
144       0.000    0.000
145       0.000    0.000
146       0.000    0.000
147       0.000    0.000
148       0.000    0.000
149       0.000    0.000
150       0.000    0.000
Sum    3894.000 3894.000
mW        0.000    0.000
mL        0.000    0.000
pA        0.000    0.000
tot.mW 2383.887 2383.887
tot.mL   64.446   64.446


 .... [TRUNCATED] 
>>>>>>>>>>>>>>>>>>>>>>>>>>>>>>>>>>>>>>>>>>>>>>>>>>>>>>>>>>>>>> 
 > Dato                :  Tue Dec  9 10:47:14 2014 
 > Slag                :  UP 
 > ?r                  :  2014 
 > Ti?arskei?          :  JUL-DEC 
 > Skipab?lk/-ar       :  19 20 21 
 > Skipab?lk/-ar (l?n) :  0 
 > ICES-?ki            :  VB1 
 <<<<<<<<<<<<<<<<<<<<<<<<<<<<<<<<<<<<<<<<<<<<<<<<<<<<<<<<<<<<<< 

$URSLITID
   aldur tal_matad tal_fiskad midal_longd midal_vekt roknad_veida
0      0         0          0        0.00      0.000            0
1      1         0          0        0.00      0.000            0
2      2         0          0        0.00      0.000            0
3      3         0          0        0.00      0.000            0
4      4       542       4356       55.37      1.408         6133
5      5      1719      13812       60.96      1.890        26106
6      6       689       5534       65.19      2.306        12759
7      7       346       2783       70.71      2.912         8104
8      8        30        241       71.00      2.915          703
9      9        15        121       88.00      5.543          668
10    10         0          0        0.00      0.000            0
11    11        22        177       91.00      6.128         1083
12    12         0          0        0.00      0.000            0
13    13         0          0        0.00      0.000            0
14    14         0          0        0.00      0.000            0
15    15         0          0        0.00      0.000            0
17   Sum      3363      27024       62.33      2.056        55556

$URSLITID.j
   aldur tal_matad tal_fiskad midal_longd midal_vekt roknad_veida
0      0         0          0        0.00      0.000            0
1      1         0          0        0.00      0.000            0
2      2         0          0        0.00      0.000            0
3      3         0          0        0.00      0.000            0
4      4       672       4020       53.97      1.316         5288
5      5      1686      10089       61.21      1.914        19313
6      6       804       4813       65.81      2.403        11568
7      7       678       4061       79.60      4.381        17790
8      8        17        101       71.00      2.915          295
9      9        15         89       88.00      5.543          494
10    10         0          0        0.00      0.000            0
11    11        22        132       91.00      6.128          806
12    12         0          0        0.00      0.000            0
13    13         0          0        0.00      0.000            0
14    14         0          0        0.00      0.000            0
15    15         0          0        0.00      0.000            0
17   Sum      3894      23305       64.45      2.384        55554


 .... [TRUNCATED] 
