
 .... [TRUNCATED] 
<<<<<<<<<<<<<<<<<<<<<<<<<<<<<<<<<<<<<<<<<<<<<<<<<<<<<<<<<<<<<<<<<<<<<<<< 
 > Dato                                      :  Wed Dec  3 14:51:17 2014 
 > Slag                                      :  HY 
 > Ár                                        :  2014 
 > Skipabólk/-ar                             :  19 
 > Byrjanar og enda mánaŵ fyri ALK/ALD       :  JAN-DEC 
 > Skipabólk/-ar, sum longdir eru lántar frá :  0 
 > Skipabólk/-ar, sum vektir eru lántar frá  :  0 
 > Skipabólk/-ar, sum aldrar eru lántar frá  :  0 
 > ICES-øki                                  :  VB1 
 <<<<<<<<<<<<<<<<<<<<<<<<<<<<<<<<<<<<<<<<<<<<<<<<<<<<<<<<<<<<<<<<<<<<<<<<
 .... [TRUNCATED] 
>>>>>>>>>>>>>>>>>>>>>>>>>>>>>>>>>>>>> 
> Alpha	 = 0.01323203
> Beta	 = 2.890818
> R^2	 = 0.9409243
> N	 = 3194
> Veida (kg.)	  = 44444
> Rundveida (kg.) = 49332.84
<<<<<<<<<<<<<<<<<<<<<<<<<<<<<<<<<<<<<
 .... [TRUNCATED] 
>>>>>>>>>>>>>> 	 ALK-lykil 	 <<<<<<<<<<<<
 .... [TRUNCATED] 
$ALK
    longd 0 1 2 3 4  5 6 7 8 9 10 11 12 13 14 15 Sum Matad
1       1 0 0 0 0 0  0 0 0 0 0  0  0  0  0  0  0   0     0
2       2 0 0 0 0 0  0 0 0 0 0  0  0  0  0  0  0   0     0
3       3 0 0 0 0 0  0 0 0 0 0  0  0  0  0  0  0   0     0
4       4 0 0 0 0 0  0 0 0 0 0  0  0  0  0  0  0   0     0
5       5 0 0 0 0 0  0 0 0 0 0  0  0  0  0  0  0   0     0
6       6 0 0 0 0 0  0 0 0 0 0  0  0  0  0  0  0   0     0
7       7 0 0 0 0 0  0 0 0 0 0  0  0  0  0  0  0   0     0
8       8 0 0 0 0 0  0 0 0 0 0  0  0  0  0  0  0   0     0
9       9 0 0 0 0 0  0 0 0 0 0  0  0  0  0  0  0   0     0
10     10 0 0 0 0 0  0 0 0 0 0  0  0  0  0  0  0   0     0
11     11 0 0 0 0 0  0 0 0 0 0  0  0  0  0  0  0   0     0
12     12 0 0 0 0 0  0 0 0 0 0  0  0  0  0  0  0   0     0
13     13 0 0 0 0 0  0 0 0 0 0  0  0  0  0  0  0   0     0
14     14 0 0 0 0 0  0 0 0 0 0  0  0  0  0  0  0   0     0
15     15 0 0 0 0 0  0 0 0 0 0  0  0  0  0  0  0   0     0
16     16 0 0 0 0 0  0 0 0 0 0  0  0  0  0  0  0   0     0
17     17 0 0 0 0 0  0 0 0 0 0  0  0  0  0  0  0   0     0
18     18 0 0 0 0 0  0 0 0 0 0  0  0  0  0  0  0   0     0
19     19 0 0 0 0 0  0 0 0 0 0  0  0  0  0  0  0   0     0
20     20 0 0 0 0 0  0 0 0 0 0  0  0  0  0  0  0   0     0
21     21 0 0 0 0 0  0 0 0 0 0  0  0  0  0  0  0   0     0
22     22 0 0 0 0 0  0 0 0 0 0  0  0  0  0  0  0   0     0
23     23 0 0 0 0 0  0 0 0 0 0  0  0  0  0  0  0   0     0
24     24 0 0 0 0 0  0 0 0 0 0  0  0  0  0  0  0   0     0
25     25 0 0 0 0 0  0 0 0 0 0  0  0  0  0  0  0   0     0
26     26 0 0 0 0 0  0 0 0 0 0  0  0  0  0  0  0   0     0
27     27 0 0 0 0 0  0 0 0 0 0  0  0  0  0  0  0   0     0
28     28 0 0 0 0 0  0 0 0 0 0  0  0  0  0  0  0   0     0
29     29 0 0 0 0 0  0 0 0 0 0  0  0  0  0  0  0   0     0
30     30 0 0 0 0 0  0 0 0 0 0  0  0  0  0  0  0   0     0
31     31 0 0 0 0 0  0 0 0 0 0  0  0  0  0  0  0   0     3
32     32 0 0 0 0 0  0 0 0 0 0  0  0  0  0  0  0   0     4
33     33 0 0 0 0 0  0 0 0 0 0  0  0  0  0  0  0   0     6
34     34 0 0 0 0 0  0 0 0 0 0  0  0  0  0  0  0   0     6
35     35 0 0 0 0 0  0 0 0 0 0  0  0  0  0  0  0   0     6
36     36 0 0 0 0 0  0 0 0 0 0  0  0  0  0  0  0   0    12
37     37 0 0 1 0 0  0 0 0 0 0  0  0  0  0  0  0   1    18
38     38 0 0 0 0 0  0 0 0 0 0  0  0  0  0  0  0   0    12
39     39 0 0 0 0 0  0 0 0 0 0  0  0  0  0  0  0   0    21
40     40 0 0 1 0 1  0 0 0 0 0  0  0  0  0  0  0   2    41
41     41 0 0 0 1 0  1 0 0 0 0  0  0  0  0  0  0   2    62
42     42 0 0 0 5 3  0 0 0 0 0  0  0  0  0  0  0   8    84
43     43 0 0 0 3 1  0 0 0 0 0  0  0  0  0  0  0   4   103
44     44 0 0 0 5 4  1 0 0 0 0  0  0  0  0  0  0  10   129
45     45 0 0 0 6 5  2 0 0 0 0  0  0  0  0  0  0  13   155
46     46 0 0 0 7 2  3 0 0 0 0  0  0  0  0  0  0  12   170
47     47 0 0 0 3 4  6 0 0 0 0  0  0  0  0  0  0  13   201
48     48 0 0 0 4 5  3 0 0 0 0  0  0  0  0  0  0  12   205
49     49 0 0 0 3 6 10 1 0 0 0  0  0  0  0  0  0  20   266
50     50 0 0 0 4 0 12 0 0 0 0  0  0  0  0  0  0  16   230
51     51 0 0 0 1 3 11 0 0 0 0  0  0  0  0  0  0  15   215
52     52 0 0 0 3 2  8 0 0 0 0  1  0  0  0  0  0  14   198
53     53 0 0 0 0 3  6 1 0 0 0  0  0  0  0  0  0  10   234
54     54 0 0 0 0 5  6 1 0 0 0  0  0  0  0  0  0  12   170
55     55 0 0 0 0 1  4 2 0 1 0  0  0  0  0  0  0   8   137
56     56 0 0 0 0 1  7 1 1 0 0  0  0  0  0  0  0  10   137
57     57 0 0 0 0 0  6 0 1 1 0  0  1  0  0  0  0   9   123
58     58 0 0 0 0 2  9 0 0 0 0  0  1  0  0  0  0  12    96
59     59 0 0 0 0 0  1 0 0 0 0  1  0  0  0  0  0   2    60
60     60 0 0 0 0 0  4 0 1 1 0  0  0  0  0  0  0   6    61
61     61 0 0 0 0 0  1 1 0 1 0  0  0  0  0  0  0   3    46
62     62 0 0 0 0 0  1 1 1 1 1  0  1  0  0  0  0   6    50
63     63 0 0 0 0 0  2 0 0 0 0  0  0  0  0  0  0   2    35
64     64 0 0 0 0 0  0 2 1 1 0  0  0  0  1  0  0   5    26
65     65 0 0 0 0 0  1 1 0 0 0  0  0  0  0  0  0   2    25
66     66 0 0 0 0 0  1 2 1 1 0  0  0  0  0  0  0   5    17
67     67 0 0 0 0 0  0 0 0 0 0  0  0  1  0  0  0   1    11
68     68 0 0 0 0 0  0 0 0 0 0  0  0  0  0  0  0   0     5
69     69 0 0 0 0 0  0 0 0 0 0  0  0  0  0  0  0   0     4
70     70 0 0 0 0 0  0 1 0 0 1  0  0  0  0  0  0   2     6
71     71 0 0 0 0 0  0 2 0 0 0  0  0  0  0  0  0   2     4
72     72 0 0 0 0 0  0 0 0 0 0  0  0  0  0  0  0   0     2
73     73 0 0 0 0 0  0 0 0 0 0  0  0  0  0  0  0   0     2
74     74 0 0 0 0 0  0 0 0 0 0  0  0  0  0  0  0   0     1
75     75 0 0 0 0 0  0 0 0 0 0  0  0  0  0  0  0   0     0
76     76 0 0 0 0 0  0 0 0 0 0  0  0  0  0  0  0   0     0
77     77 0 0 0 0 0  0 0 0 0 0  0  0  0  0  0  0   0     0
78     78 0 0 0 0 0  0 0 0 0 0  0  0  0  0  0  0   0     0
79     79 0 0 0 0 0  0 0 0 0 0  0  0  0  0  0  0   0     0
80     80 0 0 0 0 0  0 0 0 0 0  0  0  0  0  0  0   0     0
81     81 0 0 0 0 0  0 0 0 0 0  0  0  0  0  0  0   0     0
82     82 0 0 0 0 0  0 0 0 0 0  0  0  0  0  0  0   0     0
83     83 0 0 0 0 0  0 0 0 0 0  0  0  0  0  0  0   0     0
84     84 0 0 0 0 0  0 0 0 0 0  0  0  0  0  0  0   0     0
85     85 0 0 0 0 0  0 0 0 0 0  0  0  0  0  0  0   0     0
86     86 0 0 0 0 0  0 0 0 0 0  0  0  0  0  0  0   0     0
87     87 0 0 0 0 0  0 0 0 0 0  0  0  0  0  0  0   0     0
88     88 0 0 0 0 0  0 0 0 0 0  0  0  0  0  0  0   0     0
89     89 0 0 0 0 0  0 0 0 0 0  0  0  0  0  0  0   0     0
90     90 0 0 0 0 0  0 0 0 0 0  0  0  0  0  0  0   0     0
91     91 0 0 0 0 0  0 0 0 0 0  0  0  0  0  0  0   0     0
92     92 0 0 0 0 0  0 0 0 0 0  0  0  0  0  0  0   0     0
93     93 0 0 0 0 0  0 0 0 0 0  0  0  0  0  0  0   0     0
94     94 0 0 0 0 0  0 0 0 0 0  0  0  0  0  0  0   0     0
95     95 0 0 0 0 0  0 0 0 0 0  0  0  0  0  0  0   0     0
96     96 0 0 0 0 0  0 0 0 0 0  0  0  0  0  0  0   0     0
97     97 0 0 0 0 0  0 0 0 0 0  0  0  0  0  0  0   0     0
98     98 0 0 0 0 0  0 0 0 0 0  0  0  0  0  0  0   0     0
99     99 0 0 0 0 0  0 0 0 0 0  0  0  0  0  0  0   0     0
100   100 0 0 0 0 0  0 0 0 0 0  0  0  0  0  0  0   0     0
101   101 0 0 0 0 0  0 0 0 0 0  0  0  0  0  0  0   0     0
102   102 0 0 0 0 0  0 0 0 0 0  0  0  0  0  0  0   0     0
103   103 0 0 0 0 0  0 0 0 0 0  0  0  0  0  0  0   0     0
104   104 0 0 0 0 0  0 0 0 0 0  0  0  0  0  0  0   0     0
105   105 0 0 0 0 0  0 0 0 0 0  0  0  0  0  0  0   0     0
106   106 0 0 0 0 0  0 0 0 0 0  0  0  0  0  0  0   0     0
107   107 0 0 0 0 0  0 0 0 0 0  0  0  0  0  0  0   0     0
108   108 0 0 0 0 0  0 0 0 0 0  0  0  0  0  0  0   0     0
109   109 0 0 0 0 0  0 0 0 0 0  0  0  0  0  0  0   0     0
110   110 0 0 0 0 0  0 0 0 0 0  0  0  0  0  0  0   0     0
111   111 0 0 0 0 0  0 0 0 0 0  0  0  0  0  0  0   0     0
112   112 0 0 0 0 0  0 0 0 0 0  0  0  0  0  0  0   0     0
113   113 0 0 0 0 0  0 0 0 0 0  0  0  0  0  0  0   0     0
114   114 0 0 0 0 0  0 0 0 0 0  0  0  0  0  0  0   0     0
115   115 0 0 0 0 0  0 0 0 0 0  0  0  0  0  0  0   0     0
116   116 0 0 0 0 0  0 0 0 0 0  0  0  0  0  0  0   0     0
117   117 0 0 0 0 0  0 0 0 0 0  0  0  0  0  0  0   0     0
118   118 0 0 0 0 0  0 0 0 0 0  0  0  0  0  0  0   0     0
119   119 0 0 0 0 0  0 0 0 0 0  0  0  0  0  0  0   0     0
120   120 0 0 0 0 0  0 0 0 0 0  0  0  0  0  0  0   0     0
121   121 0 0 0 0 0  0 0 0 0 0  0  0  0  0  0  0   0     0
122   122 0 0 0 0 0  0 0 0 0 0  0  0  0  0  0  0   0     0
123   123 0 0 0 0 0  0 0 0 0 0  0  0  0  0  0  0   0     0
124   124 0 0 0 0 0  0 0 0 0 0  0  0  0  0  0  0   0     0
125   125 0 0 0 0 0  0 0 0 0 0  0  0  0  0  0  0   0     0
126   126 0 0 0 0 0  0 0 0 0 0  0  0  0  0  0  0   0     0
127   127 0 0 0 0 0  0 0 0 0 0  0  0  0  0  0  0   0     0
128   128 0 0 0 0 0  0 0 0 0 0  0  0  0  0  0  0   0     0
129   129 0 0 0 0 0  0 0 0 0 0  0  0  0  0  0  0   0     0
130   130 0 0 0 0 0  0 0 0 0 0  0  0  0  0  0  0   0     0
131   131 0 0 0 0 0  0 0 0 0 0  0  0  0  0  0  0   0     0
132   132 0 0 0 0 0  0 0 0 0 0  0  0  0  0  0  0   0     0
133   133 0 0 0 0 0  0 0 0 0 0  0  0  0  0  0  0   0     0
134   134 0 0 0 0 0  0 0 0 0 0  0  0  0  0  0  0   0     0
135   135 0 0 0 0 0  0 0 0 0 0  0  0  0  0  0  0   0     0
136   136 0 0 0 0 0  0 0 0 0 0  0  0  0  0  0  0   0     0
137   137 0 0 0 0 0  0 0 0 0 0  0  0  0  0  0  0   0     0
138   138 0 0 0 0 0  0 0 0 0 0  0  0  0  0  0  0   0     0
139   139 0 0 0 0 0  0 0 0 0 0  0  0  0  0  0  0   0     0
140   140 0 0 0 0 0  0 0 0 0 0  0  0  0  0  0  0   0     0
141   141 0 0 0 0 0  0 0 0 0 0  0  0  0  0  0  0   0     0
142   142 0 0 0 0 0  0 0 0 0 0  0  0  0  0  0  0   0     0
143   143 0 0 0 0 0  0 0 0 0 0  0  0  0  0  0  0   0     0
144   144 0 0 0 0 0  0 0 0 0 0  0  0  0  0  0  0   0     0
145   145 0 0 0 0 0  0 0 0 0 0  0  0  0  0  0  0   0     0
146   146 0 0 0 0 0  0 0 0 0 0  0  0  0  0  0  0   0     0
147   147 0 0 0 0 0  0 0 0 0 0  0  0  0  0  0  0   0     0
148   148 0 0 0 0 0  0 0 0 0 0  0  0  0  0  0  0   0     0
149   149 0 0 0 0 0  0 0 0 0 0  0  0  0  0  0  0   0     0
150   150 0 0 0 0 0  0 0 0 0 0  0  0  0  0  0  0   0     0

$ALK.j
    longd 0 1     2     3     4     5     6     7     8     9    10    11 12 13 14 15    Sum Matad
1       1 0 0 0.000 0.000 0.000 0.000 0.000 0.000 0.000 0.000 0.000 0.000  0  0  0  0  0.000     0
2       2 0 0 0.000 0.000 0.000 0.000 0.000 0.000 0.000 0.000 0.000 0.000  0  0  0  0  0.000     0
3       3 0 0 0.000 0.000 0.000 0.000 0.000 0.000 0.000 0.000 0.000 0.000  0  0  0  0  0.000     0
4       4 0 0 0.000 0.000 0.000 0.000 0.000 0.000 0.000 0.000 0.000 0.000  0  0  0  0  0.000     0
5       5 0 0 0.000 0.000 0.000 0.000 0.000 0.000 0.000 0.000 0.000 0.000  0  0  0  0  0.000     0
6       6 0 0 0.000 0.000 0.000 0.000 0.000 0.000 0.000 0.000 0.000 0.000  0  0  0  0  0.000     0
7       7 0 0 0.000 0.000 0.000 0.000 0.000 0.000 0.000 0.000 0.000 0.000  0  0  0  0  0.000     0
8       8 0 0 0.000 0.000 0.000 0.000 0.000 0.000 0.000 0.000 0.000 0.000  0  0  0  0  0.000     0
9       9 0 0 0.000 0.000 0.000 0.000 0.000 0.000 0.000 0.000 0.000 0.000  0  0  0  0  0.000     0
10     10 0 0 0.000 0.000 0.000 0.000 0.000 0.000 0.000 0.000 0.000 0.000  0  0  0  0  0.000     0
11     11 0 0 0.000 0.000 0.000 0.000 0.000 0.000 0.000 0.000 0.000 0.000  0  0  0  0  0.000     0
12     12 0 0 0.000 0.000 0.000 0.000 0.000 0.000 0.000 0.000 0.000 0.000  0  0  0  0  0.000     0
13     13 0 0 0.000 0.000 0.000 0.000 0.000 0.000 0.000 0.000 0.000 0.000  0  0  0  0  0.000     0
14     14 0 0 0.000 0.000 0.000 0.000 0.000 0.000 0.000 0.000 0.000 0.000  0  0  0  0  0.000     0
15     15 0 0 0.000 0.000 0.000 0.000 0.000 0.000 0.000 0.000 0.000 0.000  0  0  0  0  0.000     0
16     16 0 0 0.000 0.000 0.000 0.000 0.000 0.000 0.000 0.000 0.000 0.000  0  0  0  0  0.000     0
17     17 0 0 0.000 0.000 0.000 0.000 0.000 0.000 0.000 0.000 0.000 0.000  0  0  0  0  0.000     0
18     18 0 0 0.000 0.000 0.000 0.000 0.000 0.000 0.000 0.000 0.000 0.000  0  0  0  0  0.000     0
19     19 0 0 0.000 0.000 0.000 0.000 0.000 0.000 0.000 0.000 0.000 0.000  0  0  0  0  0.000     0
20     20 0 0 0.000 0.000 0.000 0.000 0.000 0.000 0.000 0.000 0.000 0.000  0  0  0  0  0.000     0
21     21 0 0 0.000 0.000 0.000 0.000 0.000 0.000 0.000 0.000 0.000 0.000  0  0  0  0  0.000     0
22     22 0 0 0.000 0.000 0.000 0.000 0.000 0.000 0.000 0.000 0.000 0.000  0  0  0  0  0.000     0
23     23 0 0 0.000 0.000 0.000 0.000 0.000 0.000 0.000 0.000 0.000 0.000  0  0  0  0  0.000     0
24     24 0 0 0.000 0.000 0.000 0.000 0.000 0.000 0.000 0.000 0.000 0.000  0  0  0  0  0.000     0
25     25 0 0 0.000 0.000 0.000 0.000 0.000 0.000 0.000 0.000 0.000 0.000  0  0  0  0  0.000     0
26     26 0 0 0.000 0.000 0.000 0.000 0.000 0.000 0.000 0.000 0.000 0.000  0  0  0  0  0.000     0
27     27 0 0 0.000 0.000 0.000 0.000 0.000 0.000 0.000 0.000 0.000 0.000  0  0  0  0  0.000     0
28     28 0 0 0.000 0.000 0.000 0.000 0.000 0.000 0.000 0.000 0.000 0.000  0  0  0  0  0.000     0
29     29 0 0 0.000 0.000 0.000 0.000 0.000 0.000 0.000 0.000 0.000 0.000  0  0  0  0  0.000     0
30     30 0 0 0.000 0.000 0.001 0.000 0.000 0.000 0.000 0.000 0.000 0.000  0  0  0  0  0.001     0
31     31 0 0 0.001 0.000 0.002 0.000 0.000 0.000 0.000 0.000 0.000 0.000  0  0  0  0  0.003     3
32     32 0 0 0.003 0.000 0.004 0.001 0.000 0.000 0.000 0.000 0.000 0.000  0  0  0  0  0.008     4
33     33 0 0 0.013 0.000 0.008 0.002 0.000 0.000 0.000 0.000 0.000 0.000  0  0  0  0  0.024     6
34     34 0 0 0.040 0.002 0.018 0.004 0.000 0.000 0.000 0.000 0.000 0.000  0  0  0  0  0.064     6
35     35 0 0 0.096 0.006 0.038 0.008 0.001 0.000 0.000 0.000 0.000 0.000  0  0  0  0  0.149     6
36     36 0 0 0.188 0.019 0.073 0.018 0.001 0.000 0.000 0.000 0.000 0.000  0  0  0  0  0.299    12
37     37 0 0 0.293 0.056 0.136 0.036 0.002 0.000 0.000 0.000 0.000 0.000  0  0  0  0  0.523    18
38     38 0 0 0.366 0.147 0.239 0.071 0.003 0.000 0.000 0.000 0.000 0.000  0  0  0  0  0.826    12
39     39 0 0 0.366 0.342 0.400 0.133 0.005 0.000 0.000 0.000 0.001 0.000  0  0  0  0  1.248    21
40     40 0 0 0.293 0.717 0.638 0.239 0.008 0.000 0.000 0.000 0.001 0.000  0  0  0  0  1.895    41
41     41 0 0 0.188 1.343 0.965 0.410 0.012 0.000 0.000 0.000 0.002 0.000  0  0  0  0  2.921    62
42     42 0 0 0.096 2.255 1.389 0.674 0.018 0.000 0.000 0.000 0.004 0.000  0  0  0  0  4.436    84
43     43 0 0 0.040 3.390 1.900 1.059 0.027 0.000 0.000 0.000 0.007 0.000  0  0  0  0  6.422   103
44     44 0 0 0.013 4.565 2.470 1.593 0.039 0.000 0.000 0.000 0.011 0.000  0  0  0  0  8.692   129
45     45 0 0 0.003 5.505 3.054 2.295 0.056 0.000 0.000 0.000 0.017 0.000  0  0  0  0 10.931   155
46     46 0 0 0.001 5.947 3.589 3.164 0.078 0.000 0.000 0.000 0.026 0.000  0  0  0  0 12.806   170
47     47 0 0 0.000 5.754 4.009 4.177 0.106 0.001 0.001 0.001 0.037 0.000  0  0  0  0 14.086   201
48     48 0 0 0.000 4.985 4.258 5.278 0.142 0.003 0.003 0.001 0.051 0.000  0  0  0  0 14.721   205
49     49 0 0 0.000 3.869 4.298 6.384 0.186 0.006 0.007 0.002 0.068 0.000  0  0  0  0 14.821   266
50     50 0 0 0.000 2.689 4.125 7.393 0.239 0.013 0.014 0.003 0.087 0.001  0  0  0  0 14.564   230
51     51 0 0 0.000 1.674 3.763 8.194 0.300 0.026 0.029 0.004 0.107 0.005  0  0  0  0 14.102   215
52     52 0 0 0.000 0.933 3.264 8.695 0.368 0.048 0.054 0.007 0.126 0.014  0  0  0  0 13.509   198
53     53 0 0 0.000 0.466 2.691 8.832 0.443 0.083 0.095 0.010 0.142 0.035  0  0  0  0 12.797   234
54     54 0 0 0.000 0.208 2.109 8.588 0.523 0.134 0.156 0.015 0.154 0.076  0  0  0  0 11.963   170
55     55 0 0 0.000 0.084 1.571 7.994 0.603 0.202 0.239 0.021 0.160 0.144  0  0  0  0 11.019   137
56     56 0 0 0.000 0.030 1.113 7.124 0.682 0.286 0.341 0.030 0.160 0.238  0  0  0  0 10.003   137
57     57 0 0 0.000 0.010 0.749 6.076 0.755 0.379 0.456 0.040 0.154 0.340  0  0  0  0  8.959   123
58     58 0 0 0.000 0.003 0.480 4.962 0.819 0.470 0.568 0.052 0.142 0.421  0  0  0  0  7.917    96
59     59 0 0 0.000 0.001 0.292 3.878 0.870 0.547 0.661 0.066 0.126 0.452  0  0  0  0  6.893    60
60     60 0 0 0.000 0.000 0.169 2.902 0.905 0.597 0.719 0.080 0.107 0.421  0  0  0  0  5.900    61
61     61 0 0 0.000 0.000 0.093 2.079 0.921 0.610 0.730 0.095 0.087 0.340  0  0  0  0  4.955    46
62     62 0 0 0.000 0.000 0.049 1.426 0.919 0.584 0.691 0.110 0.068 0.238  0  0  0  0  4.084    50
63     63 0 0 0.000 0.000 0.024 0.936 0.898 0.524 0.612 0.123 0.051 0.144  0  0  0  0  3.311    35
64     64 0 0 0.000 0.000 0.011 0.588 0.859 0.441 0.505 0.133 0.037 0.076  0  1  0  0  3.649    26
65     65 0 0 0.000 0.000 0.005 0.354 0.804 0.347 0.390 0.139 0.026 0.035  0  0  0  0  2.099    25
66     66 0 0 0.000 0.000 0.002 0.204 0.738 0.256 0.280 0.141 0.017 0.014  0  0  0  0  1.652    17
67     67 0 0 0.000 0.000 0.001 0.112 0.663 0.177 0.189 0.139 0.011 0.005  1  0  0  0  2.296    11
68     68 0 0 0.000 0.000 0.000 0.059 0.583 0.115 0.118 0.133 0.007 0.001  0  0  0  0  1.017     5
69     69 0 0 0.000 0.000 0.000 0.030 0.503 0.070 0.069 0.123 0.004 0.000  0  0  0  0  0.799     4
70     70 0 0 0.000 0.000 0.000 0.014 0.424 0.040 0.038 0.110 0.002 0.000  0  0  0  0  0.628     6
71     71 0 0 0.000 0.000 0.000 0.007 0.350 0.021 0.019 0.095 0.001 0.000  0  0  0  0  0.494     4
72     72 0 0 0.000 0.000 0.000 0.003 0.284 0.011 0.009 0.080 0.001 0.000  0  0  0  0  0.387     2
73     73 0 0 0.000 0.000 0.000 0.001 0.225 0.005 0.004 0.066 0.000 0.000  0  0  0  0  0.301     2
74     74 0 0 0.000 0.000 0.000 0.001 0.174 0.002 0.002 0.052 0.000 0.000  0  0  0  0  0.231     1
75     75 0 0 0.000 0.000 0.000 0.000 0.133 0.001 0.001 0.040 0.000 0.000  0  0  0  0  0.174     0
76     76 0 0 0.000 0.000 0.000 0.000 0.099 0.000 0.000 0.030 0.000 0.000  0  0  0  0  0.129     0
77     77 0 0 0.000 0.000 0.000 0.000 0.072 0.000 0.000 0.021 0.000 0.000  0  0  0  0  0.094     0
78     78 0 0 0.000 0.000 0.000 0.000 0.051 0.000 0.000 0.015 0.000 0.000  0  0  0  0  0.066     0
79     79 0 0 0.000 0.000 0.000 0.000 0.036 0.000 0.000 0.010 0.000 0.000  0  0  0  0  0.046     0
80     80 0 0 0.000 0.000 0.000 0.000 0.025 0.000 0.000 0.007 0.000 0.000  0  0  0  0  0.031     0
81     81 0 0 0.000 0.000 0.000 0.000 0.016 0.000 0.000 0.004 0.000 0.000  0  0  0  0  0.021     0
82     82 0 0 0.000 0.000 0.000 0.000 0.011 0.000 0.000 0.003 0.000 0.000  0  0  0  0  0.013     0
83     83 0 0 0.000 0.000 0.000 0.000 0.007 0.000 0.000 0.002 0.000 0.000  0  0  0  0  0.009     0
84     84 0 0 0.000 0.000 0.000 0.000 0.004 0.000 0.000 0.001 0.000 0.000  0  0  0  0  0.005     0
85     85 0 0 0.000 0.000 0.000 0.000 0.003 0.000 0.000 0.001 0.000 0.000  0  0  0  0  0.003     0
86     86 0 0 0.000 0.000 0.000 0.000 0.002 0.000 0.000 0.000 0.000 0.000  0  0  0  0  0.002     0
87     87 0 0 0.000 0.000 0.000 0.000 0.001 0.000 0.000 0.000 0.000 0.000  0  0  0  0  0.001     0
88     88 0 0 0.000 0.000 0.000 0.000 0.001 0.000 0.000 0.000 0.000 0.000  0  0  0  0  0.001     0
89     89 0 0 0.000 0.000 0.000 0.000 0.000 0.000 0.000 0.000 0.000 0.000  0  0  0  0  0.000     0
90     90 0 0 0.000 0.000 0.000 0.000 0.000 0.000 0.000 0.000 0.000 0.000  0  0  0  0  0.000     0
91     91 0 0 0.000 0.000 0.000 0.000 0.000 0.000 0.000 0.000 0.000 0.000  0  0  0  0  0.000     0
92     92 0 0 0.000 0.000 0.000 0.000 0.000 0.000 0.000 0.000 0.000 0.000  0  0  0  0  0.000     0
93     93 0 0 0.000 0.000 0.000 0.000 0.000 0.000 0.000 0.000 0.000 0.000  0  0  0  0  0.000     0
94     94 0 0 0.000 0.000 0.000 0.000 0.000 0.000 0.000 0.000 0.000 0.000  0  0  0  0  0.000     0
95     95 0 0 0.000 0.000 0.000 0.000 0.000 0.000 0.000 0.000 0.000 0.000  0  0  0  0  0.000     0
96     96 0 0 0.000 0.000 0.000 0.000 0.000 0.000 0.000 0.000 0.000 0.000  0  0  0  0  0.000     0
97     97 0 0 0.000 0.000 0.000 0.000 0.000 0.000 0.000 0.000 0.000 0.000  0  0  0  0  0.000     0
98     98 0 0 0.000 0.000 0.000 0.000 0.000 0.000 0.000 0.000 0.000 0.000  0  0  0  0  0.000     0
99     99 0 0 0.000 0.000 0.000 0.000 0.000 0.000 0.000 0.000 0.000 0.000  0  0  0  0  0.000     0
100   100 0 0 0.000 0.000 0.000 0.000 0.000 0.000 0.000 0.000 0.000 0.000  0  0  0  0  0.000     0
101   101 0 0 0.000 0.000 0.000 0.000 0.000 0.000 0.000 0.000 0.000 0.000  0  0  0  0  0.000     0
102   102 0 0 0.000 0.000 0.000 0.000 0.000 0.000 0.000 0.000 0.000 0.000  0  0  0  0  0.000     0
103   103 0 0 0.000 0.000 0.000 0.000 0.000 0.000 0.000 0.000 0.000 0.000  0  0  0  0  0.000     0
104   104 0 0 0.000 0.000 0.000 0.000 0.000 0.000 0.000 0.000 0.000 0.000  0  0  0  0  0.000     0
105   105 0 0 0.000 0.000 0.000 0.000 0.000 0.000 0.000 0.000 0.000 0.000  0  0  0  0  0.000     0
106   106 0 0 0.000 0.000 0.000 0.000 0.000 0.000 0.000 0.000 0.000 0.000  0  0  0  0  0.000     0
107   107 0 0 0.000 0.000 0.000 0.000 0.000 0.000 0.000 0.000 0.000 0.000  0  0  0  0  0.000     0
108   108 0 0 0.000 0.000 0.000 0.000 0.000 0.000 0.000 0.000 0.000 0.000  0  0  0  0  0.000     0
109   109 0 0 0.000 0.000 0.000 0.000 0.000 0.000 0.000 0.000 0.000 0.000  0  0  0  0  0.000     0
110   110 0 0 0.000 0.000 0.000 0.000 0.000 0.000 0.000 0.000 0.000 0.000  0  0  0  0  0.000     0
111   111 0 0 0.000 0.000 0.000 0.000 0.000 0.000 0.000 0.000 0.000 0.000  0  0  0  0  0.000     0
112   112 0 0 0.000 0.000 0.000 0.000 0.000 0.000 0.000 0.000 0.000 0.000  0  0  0  0  0.000     0
113   113 0 0 0.000 0.000 0.000 0.000 0.000 0.000 0.000 0.000 0.000 0.000  0  0  0  0  0.000     0
114   114 0 0 0.000 0.000 0.000 0.000 0.000 0.000 0.000 0.000 0.000 0.000  0  0  0  0  0.000     0
115   115 0 0 0.000 0.000 0.000 0.000 0.000 0.000 0.000 0.000 0.000 0.000  0  0  0  0  0.000     0
116   116 0 0 0.000 0.000 0.000 0.000 0.000 0.000 0.000 0.000 0.000 0.000  0  0  0  0  0.000     0
117   117 0 0 0.000 0.000 0.000 0.000 0.000 0.000 0.000 0.000 0.000 0.000  0  0  0  0  0.000     0
118   118 0 0 0.000 0.000 0.000 0.000 0.000 0.000 0.000 0.000 0.000 0.000  0  0  0  0  0.000     0
119   119 0 0 0.000 0.000 0.000 0.000 0.000 0.000 0.000 0.000 0.000 0.000  0  0  0  0  0.000     0
120   120 0 0 0.000 0.000 0.000 0.000 0.000 0.000 0.000 0.000 0.000 0.000  0  0  0  0  0.000     0
121   121 0 0 0.000 0.000 0.000 0.000 0.000 0.000 0.000 0.000 0.000 0.000  0  0  0  0  0.000     0
122   122 0 0 0.000 0.000 0.000 0.000 0.000 0.000 0.000 0.000 0.000 0.000  0  0  0  0  0.000     0
123   123 0 0 0.000 0.000 0.000 0.000 0.000 0.000 0.000 0.000 0.000 0.000  0  0  0  0  0.000     0
124   124 0 0 0.000 0.000 0.000 0.000 0.000 0.000 0.000 0.000 0.000 0.000  0  0  0  0  0.000     0
125   125 0 0 0.000 0.000 0.000 0.000 0.000 0.000 0.000 0.000 0.000 0.000  0  0  0  0  0.000     0
126   126 0 0 0.000 0.000 0.000 0.000 0.000 0.000 0.000 0.000 0.000 0.000  0  0  0  0  0.000     0
127   127 0 0 0.000 0.000 0.000 0.000 0.000 0.000 0.000 0.000 0.000 0.000  0  0  0  0  0.000     0
128   128 0 0 0.000 0.000 0.000 0.000 0.000 0.000 0.000 0.000 0.000 0.000  0  0  0  0  0.000     0
129   129 0 0 0.000 0.000 0.000 0.000 0.000 0.000 0.000 0.000 0.000 0.000  0  0  0  0  0.000     0
130   130 0 0 0.000 0.000 0.000 0.000 0.000 0.000 0.000 0.000 0.000 0.000  0  0  0  0  0.000     0
131   131 0 0 0.000 0.000 0.000 0.000 0.000 0.000 0.000 0.000 0.000 0.000  0  0  0  0  0.000     0
132   132 0 0 0.000 0.000 0.000 0.000 0.000 0.000 0.000 0.000 0.000 0.000  0  0  0  0  0.000     0
133   133 0 0 0.000 0.000 0.000 0.000 0.000 0.000 0.000 0.000 0.000 0.000  0  0  0  0  0.000     0
134   134 0 0 0.000 0.000 0.000 0.000 0.000 0.000 0.000 0.000 0.000 0.000  0  0  0  0  0.000     0
135   135 0 0 0.000 0.000 0.000 0.000 0.000 0.000 0.000 0.000 0.000 0.000  0  0  0  0  0.000     0
136   136 0 0 0.000 0.000 0.000 0.000 0.000 0.000 0.000 0.000 0.000 0.000  0  0  0  0  0.000     0
137   137 0 0 0.000 0.000 0.000 0.000 0.000 0.000 0.000 0.000 0.000 0.000  0  0  0  0  0.000     0
138   138 0 0 0.000 0.000 0.000 0.000 0.000 0.000 0.000 0.000 0.000 0.000  0  0  0  0  0.000     0
139   139 0 0 0.000 0.000 0.000 0.000 0.000 0.000 0.000 0.000 0.000 0.000  0  0  0  0  0.000     0
140   140 0 0 0.000 0.000 0.000 0.000 0.000 0.000 0.000 0.000 0.000 0.000  0  0  0  0  0.000     0
141   141 0 0 0.000 0.000 0.000 0.000 0.000 0.000 0.000 0.000 0.000 0.000  0  0  0  0  0.000     0
142   142 0 0 0.000 0.000 0.000 0.000 0.000 0.000 0.000 0.000 0.000 0.000  0  0  0  0  0.000     0
143   143 0 0 0.000 0.000 0.000 0.000 0.000 0.000 0.000 0.000 0.000 0.000  0  0  0  0  0.000     0
144   144 0 0 0.000 0.000 0.000 0.000 0.000 0.000 0.000 0.000 0.000 0.000  0  0  0  0  0.000     0
145   145 0 0 0.000 0.000 0.000 0.000 0.000 0.000 0.000 0.000 0.000 0.000  0  0  0  0  0.000     0
146   146 0 0 0.000 0.000 0.000 0.000 0.000 0.000 0.000 0.000 0.000 0.000  0  0  0  0  0.000     0
147   147 0 0 0.000 0.000 0.000 0.000 0.000 0.000 0.000 0.000 0.000 0.000  0  0  0  0  0.000     0
148   148 0 0 0.000 0.000 0.000 0.000 0.000 0.000 0.000 0.000 0.000 0.000  0  0  0  0  0.000     0
149   149 0 0 0.000 0.000 0.000 0.000 0.000 0.000 0.000 0.000 0.000 0.000  0  0  0  0  0.000     0
150   150 0 0 0.000 0.000 0.000 0.000 0.000 0.000 0.000 0.000 0.000 0.000  0  0  0  0  0.000     0


 .... [TRUNCATED] 
>>>>>>>>>>>>>> 	 ALD-lykil 	 <<<<<<<<<<<<
 .... [TRUNCATED] 
$ALD
              0        1        2        3        4        5        6        7        8        9       10       11       12       13       14
1         0.000    0.000    0.000    0.000    0.000    0.000    0.000    0.000    0.000    0.000    0.000    0.000    0.000    0.000    0.000
2         0.000    0.000    0.000    0.000    0.000    0.000    0.000    0.000    0.000    0.000    0.000    0.000    0.000    0.000    0.000
3         0.000    0.000    0.000    0.000    0.000    0.000    0.000    0.000    0.000    0.000    0.000    0.000    0.000    0.000    0.000
4         0.000    0.000    0.000    0.000    0.000    0.000    0.000    0.000    0.000    0.000    0.000    0.000    0.000    0.000    0.000
5         0.000    0.000    0.000    0.000    0.000    0.000    0.000    0.000    0.000    0.000    0.000    0.000    0.000    0.000    0.000
6         0.000    0.000    0.000    0.000    0.000    0.000    0.000    0.000    0.000    0.000    0.000    0.000    0.000    0.000    0.000
7         0.000    0.000    0.000    0.000    0.000    0.000    0.000    0.000    0.000    0.000    0.000    0.000    0.000    0.000    0.000
8         0.000    0.000    0.000    0.000    0.000    0.000    0.000    0.000    0.000    0.000    0.000    0.000    0.000    0.000    0.000
9         0.000    0.000    0.000    0.000    0.000    0.000    0.000    0.000    0.000    0.000    0.000    0.000    0.000    0.000    0.000
10        0.000    0.000    0.000    0.000    0.000    0.000    0.000    0.000    0.000    0.000    0.000    0.000    0.000    0.000    0.000
11        0.000    0.000    0.000    0.000    0.000    0.000    0.000    0.000    0.000    0.000    0.000    0.000    0.000    0.000    0.000
12        0.000    0.000    0.000    0.000    0.000    0.000    0.000    0.000    0.000    0.000    0.000    0.000    0.000    0.000    0.000
13        0.000    0.000    0.000    0.000    0.000    0.000    0.000    0.000    0.000    0.000    0.000    0.000    0.000    0.000    0.000
14        0.000    0.000    0.000    0.000    0.000    0.000    0.000    0.000    0.000    0.000    0.000    0.000    0.000    0.000    0.000
15        0.000    0.000    0.000    0.000    0.000    0.000    0.000    0.000    0.000    0.000    0.000    0.000    0.000    0.000    0.000
16        0.000    0.000    0.000    0.000    0.000    0.000    0.000    0.000    0.000    0.000    0.000    0.000    0.000    0.000    0.000
17        0.000    0.000    0.000    0.000    0.000    0.000    0.000    0.000    0.000    0.000    0.000    0.000    0.000    0.000    0.000
18        0.000    0.000    0.000    0.000    0.000    0.000    0.000    0.000    0.000    0.000    0.000    0.000    0.000    0.000    0.000
19        0.000    0.000    0.000    0.000    0.000    0.000    0.000    0.000    0.000    0.000    0.000    0.000    0.000    0.000    0.000
20        0.000    0.000    0.000    0.000    0.000    0.000    0.000    0.000    0.000    0.000    0.000    0.000    0.000    0.000    0.000
21        0.000    0.000    0.000    0.000    0.000    0.000    0.000    0.000    0.000    0.000    0.000    0.000    0.000    0.000    0.000
22        0.000    0.000    0.000    0.000    0.000    0.000    0.000    0.000    0.000    0.000    0.000    0.000    0.000    0.000    0.000
23        0.000    0.000    0.000    0.000    0.000    0.000    0.000    0.000    0.000    0.000    0.000    0.000    0.000    0.000    0.000
24        0.000    0.000    0.000    0.000    0.000    0.000    0.000    0.000    0.000    0.000    0.000    0.000    0.000    0.000    0.000
25        0.000    0.000    0.000    0.000    0.000    0.000    0.000    0.000    0.000    0.000    0.000    0.000    0.000    0.000    0.000
26        0.000    0.000    0.000    0.000    0.000    0.000    0.000    0.000    0.000    0.000    0.000    0.000    0.000    0.000    0.000
27        0.000    0.000    0.000    0.000    0.000    0.000    0.000    0.000    0.000    0.000    0.000    0.000    0.000    0.000    0.000
28        0.000    0.000    0.000    0.000    0.000    0.000    0.000    0.000    0.000    0.000    0.000    0.000    0.000    0.000    0.000
29        0.000    0.000    0.000    0.000    0.000    0.000    0.000    0.000    0.000    0.000    0.000    0.000    0.000    0.000    0.000
30        0.000    0.000    0.000    0.000    0.000    0.000    0.000    0.000    0.000    0.000    0.000    0.000    0.000    0.000    0.000
31        0.000    0.000    0.000    0.000    0.000    0.000    0.000    0.000    0.000    0.000    0.000    0.000    0.000    0.000    0.000
32        0.000    0.000    0.000    0.000    0.000    0.000    0.000    0.000    0.000    0.000    0.000    0.000    0.000    0.000    0.000
33        0.000    0.000    0.000    0.000    0.000    0.000    0.000    0.000    0.000    0.000    0.000    0.000    0.000    0.000    0.000
34        0.000    0.000    0.000    0.000    0.000    0.000    0.000    0.000    0.000    0.000    0.000    0.000    0.000    0.000    0.000
35        0.000    0.000    0.000    0.000    0.000    0.000    0.000    0.000    0.000    0.000    0.000    0.000    0.000    0.000    0.000
36        0.000    0.000    0.000    0.000    0.000    0.000    0.000    0.000    0.000    0.000    0.000    0.000    0.000    0.000    0.000
37        0.000    0.000   18.000    0.000    0.000    0.000    0.000    0.000    0.000    0.000    0.000    0.000    0.000    0.000    0.000
38        0.000    0.000    0.000    0.000    0.000    0.000    0.000    0.000    0.000    0.000    0.000    0.000    0.000    0.000    0.000
39        0.000    0.000    0.000    0.000    0.000    0.000    0.000    0.000    0.000    0.000    0.000    0.000    0.000    0.000    0.000
40        0.000    0.000   20.500    0.000   20.500    0.000    0.000    0.000    0.000    0.000    0.000    0.000    0.000    0.000    0.000
41        0.000    0.000    0.000   31.000    0.000   31.000    0.000    0.000    0.000    0.000    0.000    0.000    0.000    0.000    0.000
42        0.000    0.000    0.000   52.500   31.500    0.000    0.000    0.000    0.000    0.000    0.000    0.000    0.000    0.000    0.000
43        0.000    0.000    0.000   77.250   25.750    0.000    0.000    0.000    0.000    0.000    0.000    0.000    0.000    0.000    0.000
44        0.000    0.000    0.000   64.500   51.600   12.900    0.000    0.000    0.000    0.000    0.000    0.000    0.000    0.000    0.000
45        0.000    0.000    0.000   71.538   59.615   23.846    0.000    0.000    0.000    0.000    0.000    0.000    0.000    0.000    0.000
46        0.000    0.000    0.000   99.167   28.333   42.500    0.000    0.000    0.000    0.000    0.000    0.000    0.000    0.000    0.000
47        0.000    0.000    0.000   46.385   61.846   92.769    0.000    0.000    0.000    0.000    0.000    0.000    0.000    0.000    0.000
48        0.000    0.000    0.000   68.333   85.417   51.250    0.000    0.000    0.000    0.000    0.000    0.000    0.000    0.000    0.000
49        0.000    0.000    0.000   39.900   79.800  133.000   13.300    0.000    0.000    0.000    0.000    0.000    0.000    0.000    0.000
50        0.000    0.000    0.000   57.500    0.000  172.500    0.000    0.000    0.000    0.000    0.000    0.000    0.000    0.000    0.000
51        0.000    0.000    0.000   14.333   43.000  157.667    0.000    0.000    0.000    0.000    0.000    0.000    0.000    0.000    0.000
52        0.000    0.000    0.000   42.429   28.286  113.143    0.000    0.000    0.000    0.000   14.143    0.000    0.000    0.000    0.000
53        0.000    0.000    0.000    0.000   70.200  140.400   23.400    0.000    0.000    0.000    0.000    0.000    0.000    0.000    0.000
54        0.000    0.000    0.000    0.000   70.833   85.000   14.167    0.000    0.000    0.000    0.000    0.000    0.000    0.000    0.000
55        0.000    0.000    0.000    0.000   17.125   68.500   34.250    0.000   17.125    0.000    0.000    0.000    0.000    0.000    0.000
56        0.000    0.000    0.000    0.000   13.700   95.900   13.700   13.700    0.000    0.000    0.000    0.000    0.000    0.000    0.000
57        0.000    0.000    0.000    0.000    0.000   82.000    0.000   13.667   13.667    0.000    0.000   13.667    0.000    0.000    0.000
58        0.000    0.000    0.000    0.000   16.000   72.000    0.000    0.000    0.000    0.000    0.000    8.000    0.000    0.000    0.000
59        0.000    0.000    0.000    0.000    0.000   30.000    0.000    0.000    0.000    0.000   30.000    0.000    0.000    0.000    0.000
60        0.000    0.000    0.000    0.000    0.000   40.667    0.000   10.167   10.167    0.000    0.000    0.000    0.000    0.000    0.000
61        0.000    0.000    0.000    0.000    0.000   15.333   15.333    0.000   15.333    0.000    0.000    0.000    0.000    0.000    0.000
62        0.000    0.000    0.000    0.000    0.000    8.333    8.333    8.333    8.333    8.333    0.000    8.333    0.000    0.000    0.000
63        0.000    0.000    0.000    0.000    0.000   35.000    0.000    0.000    0.000    0.000    0.000    0.000    0.000    0.000    0.000
64        0.000    0.000    0.000    0.000    0.000    0.000   10.400    5.200    5.200    0.000    0.000    0.000    0.000    5.200    0.000
65        0.000    0.000    0.000    0.000    0.000   12.500   12.500    0.000    0.000    0.000    0.000    0.000    0.000    0.000    0.000
66        0.000    0.000    0.000    0.000    0.000    3.400    6.800    3.400    3.400    0.000    0.000    0.000    0.000    0.000    0.000
67        0.000    0.000    0.000    0.000    0.000    0.000    0.000    0.000    0.000    0.000    0.000    0.000   11.000    0.000    0.000
68        0.000    0.000    0.000    0.000    0.000    0.000    0.000    0.000    0.000    0.000    0.000    0.000    0.000    0.000    0.000
69        0.000    0.000    0.000    0.000    0.000    0.000    0.000    0.000    0.000    0.000    0.000    0.000    0.000    0.000    0.000
70        0.000    0.000    0.000    0.000    0.000    0.000    3.000    0.000    0.000    3.000    0.000    0.000    0.000    0.000    0.000
71        0.000    0.000    0.000    0.000    0.000    0.000    4.000    0.000    0.000    0.000    0.000    0.000    0.000    0.000    0.000
72        0.000    0.000    0.000    0.000    0.000    0.000    0.000    0.000    0.000    0.000    0.000    0.000    0.000    0.000    0.000
73        0.000    0.000    0.000    0.000    0.000    0.000    0.000    0.000    0.000    0.000    0.000    0.000    0.000    0.000    0.000
74        0.000    0.000    0.000    0.000    0.000    0.000    0.000    0.000    0.000    0.000    0.000    0.000    0.000    0.000    0.000
75        0.000    0.000    0.000    0.000    0.000    0.000    0.000    0.000    0.000    0.000    0.000    0.000    0.000    0.000    0.000
76        0.000    0.000    0.000    0.000    0.000    0.000    0.000    0.000    0.000    0.000    0.000    0.000    0.000    0.000    0.000
77        0.000    0.000    0.000    0.000    0.000    0.000    0.000    0.000    0.000    0.000    0.000    0.000    0.000    0.000    0.000
78        0.000    0.000    0.000    0.000    0.000    0.000    0.000    0.000    0.000    0.000    0.000    0.000    0.000    0.000    0.000
79        0.000    0.000    0.000    0.000    0.000    0.000    0.000    0.000    0.000    0.000    0.000    0.000    0.000    0.000    0.000
80        0.000    0.000    0.000    0.000    0.000    0.000    0.000    0.000    0.000    0.000    0.000    0.000    0.000    0.000    0.000
81        0.000    0.000    0.000    0.000    0.000    0.000    0.000    0.000    0.000    0.000    0.000    0.000    0.000    0.000    0.000
82        0.000    0.000    0.000    0.000    0.000    0.000    0.000    0.000    0.000    0.000    0.000    0.000    0.000    0.000    0.000
83        0.000    0.000    0.000    0.000    0.000    0.000    0.000    0.000    0.000    0.000    0.000    0.000    0.000    0.000    0.000
84        0.000    0.000    0.000    0.000    0.000    0.000    0.000    0.000    0.000    0.000    0.000    0.000    0.000    0.000    0.000
85        0.000    0.000    0.000    0.000    0.000    0.000    0.000    0.000    0.000    0.000    0.000    0.000    0.000    0.000    0.000
86        0.000    0.000    0.000    0.000    0.000    0.000    0.000    0.000    0.000    0.000    0.000    0.000    0.000    0.000    0.000
87        0.000    0.000    0.000    0.000    0.000    0.000    0.000    0.000    0.000    0.000    0.000    0.000    0.000    0.000    0.000
88        0.000    0.000    0.000    0.000    0.000    0.000    0.000    0.000    0.000    0.000    0.000    0.000    0.000    0.000    0.000
89        0.000    0.000    0.000    0.000    0.000    0.000    0.000    0.000    0.000    0.000    0.000    0.000    0.000    0.000    0.000
90        0.000    0.000    0.000    0.000    0.000    0.000    0.000    0.000    0.000    0.000    0.000    0.000    0.000    0.000    0.000
91        0.000    0.000    0.000    0.000    0.000    0.000    0.000    0.000    0.000    0.000    0.000    0.000    0.000    0.000    0.000
92        0.000    0.000    0.000    0.000    0.000    0.000    0.000    0.000    0.000    0.000    0.000    0.000    0.000    0.000    0.000
93        0.000    0.000    0.000    0.000    0.000    0.000    0.000    0.000    0.000    0.000    0.000    0.000    0.000    0.000    0.000
94        0.000    0.000    0.000    0.000    0.000    0.000    0.000    0.000    0.000    0.000    0.000    0.000    0.000    0.000    0.000
95        0.000    0.000    0.000    0.000    0.000    0.000    0.000    0.000    0.000    0.000    0.000    0.000    0.000    0.000    0.000
96        0.000    0.000    0.000    0.000    0.000    0.000    0.000    0.000    0.000    0.000    0.000    0.000    0.000    0.000    0.000
97        0.000    0.000    0.000    0.000    0.000    0.000    0.000    0.000    0.000    0.000    0.000    0.000    0.000    0.000    0.000
98        0.000    0.000    0.000    0.000    0.000    0.000    0.000    0.000    0.000    0.000    0.000    0.000    0.000    0.000    0.000
99        0.000    0.000    0.000    0.000    0.000    0.000    0.000    0.000    0.000    0.000    0.000    0.000    0.000    0.000    0.000
100       0.000    0.000    0.000    0.000    0.000    0.000    0.000    0.000    0.000    0.000    0.000    0.000    0.000    0.000    0.000
101       0.000    0.000    0.000    0.000    0.000    0.000    0.000    0.000    0.000    0.000    0.000    0.000    0.000    0.000    0.000
102       0.000    0.000    0.000    0.000    0.000    0.000    0.000    0.000    0.000    0.000    0.000    0.000    0.000    0.000    0.000
103       0.000    0.000    0.000    0.000    0.000    0.000    0.000    0.000    0.000    0.000    0.000    0.000    0.000    0.000    0.000
104       0.000    0.000    0.000    0.000    0.000    0.000    0.000    0.000    0.000    0.000    0.000    0.000    0.000    0.000    0.000
105       0.000    0.000    0.000    0.000    0.000    0.000    0.000    0.000    0.000    0.000    0.000    0.000    0.000    0.000    0.000
106       0.000    0.000    0.000    0.000    0.000    0.000    0.000    0.000    0.000    0.000    0.000    0.000    0.000    0.000    0.000
107       0.000    0.000    0.000    0.000    0.000    0.000    0.000    0.000    0.000    0.000    0.000    0.000    0.000    0.000    0.000
108       0.000    0.000    0.000    0.000    0.000    0.000    0.000    0.000    0.000    0.000    0.000    0.000    0.000    0.000    0.000
109       0.000    0.000    0.000    0.000    0.000    0.000    0.000    0.000    0.000    0.000    0.000    0.000    0.000    0.000    0.000
110       0.000    0.000    0.000    0.000    0.000    0.000    0.000    0.000    0.000    0.000    0.000    0.000    0.000    0.000    0.000
111       0.000    0.000    0.000    0.000    0.000    0.000    0.000    0.000    0.000    0.000    0.000    0.000    0.000    0.000    0.000
112       0.000    0.000    0.000    0.000    0.000    0.000    0.000    0.000    0.000    0.000    0.000    0.000    0.000    0.000    0.000
113       0.000    0.000    0.000    0.000    0.000    0.000    0.000    0.000    0.000    0.000    0.000    0.000    0.000    0.000    0.000
114       0.000    0.000    0.000    0.000    0.000    0.000    0.000    0.000    0.000    0.000    0.000    0.000    0.000    0.000    0.000
115       0.000    0.000    0.000    0.000    0.000    0.000    0.000    0.000    0.000    0.000    0.000    0.000    0.000    0.000    0.000
116       0.000    0.000    0.000    0.000    0.000    0.000    0.000    0.000    0.000    0.000    0.000    0.000    0.000    0.000    0.000
117       0.000    0.000    0.000    0.000    0.000    0.000    0.000    0.000    0.000    0.000    0.000    0.000    0.000    0.000    0.000
118       0.000    0.000    0.000    0.000    0.000    0.000    0.000    0.000    0.000    0.000    0.000    0.000    0.000    0.000    0.000
119       0.000    0.000    0.000    0.000    0.000    0.000    0.000    0.000    0.000    0.000    0.000    0.000    0.000    0.000    0.000
120       0.000    0.000    0.000    0.000    0.000    0.000    0.000    0.000    0.000    0.000    0.000    0.000    0.000    0.000    0.000
121       0.000    0.000    0.000    0.000    0.000    0.000    0.000    0.000    0.000    0.000    0.000    0.000    0.000    0.000    0.000
122       0.000    0.000    0.000    0.000    0.000    0.000    0.000    0.000    0.000    0.000    0.000    0.000    0.000    0.000    0.000
123       0.000    0.000    0.000    0.000    0.000    0.000    0.000    0.000    0.000    0.000    0.000    0.000    0.000    0.000    0.000
124       0.000    0.000    0.000    0.000    0.000    0.000    0.000    0.000    0.000    0.000    0.000    0.000    0.000    0.000    0.000
125       0.000    0.000    0.000    0.000    0.000    0.000    0.000    0.000    0.000    0.000    0.000    0.000    0.000    0.000    0.000
126       0.000    0.000    0.000    0.000    0.000    0.000    0.000    0.000    0.000    0.000    0.000    0.000    0.000    0.000    0.000
127       0.000    0.000    0.000    0.000    0.000    0.000    0.000    0.000    0.000    0.000    0.000    0.000    0.000    0.000    0.000
128       0.000    0.000    0.000    0.000    0.000    0.000    0.000    0.000    0.000    0.000    0.000    0.000    0.000    0.000    0.000
129       0.000    0.000    0.000    0.000    0.000    0.000    0.000    0.000    0.000    0.000    0.000    0.000    0.000    0.000    0.000
130       0.000    0.000    0.000    0.000    0.000    0.000    0.000    0.000    0.000    0.000    0.000    0.000    0.000    0.000    0.000
131       0.000    0.000    0.000    0.000    0.000    0.000    0.000    0.000    0.000    0.000    0.000    0.000    0.000    0.000    0.000
132       0.000    0.000    0.000    0.000    0.000    0.000    0.000    0.000    0.000    0.000    0.000    0.000    0.000    0.000    0.000
133       0.000    0.000    0.000    0.000    0.000    0.000    0.000    0.000    0.000    0.000    0.000    0.000    0.000    0.000    0.000
134       0.000    0.000    0.000    0.000    0.000    0.000    0.000    0.000    0.000    0.000    0.000    0.000    0.000    0.000    0.000
135       0.000    0.000    0.000    0.000    0.000    0.000    0.000    0.000    0.000    0.000    0.000    0.000    0.000    0.000    0.000
136       0.000    0.000    0.000    0.000    0.000    0.000    0.000    0.000    0.000    0.000    0.000    0.000    0.000    0.000    0.000
137       0.000    0.000    0.000    0.000    0.000    0.000    0.000    0.000    0.000    0.000    0.000    0.000    0.000    0.000    0.000
138       0.000    0.000    0.000    0.000    0.000    0.000    0.000    0.000    0.000    0.000    0.000    0.000    0.000    0.000    0.000
139       0.000    0.000    0.000    0.000    0.000    0.000    0.000    0.000    0.000    0.000    0.000    0.000    0.000    0.000    0.000
140       0.000    0.000    0.000    0.000    0.000    0.000    0.000    0.000    0.000    0.000    0.000    0.000    0.000    0.000    0.000
141       0.000    0.000    0.000    0.000    0.000    0.000    0.000    0.000    0.000    0.000    0.000    0.000    0.000    0.000    0.000
142       0.000    0.000    0.000    0.000    0.000    0.000    0.000    0.000    0.000    0.000    0.000    0.000    0.000    0.000    0.000
143       0.000    0.000    0.000    0.000    0.000    0.000    0.000    0.000    0.000    0.000    0.000    0.000    0.000    0.000    0.000
144       0.000    0.000    0.000    0.000    0.000    0.000    0.000    0.000    0.000    0.000    0.000    0.000    0.000    0.000    0.000
145       0.000    0.000    0.000    0.000    0.000    0.000    0.000    0.000    0.000    0.000    0.000    0.000    0.000    0.000    0.000
146       0.000    0.000    0.000    0.000    0.000    0.000    0.000    0.000    0.000    0.000    0.000    0.000    0.000    0.000    0.000
147       0.000    0.000    0.000    0.000    0.000    0.000    0.000    0.000    0.000    0.000    0.000    0.000    0.000    0.000    0.000
148       0.000    0.000    0.000    0.000    0.000    0.000    0.000    0.000    0.000    0.000    0.000    0.000    0.000    0.000    0.000
149       0.000    0.000    0.000    0.000    0.000    0.000    0.000    0.000    0.000    0.000    0.000    0.000    0.000    0.000    0.000
150       0.000    0.000    0.000    0.000    0.000    0.000    0.000    0.000    0.000    0.000    0.000    0.000    0.000    0.000    0.000
Sum       0.000    0.000   38.500  664.835  703.506 1519.608  159.183   54.467   73.225   11.333   44.143   30.000   11.000    5.200    0.000
mW        0.000    0.000    0.513    0.863    1.022    1.264    1.673    1.781    1.779    2.233    1.571    1.718    2.515    2.203    0.000
mL        0.000    0.000   38.579   46.085   48.724   52.430   57.619   59.288   59.225   64.182   56.773   58.655   67.000   64.000    0.000
pA        0.000    0.000    0.012    0.201    0.212    0.458    0.048    0.016    0.022    0.003    0.013    0.009    0.003    0.002    0.000
tot.mW 1180.303 1180.303 1180.303 1180.303 1180.303 1180.303 1180.303 1180.303 1180.303 1180.303 1180.303 1180.303 1180.303 1180.303 1180.303
tot.mL   50.947   50.947   50.947   50.947   50.947   50.947   50.947   50.947   50.947   50.947   50.947   50.947   50.947   50.947   50.947
             15    Matad      Sum
1         0.000    0.000    0.000
2         0.000    0.000    0.000
3         0.000    0.000    0.000
4         0.000    0.000    0.000
5         0.000    0.000    0.000
6         0.000    0.000    0.000
7         0.000    0.000    0.000
8         0.000    0.000    0.000
9         0.000    0.000    0.000
10        0.000    0.000    0.000
11        0.000    0.000    0.000
12        0.000    0.000    0.000
13        0.000    0.000    0.000
14        0.000    0.000    0.000
15        0.000    0.000    0.000
16        0.000    0.000    0.000
17        0.000    0.000    0.000
18        0.000    0.000    0.000
19        0.000    0.000    0.000
20        0.000    0.000    0.000
21        0.000    0.000    0.000
22        0.000    0.000    0.000
23        0.000    0.000    0.000
24        0.000    0.000    0.000
25        0.000    0.000    0.000
26        0.000    0.000    0.000
27        0.000    0.000    0.000
28        0.000    0.000    0.000
29        0.000    0.000    0.000
30        0.000    0.000    0.000
31        0.000    3.000    0.000
32        0.000    4.000    0.000
33        0.000    6.000    0.000
34        0.000    6.000    0.000
35        0.000    6.000    0.000
36        0.000   12.000    0.000
37        0.000   18.000   18.000
38        0.000   12.000    0.000
39        0.000   21.000    0.000
40        0.000   41.000   41.000
41        0.000   62.000   62.000
42        0.000   84.000   84.000
43        0.000  103.000  103.000
44        0.000  129.000  129.000
45        0.000  155.000  155.000
46        0.000  170.000  170.000
47        0.000  201.000  201.000
48        0.000  205.000  205.000
49        0.000  266.000  266.000
50        0.000  230.000  230.000
51        0.000  215.000  215.000
52        0.000  198.000  198.000
53        0.000  234.000  234.000
54        0.000  170.000  170.000
55        0.000  137.000  137.000
56        0.000  137.000  137.000
57        0.000  123.000  123.000
58        0.000   96.000   96.000
59        0.000   60.000   60.000
60        0.000   61.000   61.000
61        0.000   46.000   46.000
62        0.000   50.000   50.000
63        0.000   35.000   35.000
64        0.000   26.000   26.000
65        0.000   25.000   25.000
66        0.000   17.000   17.000
67        0.000   11.000   11.000
68        0.000    5.000    0.000
69        0.000    4.000    0.000
70        0.000    6.000    6.000
71        0.000    4.000    4.000
72        0.000    2.000    0.000
73        0.000    2.000    0.000
74        0.000    1.000    0.000
75        0.000    0.000    0.000
76        0.000    0.000    0.000
77        0.000    0.000    0.000
78        0.000    0.000    0.000
79        0.000    0.000    0.000
80        0.000    0.000    0.000
81        0.000    0.000    0.000
82        0.000    0.000    0.000
83        0.000    0.000    0.000
84        0.000    0.000    0.000
85        0.000    0.000    0.000
86        0.000    0.000    0.000
87        0.000    0.000    0.000
88        0.000    0.000    0.000
89        0.000    0.000    0.000
90        0.000    0.000    0.000
91        0.000    0.000    0.000
92        0.000    0.000    0.000
93        0.000    0.000    0.000
94        0.000    0.000    0.000
95        0.000    0.000    0.000
96        0.000    0.000    0.000
97        0.000    0.000    0.000
98        0.000    0.000    0.000
99        0.000    0.000    0.000
100       0.000    0.000    0.000
101       0.000    0.000    0.000
102       0.000    0.000    0.000
103       0.000    0.000    0.000
104       0.000    0.000    0.000
105       0.000    0.000    0.000
106       0.000    0.000    0.000
107       0.000    0.000    0.000
108       0.000    0.000    0.000
109       0.000    0.000    0.000
110       0.000    0.000    0.000
111       0.000    0.000    0.000
112       0.000    0.000    0.000
113       0.000    0.000    0.000
114       0.000    0.000    0.000
115       0.000    0.000    0.000
116       0.000    0.000    0.000
117       0.000    0.000    0.000
118       0.000    0.000    0.000
119       0.000    0.000    0.000
120       0.000    0.000    0.000
121       0.000    0.000    0.000
122       0.000    0.000    0.000
123       0.000    0.000    0.000
124       0.000    0.000    0.000
125       0.000    0.000    0.000
126       0.000    0.000    0.000
127       0.000    0.000    0.000
128       0.000    0.000    0.000
129       0.000    0.000    0.000
130       0.000    0.000    0.000
131       0.000    0.000    0.000
132       0.000    0.000    0.000
133       0.000    0.000    0.000
134       0.000    0.000    0.000
135       0.000    0.000    0.000
136       0.000    0.000    0.000
137       0.000    0.000    0.000
138       0.000    0.000    0.000
139       0.000    0.000    0.000
140       0.000    0.000    0.000
141       0.000    0.000    0.000
142       0.000    0.000    0.000
143       0.000    0.000    0.000
144       0.000    0.000    0.000
145       0.000    0.000    0.000
146       0.000    0.000    0.000
147       0.000    0.000    0.000
148       0.000    0.000    0.000
149       0.000    0.000    0.000
150       0.000    0.000    0.000
Sum       0.000 3399.000 3315.000
mW        0.000    0.000    0.000
mL        0.000    0.000    0.000
pA        0.000    0.000    0.000
tot.mW 1180.303 1180.303 1180.303
tot.mL   50.947   50.947   50.947

$ALD.j
              0        1        2        3        4        5        6        7        8        9       10       11       12       13       14
1         0.000    0.000    0.000    0.000    0.000    0.000    0.000    0.000    0.000    0.000    0.000    0.000    0.000    0.000    0.000
2         0.000    0.000    0.000    0.000    0.000    0.000    0.000    0.000    0.000    0.000    0.000    0.000    0.000    0.000    0.000
3         0.000    0.000    0.000    0.000    0.000    0.000    0.000    0.000    0.000    0.000    0.000    0.000    0.000    0.000    0.000
4         0.000    0.000    0.000    0.000    0.000    0.000    0.000    0.000    0.000    0.000    0.000    0.000    0.000    0.000    0.000
5         0.000    0.000    0.000    0.000    0.000    0.000    0.000    0.000    0.000    0.000    0.000    0.000    0.000    0.000    0.000
6         0.000    0.000    0.000    0.000    0.000    0.000    0.000    0.000    0.000    0.000    0.000    0.000    0.000    0.000    0.000
7         0.000    0.000    0.000    0.000    0.000    0.000    0.000    0.000    0.000    0.000    0.000    0.000    0.000    0.000    0.000
8         0.000    0.000    0.000    0.000    0.000    0.000    0.000    0.000    0.000    0.000    0.000    0.000    0.000    0.000    0.000
9         0.000    0.000    0.000    0.000    0.000    0.000    0.000    0.000    0.000    0.000    0.000    0.000    0.000    0.000    0.000
10        0.000    0.000    0.000    0.000    0.000    0.000    0.000    0.000    0.000    0.000    0.000    0.000    0.000    0.000    0.000
11        0.000    0.000    0.000    0.000    0.000    0.000    0.000    0.000    0.000    0.000    0.000    0.000    0.000    0.000    0.000
12        0.000    0.000    0.000    0.000    0.000    0.000    0.000    0.000    0.000    0.000    0.000    0.000    0.000    0.000    0.000
13        0.000    0.000    0.000    0.000    0.000    0.000    0.000    0.000    0.000    0.000    0.000    0.000    0.000    0.000    0.000
14        0.000    0.000    0.000    0.000    0.000    0.000    0.000    0.000    0.000    0.000    0.000    0.000    0.000    0.000    0.000
15        0.000    0.000    0.000    0.000    0.000    0.000    0.000    0.000    0.000    0.000    0.000    0.000    0.000    0.000    0.000
16        0.000    0.000    0.000    0.000    0.000    0.000    0.000    0.000    0.000    0.000    0.000    0.000    0.000    0.000    0.000
17        0.000    0.000    0.000    0.000    0.000    0.000    0.000    0.000    0.000    0.000    0.000    0.000    0.000    0.000    0.000
18        0.000    0.000    0.000    0.000    0.000    0.000    0.000    0.000    0.000    0.000    0.000    0.000    0.000    0.000    0.000
19        0.000    0.000    0.000    0.000    0.000    0.000    0.000    0.000    0.000    0.000    0.000    0.000    0.000    0.000    0.000
20        0.000    0.000    0.000    0.000    0.000    0.000    0.000    0.000    0.000    0.000    0.000    0.000    0.000    0.000    0.000
21        0.000    0.000    0.000    0.000    0.000    0.000    0.000    0.000    0.000    0.000    0.000    0.000    0.000    0.000    0.000
22        0.000    0.000    0.000    0.000    0.000    0.000    0.000    0.000    0.000    0.000    0.000    0.000    0.000    0.000    0.000
23        0.000    0.000    0.000    0.000    0.000    0.000    0.000    0.000    0.000    0.000    0.000    0.000    0.000    0.000    0.000
24        0.000    0.000    0.000    0.000    0.000    0.000    0.000    0.000    0.000    0.000    0.000    0.000    0.000    0.000    0.000
25        0.000    0.000    0.000    0.000    0.000    0.000    0.000    0.000    0.000    0.000    0.000    0.000    0.000    0.000    0.000
26        0.000    0.000    0.000    0.000    0.000    0.000    0.000    0.000    0.000    0.000    0.000    0.000    0.000    0.000    0.000
27        0.000    0.000    0.000    0.000    0.000    0.000    0.000    0.000    0.000    0.000    0.000    0.000    0.000    0.000    0.000
28        0.000    0.000    0.000    0.000    0.000    0.000    0.000    0.000    0.000    0.000    0.000    0.000    0.000    0.000    0.000
29        0.000    0.000    0.000    0.000    0.000    0.000    0.000    0.000    0.000    0.000    0.000    0.000    0.000    0.000    0.000
30        0.000    0.000    0.000    0.000    0.000    0.000    0.000    0.000    0.000    0.000    0.000    0.000    0.000    0.000    0.000
31        0.000    0.000    0.828    0.020    1.786    0.297    0.068    0.000    0.000    0.000    0.001    0.000    0.000    0.000    0.000
32        0.000    0.000    1.710    0.044    1.859    0.330    0.056    0.000    0.000    0.000    0.001    0.000    0.000    0.000    0.000
33        0.000    0.000    3.295    0.102    2.143    0.407    0.052    0.000    0.000    0.000    0.001    0.000    0.000    0.000    0.000
34        0.000    0.000    3.733    0.154    1.724    0.353    0.035    0.000    0.000    0.000    0.001    0.000    0.000    0.000    0.000
35        0.000    0.000    3.884    0.239    1.513    0.337    0.026    0.000    0.000    0.000    0.001    0.000    0.000    0.000    0.000
36        0.000    0.000    7.529    0.773    2.935    0.716    0.044    0.000    0.000    0.000    0.003    0.000    0.000    0.000    0.000
37        0.000    0.000   10.076    1.932    4.668    1.254    0.064    0.000    0.000    0.000    0.005    0.000    0.000    0.000    0.000
38        0.000    0.000    5.314    2.128    3.473    1.036    0.044    0.000    0.000    0.000    0.005    0.000    0.000    0.000    0.000
39        0.000    0.000    6.157    5.763    6.740    2.246    0.083    0.000    0.000    0.000    0.010    0.000    0.000    0.000    0.000
40        0.000    0.000    6.337   15.500   13.795    5.174    0.169    0.000    0.000    0.000    0.026    0.000    0.000    0.000    0.000
41        0.000    0.000    3.987   28.510   20.491    8.709    0.256    0.000    0.000    0.000    0.047    0.000    0.000    0.000    0.000
42        0.000    0.000    1.826   42.695   26.302   12.756    0.346    0.000    0.000    0.000    0.074    0.000    0.000    0.000    0.000
43        0.000    0.000    0.636   54.368   30.472   16.982    0.435    0.000    0.000    0.001    0.107    0.000    0.000    0.000    0.000
44        0.000    0.000    0.194   67.747   36.666   23.645    0.584    0.001    0.001    0.001    0.161    0.000    0.000    0.000    0.000
45        0.000    0.000    0.049   78.065   43.304   32.541    0.794    0.002    0.002    0.002    0.241    0.000    0.000    0.000    0.000
46        0.000    0.000    0.010   78.948   47.642   42.009    1.036    0.006    0.006    0.004    0.339    0.000    0.000    0.000    0.000
47        0.000    0.000    0.002   82.100   57.208   59.603    1.520    0.017    0.016    0.007    0.527    0.000    0.000    0.000    0.000
48        0.000    0.000    0.000   69.425   59.288   73.499    1.982    0.040    0.040    0.012    0.712    0.001    0.000    0.000    0.000
49        0.000    0.000    0.000   69.442   77.142  114.584    3.343    0.115    0.118    0.028    1.222    0.006    0.000    0.000    0.000
50        0.000    0.000    0.000   42.471   65.142  116.745    3.770    0.212    0.225    0.041    1.373    0.022    0.000    0.000    0.000
51        0.000    0.000    0.000   25.525   57.375  124.933    4.568    0.400    0.438    0.064    1.626    0.071    0.000    0.000    0.000
52        0.000    0.000    0.000   13.682   47.838  127.446    5.399    0.707    0.792    0.097    1.840    0.200    0.000    0.000    0.000
53        0.000    0.000    0.000    8.524   49.203  161.502    8.108    1.516    1.736    0.184    2.595    0.632    0.000    0.000    0.000
54        0.000    0.000    0.000    2.963   29.971  122.049    7.428    1.899    2.213    0.211    2.188    1.078    0.000    0.000    0.000
55        0.000    0.000    0.000    1.038   19.536   99.394    7.503    2.509    2.966    0.265    1.994    1.794    0.000    0.000    0.000
56        0.000    0.000    0.000    0.410   15.242   97.560    9.345    3.910    4.673    0.405    2.196    3.257    0.000    0.000    0.000
57        0.000    0.000    0.000    0.132   10.288   83.426   10.372    5.197    6.256    0.546    2.114    4.667    0.000    0.000    0.000
58        0.000    0.000    0.000    0.034    5.816   60.167    9.934    5.702    6.890    0.629    1.721    5.107    0.000    0.000    0.000
59        0.000    0.000    0.000    0.006    2.540   33.759    7.572    4.764    5.757    0.571    1.093    3.937    0.000    0.000    0.000
60        0.000    0.000    0.000    0.002    1.745   30.006    9.354    6.172    7.433    0.831    1.102    4.355    0.000    0.000    0.000
61        0.000    0.000    0.000    0.000    0.862   19.299    8.554    5.664    6.773    0.886    0.807    3.156    0.000    0.000    0.000
62        0.000    0.000    0.000    0.000    0.594   17.452   11.251    7.152    8.462    1.345    0.833    2.912    0.000    0.000    0.000
63        0.000    0.000    0.000    0.000    0.255    9.891    9.489    5.540    6.464    1.295    0.541    1.525    0.000    0.000    0.000
64        0.000    0.000    0.000    0.000    0.081    4.190    6.118    3.140    3.599    0.944    0.263    0.540    0.000    7.125    0.000
65        0.000    0.000    0.000    0.000    0.061    4.213    9.581    4.134    4.640    1.654    0.304    0.412    0.000    0.000    0.000
66        0.000    0.000    0.000    0.000    0.022    2.096    7.593    2.636    2.886    1.451    0.175    0.141    0.000    0.000    0.000
67        0.000    0.000    0.000    0.000    0.004    0.538    3.176    0.849    0.903    0.665    0.052    0.022    4.790    0.000    0.000
68        0.000    0.000    0.000    0.000    0.002    0.291    2.869    0.565    0.582    0.652    0.033    0.007    0.000    0.000    0.000
69        0.000    0.000    0.000    0.000    0.001    0.150    2.518    0.349    0.347    0.614    0.020    0.002    0.000    0.000    0.000
70        0.000    0.000    0.000    0.000    0.000    0.138    4.050    0.379    0.362    1.049    0.021    0.001    0.000    0.000    0.000
71        0.000    0.000    0.000    0.000    0.000    0.054    2.836    0.171    0.157    0.772    0.010    0.000    0.000    0.000    0.000
72        0.000    0.000    0.000    0.000    0.000    0.015    1.464    0.055    0.048    0.415    0.003    0.000    0.000    0.000    0.000
73        0.000    0.000    0.000    0.000    0.000    0.008    1.494    0.033    0.027    0.436    0.002    0.000    0.000    0.000    0.000
74        0.000    0.000    0.000    0.000    0.000    0.002    0.756    0.009    0.007    0.225    0.001    0.000    0.000    0.000    0.000
75        0.000    0.000    0.000    0.000    0.000    0.000    0.000    0.000    0.000    0.000    0.000    0.000    0.000    0.000    0.000
76        0.000    0.000    0.000    0.000    0.000    0.000    0.000    0.000    0.000    0.000    0.000    0.000    0.000    0.000    0.000
77        0.000    0.000    0.000    0.000    0.000    0.000    0.000    0.000    0.000    0.000    0.000    0.000    0.000    0.000    0.000
78        0.000    0.000    0.000    0.000    0.000    0.000    0.000    0.000    0.000    0.000    0.000    0.000    0.000    0.000    0.000
79        0.000    0.000    0.000    0.000    0.000    0.000    0.000    0.000    0.000    0.000    0.000    0.000    0.000    0.000    0.000
80        0.000    0.000    0.000    0.000    0.000    0.000    0.000    0.000    0.000    0.000    0.000    0.000    0.000    0.000    0.000
81        0.000    0.000    0.000    0.000    0.000    0.000    0.000    0.000    0.000    0.000    0.000    0.000    0.000    0.000    0.000
82        0.000    0.000    0.000    0.000    0.000    0.000    0.000    0.000    0.000    0.000    0.000    0.000    0.000    0.000    0.000
83        0.000    0.000    0.000    0.000    0.000    0.000    0.000    0.000    0.000    0.000    0.000    0.000    0.000    0.000    0.000
84        0.000    0.000    0.000    0.000    0.000    0.000    0.000    0.000    0.000    0.000    0.000    0.000    0.000    0.000    0.000
85        0.000    0.000    0.000    0.000    0.000    0.000    0.000    0.000    0.000    0.000    0.000    0.000    0.000    0.000    0.000
86        0.000    0.000    0.000    0.000    0.000    0.000    0.000    0.000    0.000    0.000    0.000    0.000    0.000    0.000    0.000
87        0.000    0.000    0.000    0.000    0.000    0.000    0.000    0.000    0.000    0.000    0.000    0.000    0.000    0.000    0.000
88        0.000    0.000    0.000    0.000    0.000    0.000    0.000    0.000    0.000    0.000    0.000    0.000    0.000    0.000    0.000
89        0.000    0.000    0.000    0.000    0.000    0.000    0.000    0.000    0.000    0.000    0.000    0.000    0.000    0.000    0.000
90        0.000    0.000    0.000    0.000    0.000    0.000    0.000    0.000    0.000    0.000    0.000    0.000    0.000    0.000    0.000
91        0.000    0.000    0.000    0.000    0.000    0.000    0.000    0.000    0.000    0.000    0.000    0.000    0.000    0.000    0.000
92        0.000    0.000    0.000    0.000    0.000    0.000    0.000    0.000    0.000    0.000    0.000    0.000    0.000    0.000    0.000
93        0.000    0.000    0.000    0.000    0.000    0.000    0.000    0.000    0.000    0.000    0.000    0.000    0.000    0.000    0.000
94        0.000    0.000    0.000    0.000    0.000    0.000    0.000    0.000    0.000    0.000    0.000    0.000    0.000    0.000    0.000
95        0.000    0.000    0.000    0.000    0.000    0.000    0.000    0.000    0.000    0.000    0.000    0.000    0.000    0.000    0.000
96        0.000    0.000    0.000    0.000    0.000    0.000    0.000    0.000    0.000    0.000    0.000    0.000    0.000    0.000    0.000
97        0.000    0.000    0.000    0.000    0.000    0.000    0.000    0.000    0.000    0.000    0.000    0.000    0.000    0.000    0.000
98        0.000    0.000    0.000    0.000    0.000    0.000    0.000    0.000    0.000    0.000    0.000    0.000    0.000    0.000    0.000
99        0.000    0.000    0.000    0.000    0.000    0.000    0.000    0.000    0.000    0.000    0.000    0.000    0.000    0.000    0.000
100       0.000    0.000    0.000    0.000    0.000    0.000    0.000    0.000    0.000    0.000    0.000    0.000    0.000    0.000    0.000
101       0.000    0.000    0.000    0.000    0.000    0.000    0.000    0.000    0.000    0.000    0.000    0.000    0.000    0.000    0.000
102       0.000    0.000    0.000    0.000    0.000    0.000    0.000    0.000    0.000    0.000    0.000    0.000    0.000    0.000    0.000
103       0.000    0.000    0.000    0.000    0.000    0.000    0.000    0.000    0.000    0.000    0.000    0.000    0.000    0.000    0.000
104       0.000    0.000    0.000    0.000    0.000    0.000    0.000    0.000    0.000    0.000    0.000    0.000    0.000    0.000    0.000
105       0.000    0.000    0.000    0.000    0.000    0.000    0.000    0.000    0.000    0.000    0.000    0.000    0.000    0.000    0.000
106       0.000    0.000    0.000    0.000    0.000    0.000    0.000    0.000    0.000    0.000    0.000    0.000    0.000    0.000    0.000
107       0.000    0.000    0.000    0.000    0.000    0.000    0.000    0.000    0.000    0.000    0.000    0.000    0.000    0.000    0.000
108       0.000    0.000    0.000    0.000    0.000    0.000    0.000    0.000    0.000    0.000    0.000    0.000    0.000    0.000    0.000
109       0.000    0.000    0.000    0.000    0.000    0.000    0.000    0.000    0.000    0.000    0.000    0.000    0.000    0.000    0.000
110       0.000    0.000    0.000    0.000    0.000    0.000    0.000    0.000    0.000    0.000    0.000    0.000    0.000    0.000    0.000
111       0.000    0.000    0.000    0.000    0.000    0.000    0.000    0.000    0.000    0.000    0.000    0.000    0.000    0.000    0.000
112       0.000    0.000    0.000    0.000    0.000    0.000    0.000    0.000    0.000    0.000    0.000    0.000    0.000    0.000    0.000
113       0.000    0.000    0.000    0.000    0.000    0.000    0.000    0.000    0.000    0.000    0.000    0.000    0.000    0.000    0.000
114       0.000    0.000    0.000    0.000    0.000    0.000    0.000    0.000    0.000    0.000    0.000    0.000    0.000    0.000    0.000
115       0.000    0.000    0.000    0.000    0.000    0.000    0.000    0.000    0.000    0.000    0.000    0.000    0.000    0.000    0.000
116       0.000    0.000    0.000    0.000    0.000    0.000    0.000    0.000    0.000    0.000    0.000    0.000    0.000    0.000    0.000
117       0.000    0.000    0.000    0.000    0.000    0.000    0.000    0.000    0.000    0.000    0.000    0.000    0.000    0.000    0.000
118       0.000    0.000    0.000    0.000    0.000    0.000    0.000    0.000    0.000    0.000    0.000    0.000    0.000    0.000    0.000
119       0.000    0.000    0.000    0.000    0.000    0.000    0.000    0.000    0.000    0.000    0.000    0.000    0.000    0.000    0.000
120       0.000    0.000    0.000    0.000    0.000    0.000    0.000    0.000    0.000    0.000    0.000    0.000    0.000    0.000    0.000
121       0.000    0.000    0.000    0.000    0.000    0.000    0.000    0.000    0.000    0.000    0.000    0.000    0.000    0.000    0.000
122       0.000    0.000    0.000    0.000    0.000    0.000    0.000    0.000    0.000    0.000    0.000    0.000    0.000    0.000    0.000
123       0.000    0.000    0.000    0.000    0.000    0.000    0.000    0.000    0.000    0.000    0.000    0.000    0.000    0.000    0.000
124       0.000    0.000    0.000    0.000    0.000    0.000    0.000    0.000    0.000    0.000    0.000    0.000    0.000    0.000    0.000
125       0.000    0.000    0.000    0.000    0.000    0.000    0.000    0.000    0.000    0.000    0.000    0.000    0.000    0.000    0.000
126       0.000    0.000    0.000    0.000    0.000    0.000    0.000    0.000    0.000    0.000    0.000    0.000    0.000    0.000    0.000
127       0.000    0.000    0.000    0.000    0.000    0.000    0.000    0.000    0.000    0.000    0.000    0.000    0.000    0.000    0.000
128       0.000    0.000    0.000    0.000    0.000    0.000    0.000    0.000    0.000    0.000    0.000    0.000    0.000    0.000    0.000
129       0.000    0.000    0.000    0.000    0.000    0.000    0.000    0.000    0.000    0.000    0.000    0.000    0.000    0.000    0.000
130       0.000    0.000    0.000    0.000    0.000    0.000    0.000    0.000    0.000    0.000    0.000    0.000    0.000    0.000    0.000
131       0.000    0.000    0.000    0.000    0.000    0.000    0.000    0.000    0.000    0.000    0.000    0.000    0.000    0.000    0.000
132       0.000    0.000    0.000    0.000    0.000    0.000    0.000    0.000    0.000    0.000    0.000    0.000    0.000    0.000    0.000
133       0.000    0.000    0.000    0.000    0.000    0.000    0.000    0.000    0.000    0.000    0.000    0.000    0.000    0.000    0.000
134       0.000    0.000    0.000    0.000    0.000    0.000    0.000    0.000    0.000    0.000    0.000    0.000    0.000    0.000    0.000
135       0.000    0.000    0.000    0.000    0.000    0.000    0.000    0.000    0.000    0.000    0.000    0.000    0.000    0.000    0.000
136       0.000    0.000    0.000    0.000    0.000    0.000    0.000    0.000    0.000    0.000    0.000    0.000    0.000    0.000    0.000
137       0.000    0.000    0.000    0.000    0.000    0.000    0.000    0.000    0.000    0.000    0.000    0.000    0.000    0.000    0.000
138       0.000    0.000    0.000    0.000    0.000    0.000    0.000    0.000    0.000    0.000    0.000    0.000    0.000    0.000    0.000
139       0.000    0.000    0.000    0.000    0.000    0.000    0.000    0.000    0.000    0.000    0.000    0.000    0.000    0.000    0.000
140       0.000    0.000    0.000    0.000    0.000    0.000    0.000    0.000    0.000    0.000    0.000    0.000    0.000    0.000    0.000
141       0.000    0.000    0.000    0.000    0.000    0.000    0.000    0.000    0.000    0.000    0.000    0.000    0.000    0.000    0.000
142       0.000    0.000    0.000    0.000    0.000    0.000    0.000    0.000    0.000    0.000    0.000    0.000    0.000    0.000    0.000
143       0.000    0.000    0.000    0.000    0.000    0.000    0.000    0.000    0.000    0.000    0.000    0.000    0.000    0.000    0.000
144       0.000    0.000    0.000    0.000    0.000    0.000    0.000    0.000    0.000    0.000    0.000    0.000    0.000    0.000    0.000
145       0.000    0.000    0.000    0.000    0.000    0.000    0.000    0.000    0.000    0.000    0.000    0.000    0.000    0.000    0.000
146       0.000    0.000    0.000    0.000    0.000    0.000    0.000    0.000    0.000    0.000    0.000    0.000    0.000    0.000    0.000
147       0.000    0.000    0.000    0.000    0.000    0.000    0.000    0.000    0.000    0.000    0.000    0.000    0.000    0.000    0.000
148       0.000    0.000    0.000    0.000    0.000    0.000    0.000    0.000    0.000    0.000    0.000    0.000    0.000    0.000    0.000
149       0.000    0.000    0.000    0.000    0.000    0.000    0.000    0.000    0.000    0.000    0.000    0.000    0.000    0.000    0.000
150       0.000    0.000    0.000    0.000    0.000    0.000    0.000    0.000    0.000    0.000    0.000    0.000    0.000    0.000    0.000
Sum       0.000    0.000   55.567  692.745  745.729 1511.803  166.036   63.847   74.821   16.301   26.389   33.846    4.790    7.125    0.000
mW        0.000    0.000    0.468    0.862    0.998    1.255    1.810    1.864    1.856    2.240    1.427    1.724    2.515    2.203    0.000
mL        0.000    0.000   37.271   46.069   48.269   52.329   59.383   60.264   60.065   65.200   54.625   58.593   67.000   64.000    0.000
pA        0.000    0.000    0.016    0.204    0.219    0.445    0.049    0.019    0.022    0.005    0.008    0.010    0.001    0.002    0.000
tot.mW 1171.834 1171.834 1171.834 1171.834 1171.834 1171.834 1171.834 1171.834 1171.834 1171.834 1171.834 1171.834 1171.834 1171.834 1171.834
tot.mL   50.723   50.723   50.723   50.723   50.723   50.723   50.723   50.723   50.723   50.723   50.723   50.723   50.723   50.723   50.723
             15    Matad      Sum
1         0.000    0.000    0.000
2         0.000    0.000    0.000
3         0.000    0.000    0.000
4         0.000    0.000    0.000
5         0.000    0.000    0.000
6         0.000    0.000    0.000
7         0.000    0.000    0.000
8         0.000    0.000    0.000
9         0.000    0.000    0.000
10        0.000    0.000    0.000
11        0.000    0.000    0.000
12        0.000    0.000    0.000
13        0.000    0.000    0.000
14        0.000    0.000    0.000
15        0.000    0.000    0.000
16        0.000    0.000    0.000
17        0.000    0.000    0.000
18        0.000    0.000    0.000
19        0.000    0.000    0.000
20        0.000    0.000    0.000
21        0.000    0.000    0.000
22        0.000    0.000    0.000
23        0.000    0.000    0.000
24        0.000    0.000    0.000
25        0.000    0.000    0.000
26        0.000    0.000    0.000
27        0.000    0.000    0.000
28        0.000    0.000    0.000
29        0.000    0.000    0.000
30        0.000    0.000    0.000
31        0.000    3.000    3.000
32        0.000    4.000    4.000
33        0.000    6.000    6.000
34        0.000    6.000    6.000
35        0.000    6.000    6.000
36        0.000   12.000   12.000
37        0.000   18.000   18.000
38        0.000   12.000   12.000
39        0.000   21.000   21.000
40        0.000   41.000   41.000
41        0.000   62.000   62.000
42        0.000   84.000   84.000
43        0.000  103.000  103.000
44        0.000  129.000  129.000
45        0.000  155.000  155.000
46        0.000  170.000  170.000
47        0.000  201.000  201.000
48        0.000  205.000  205.000
49        0.000  266.000  266.000
50        0.000  230.000  230.000
51        0.000  215.000  215.000
52        0.000  198.000  198.000
53        0.000  234.000  234.000
54        0.000  170.000  170.000
55        0.000  137.000  137.000
56        0.000  137.000  137.000
57        0.000  123.000  123.000
58        0.000   96.000   96.000
59        0.000   60.000   60.000
60        0.000   61.000   61.000
61        0.000   46.000   46.000
62        0.000   50.000   50.000
63        0.000   35.000   35.000
64        0.000   26.000   26.000
65        0.000   25.000   25.000
66        0.000   17.000   17.000
67        0.000   11.000   11.000
68        0.000    5.000    5.000
69        0.000    4.000    4.000
70        0.000    6.000    6.000
71        0.000    4.000    4.000
72        0.000    2.000    2.000
73        0.000    2.000    2.000
74        0.000    1.000    1.000
75        0.000    0.000    0.000
76        0.000    0.000    0.000
77        0.000    0.000    0.000
78        0.000    0.000    0.000
79        0.000    0.000    0.000
80        0.000    0.000    0.000
81        0.000    0.000    0.000
82        0.000    0.000    0.000
83        0.000    0.000    0.000
84        0.000    0.000    0.000
85        0.000    0.000    0.000
86        0.000    0.000    0.000
87        0.000    0.000    0.000
88        0.000    0.000    0.000
89        0.000    0.000    0.000
90        0.000    0.000    0.000
91        0.000    0.000    0.000
92        0.000    0.000    0.000
93        0.000    0.000    0.000
94        0.000    0.000    0.000
95        0.000    0.000    0.000
96        0.000    0.000    0.000
97        0.000    0.000    0.000
98        0.000    0.000    0.000
99        0.000    0.000    0.000
100       0.000    0.000    0.000
101       0.000    0.000    0.000
102       0.000    0.000    0.000
103       0.000    0.000    0.000
104       0.000    0.000    0.000
105       0.000    0.000    0.000
106       0.000    0.000    0.000
107       0.000    0.000    0.000
108       0.000    0.000    0.000
109       0.000    0.000    0.000
110       0.000    0.000    0.000
111       0.000    0.000    0.000
112       0.000    0.000    0.000
113       0.000    0.000    0.000
114       0.000    0.000    0.000
115       0.000    0.000    0.000
116       0.000    0.000    0.000
117       0.000    0.000    0.000
118       0.000    0.000    0.000
119       0.000    0.000    0.000
120       0.000    0.000    0.000
121       0.000    0.000    0.000
122       0.000    0.000    0.000
123       0.000    0.000    0.000
124       0.000    0.000    0.000
125       0.000    0.000    0.000
126       0.000    0.000    0.000
127       0.000    0.000    0.000
128       0.000    0.000    0.000
129       0.000    0.000    0.000
130       0.000    0.000    0.000
131       0.000    0.000    0.000
132       0.000    0.000    0.000
133       0.000    0.000    0.000
134       0.000    0.000    0.000
135       0.000    0.000    0.000
136       0.000    0.000    0.000
137       0.000    0.000    0.000
138       0.000    0.000    0.000
139       0.000    0.000    0.000
140       0.000    0.000    0.000
141       0.000    0.000    0.000
142       0.000    0.000    0.000
143       0.000    0.000    0.000
144       0.000    0.000    0.000
145       0.000    0.000    0.000
146       0.000    0.000    0.000
147       0.000    0.000    0.000
148       0.000    0.000    0.000
149       0.000    0.000    0.000
150       0.000    0.000    0.000
Sum       0.000 3399.000 3399.000
mW        0.000    0.000    0.000
mL        0.000    0.000    0.000
pA        0.000    0.000    0.000
tot.mW 1171.834 1171.834 1171.834
tot.mL   50.723   50.723   50.723


 .... [TRUNCATED] 
>>>>>>>>>>>>>>>>>>>>>>>>>>>>>>>>>>>>>>>>>>>>>>>>>>>>>>>>>>>>>> 
 > Dato                :  Wed Dec  3 14:51:17 2014 
 > Slag                :  HY 
 > ?r                  :  2014 
 > Ti?arskei?          :  JAN-DEC 
 > Skipab?lk/-ar       :  19 
 > Skipab?lk/-ar (l?n) :  0 
 > ICES-?ki            :  VB1 
 <<<<<<<<<<<<<<<<<<<<<<<<<<<<<<<<<<<<<<<<<<<<<<<<<<<<<<<<<<<<<< 

$URSLITID
   aldur tal_matad tal_fiskad midal_longd midal_vekt roknad_veida
0      0         0          0        0.00      0.000            0
1      1         0          0        0.00      0.000            0
2      2        38        437       38.58      0.513          224
3      3       665       7552       46.08      0.863         6517
4      4       704       7991       48.72      1.022         8165
5      5      1520      17261       52.43      1.264        21826
6      6       159       1808       57.62      1.673         3026
7      7        54        619       59.29      1.781         1102
8      8        73        832       59.23      1.779         1479
9      9        11        129       64.18      2.233          287
10    10        44        501       56.77      1.571          787
11    11        30        341       58.66      1.718          585
12    12        11        125       67.00      2.515          314
13    13         5         59       64.00      2.203          130
14    14         0          0        0.00      0.000            0
15    15         0          0        0.00      0.000            0
17   Sum      3314      37655       50.95      1.180        44442

$URSLITID.j
   aldur tal_matad tal_fiskad midal_longd midal_vekt roknad_veida
0      0         0          0        0.00      0.000            0
1      1         0          0        0.00      0.000            0
2      2        56        620       37.27      0.468          290
3      3       693       7730       46.07      0.862         6662
4      4       746       8321       48.27      0.998         8303
5      5      1512      16869       52.33      1.255        21170
6      6       166       1853       59.38      1.810         3354
7      7        64        712       60.26      1.864         1328
8      8        75        835       60.06      1.856         1549
9      9        16        182       65.20      2.240          407
10    10        26        294       54.62      1.427          420
11    11        34        378       58.59      1.724          651
12    12         5         53       67.00      2.515          134
13    13         7         80       64.00      2.203          175
14    14         0          0        0.00      0.000            0
15    15         0          0        0.00      0.000            0
17   Sum      3400      37927       50.72      1.172        44443


 .... [TRUNCATED] 
