
 .... [TRUNCATED] 
<<<<<<<<<<<<<<<<<<<<<<<<<<<<<<<<<<<<<<<<<<<<<<<<<<<<<<<<<<<<<<<<<<<<<<<< 
 > Dato                                      :  Tue Dec  2 15:49:41 2014 
 > Slag                                      :  UP 
 > Ár                                        :  2014 
 > Skipabólk/-ar                             :  20 
 > Byrjanar og enda mánaŵ fyri ALK/ALD       :  JUN-DEC 
 > Skipabólk/-ar, sum longdir eru lántar frá :  0 
 > Skipabólk/-ar, sum vektir eru lántar frá  :  0 
 > Skipabólk/-ar, sum aldrar eru lántar frá  :  0 
 > ICES-øki                                  :  VB1 
 <<<<<<<<<<<<<<<<<<<<<<<<<<<<<<<<<<<<<<<<<<<<<<<<<<<<<<<<<<<<<<<<<<<<<<<<
 .... [TRUNCATED] 
>>>>>>>>>>>>>>>>>>>>>>>>>>>>>>>>>>>>> 
> Alpha	 = 0.007696607
> Beta	 = 3.011168
> R^2	 = 0.9649364
> N	 = 1028
> Veida (kg.)	  = 44444
> Rundveida (kg.) = 49332.84
<<<<<<<<<<<<<<<<<<<<<<<<<<<<<<<<<<<<<
 .... [TRUNCATED] 
>>>>>>>>>>>>>> 	 ALK-lykil 	 <<<<<<<<<<<<
 .... [TRUNCATED] 
$ALK
    longd 0 1 2 3 4  5 6 7 8 9 10 11 12 13 14 15 Sum Matad
1       1 0 0 0 0 0  0 0 0 0 0  0  0  0  0  0  0   0     0
2       2 0 0 0 0 0  0 0 0 0 0  0  0  0  0  0  0   0     0
3       3 0 0 0 0 0  0 0 0 0 0  0  0  0  0  0  0   0     0
4       4 0 0 0 0 0  0 0 0 0 0  0  0  0  0  0  0   0     0
5       5 0 0 0 0 0  0 0 0 0 0  0  0  0  0  0  0   0     0
6       6 0 0 0 0 0  0 0 0 0 0  0  0  0  0  0  0   0     0
7       7 0 0 0 0 0  0 0 0 0 0  0  0  0  0  0  0   0     0
8       8 0 0 0 0 0  0 0 0 0 0  0  0  0  0  0  0   0     0
9       9 0 0 0 0 0  0 0 0 0 0  0  0  0  0  0  0   0     0
10     10 0 0 0 0 0  0 0 0 0 0  0  0  0  0  0  0   0     0
11     11 0 0 0 0 0  0 0 0 0 0  0  0  0  0  0  0   0     0
12     12 0 0 0 0 0  0 0 0 0 0  0  0  0  0  0  0   0     0
13     13 0 0 0 0 0  0 0 0 0 0  0  0  0  0  0  0   0     0
14     14 0 0 0 0 0  0 0 0 0 0  0  0  0  0  0  0   0     0
15     15 0 0 0 0 0  0 0 0 0 0  0  0  0  0  0  0   0     0
16     16 0 0 0 0 0  0 0 0 0 0  0  0  0  0  0  0   0     0
17     17 0 0 0 0 0  0 0 0 0 0  0  0  0  0  0  0   0     0
18     18 0 0 0 0 0  0 0 0 0 0  0  0  0  0  0  0   0     0
19     19 0 0 0 0 0  0 0 0 0 0  0  0  0  0  0  0   0     0
20     20 0 0 0 0 0  0 0 0 0 0  0  0  0  0  0  0   0     0
21     21 0 0 0 0 0  0 0 0 0 0  0  0  0  0  0  0   0     0
22     22 0 0 0 0 0  0 0 0 0 0  0  0  0  0  0  0   0     0
23     23 0 0 0 0 0  0 0 0 0 0  0  0  0  0  0  0   0     0
24     24 0 0 0 0 0  0 0 0 0 0  0  0  0  0  0  0   0     0
25     25 0 0 0 0 0  0 0 0 0 0  0  0  0  0  0  0   0     0
26     26 0 0 0 0 0  0 0 0 0 0  0  0  0  0  0  0   0     0
27     27 0 0 0 0 0  0 0 0 0 0  0  0  0  0  0  0   0     0
28     28 0 0 0 0 0  0 0 0 0 0  0  0  0  0  0  0   0     0
29     29 0 0 0 0 0  0 0 0 0 0  0  0  0  0  0  0   0     0
30     30 0 0 0 0 0  0 0 0 0 0  0  0  0  0  0  0   0     0
31     31 0 0 0 0 0  0 0 0 0 0  0  0  0  0  0  0   0     0
32     32 0 0 0 0 0  0 0 0 0 0  0  0  0  0  0  0   0     0
33     33 0 0 0 0 0  0 0 0 0 0  0  0  0  0  0  0   0     0
34     34 0 0 0 0 0  0 0 0 0 0  0  0  0  0  0  0   0     0
35     35 0 0 0 0 0  0 0 0 0 0  0  0  0  0  0  0   0     0
36     36 0 0 0 0 0  0 0 0 0 0  0  0  0  0  0  0   0     0
37     37 0 0 0 0 0  0 0 0 0 0  0  0  0  0  0  0   0     0
38     38 0 0 0 0 0  0 0 0 0 0  0  0  0  0  0  0   0     0
39     39 0 0 0 0 0  0 0 0 0 0  0  0  0  0  0  0   0     0
40     40 0 0 0 0 0  0 0 0 0 0  0  0  0  0  0  0   0     0
41     41 0 0 0 0 0  0 0 0 0 0  0  0  0  0  0  0   0     0
42     42 0 0 0 1 0  0 0 0 0 0  0  0  0  0  0  0   1     1
43     43 0 0 0 0 0  0 0 0 0 0  0  0  0  0  0  0   0     0
44     44 0 0 0 0 0  0 0 0 0 0  0  0  0  0  0  0   0     0
45     45 0 0 0 0 0  0 0 0 0 0  0  0  0  0  0  0   0     1
46     46 0 0 0 0 0  0 0 0 0 0  0  0  0  0  0  0   0     2
47     47 0 0 0 0 1  0 0 0 0 0  0  0  0  0  0  0   1     3
48     48 0 0 0 0 1  0 0 0 0 0  0  0  0  0  0  0   1     3
49     49 0 0 0 0 0  0 0 0 0 0  0  0  0  0  0  0   0     4
50     50 0 0 0 0 0  0 0 0 0 0  0  0  0  0  0  0   0     3
51     51 0 0 0 0 1  2 0 0 0 0  0  0  0  0  0  0   3     9
52     52 0 0 0 0 0  1 0 0 0 0  0  0  0  0  0  0   1     7
53     53 0 0 0 0 1  4 1 0 0 0  0  0  0  0  0  0   6    17
54     54 0 0 0 0 5  3 0 0 0 0  0  0  0  0  0  0   8    32
55     55 0 0 0 0 2  3 0 1 0 0  0  0  0  0  0  0   6    32
56     56 0 0 0 0 3  5 0 0 0 0  0  0  0  0  0  0   8    32
57     57 0 0 0 0 6  7 1 1 0 0  0  0  0  0  0  0  15    47
58     58 0 0 0 0 8  8 2 0 0 0  0  0  0  0  0  0  18    53
59     59 0 0 0 0 1 10 3 1 0 0  0  0  0  0  0  0  15    61
60     60 0 0 0 0 6 13 3 1 0 0  0  0  0  0  0  0  23    64
61     61 0 0 0 0 0 14 3 1 0 0  0  0  0  0  0  0  18    73
62     62 0 0 0 0 1 11 5 0 0 0  0  0  0  0  0  0  17    67
63     63 0 0 0 0 0  9 6 3 0 0  0  0  0  0  0  0  18    69
64     64 0 0 0 0 1 11 1 0 0 0  0  0  0  0  0  0  13    60
65     65 0 0 0 0 1  6 4 1 0 0  0  0  0  0  0  0  12    66
66     66 0 0 0 0 2  6 6 0 0 0  0  0  0  0  0  0  14    51
67     67 0 0 0 0 0  4 5 0 0 0  0  0  0  0  0  0   9    47
68     68 0 0 0 0 1  2 3 0 0 0  0  0  0  0  0  0   6    40
69     69 0 0 0 0 0  5 4 1 0 0  0  0  0  0  0  0  10    34
70     70 0 0 0 0 0  2 3 0 0 0  0  0  0  0  0  0   5    36
71     71 0 0 0 0 0  1 1 0 1 0  0  0  0  0  0  0   3    18
72     72 0 0 0 0 0  0 2 3 0 0  0  0  0  0  0  0   5    28
73     73 0 0 0 0 0  1 1 0 0 0  0  0  0  0  0  0   2    14
74     74 0 0 0 0 0  0 1 1 0 0  0  0  0  0  0  0   2     8
75     75 0 0 0 0 0  0 0 0 0 0  0  0  0  0  0  0   0     8
76     76 0 0 0 0 0  0 0 0 0 0  0  0  0  0  0  0   0     3
77     77 0 0 0 0 0  0 0 0 0 0  0  0  0  0  0  0   0     2
78     78 0 0 0 0 0  0 0 0 0 0  0  0  0  0  0  0   0    12
79     79 0 0 0 0 0  0 0 0 0 0  0  0  0  0  0  0   0     3
80     80 0 0 0 0 0  0 0 0 0 0  0  0  0  0  0  0   0     3
81     81 0 0 0 0 0  0 0 0 0 0  0  0  0  0  0  0   0     1
82     82 0 0 0 0 0  0 0 0 0 0  0  0  0  0  0  0   0     1
83     83 0 0 0 0 0  0 0 0 0 0  0  0  0  0  0  0   0     1
84     84 0 0 0 0 0  0 0 0 0 0  0  0  0  0  0  0   0     2
85     85 0 0 0 0 0  0 0 0 0 0  0  0  0  0  0  0   0     3
86     86 0 0 0 0 0  0 0 0 0 0  0  0  0  0  0  0   0     0
87     87 0 0 0 0 0  0 0 0 0 0  0  0  0  0  0  0   0     3
88     88 0 0 0 0 0  0 0 0 0 0  0  0  0  0  0  0   0     1
89     89 0 0 0 0 0  0 0 0 0 0  0  0  0  0  0  0   0     2
90     90 0 0 0 0 0  0 0 0 0 0  0  0  0  0  0  0   0     0
91     91 0 0 0 0 0  0 0 0 0 0  0  0  0  0  0  0   0     0
92     92 0 0 0 0 0  0 0 0 0 0  0  0  0  0  0  0   0     0
93     93 0 0 0 0 0  0 0 0 0 0  0  0  0  0  0  0   0     0
94     94 0 0 0 0 0  0 0 0 0 0  0  0  0  0  0  0   0     1
95     95 0 0 0 0 0  0 0 0 0 0  0  0  0  0  0  0   0     0
96     96 0 0 0 0 0  0 0 0 0 0  0  0  0  0  0  0   0     0
97     97 0 0 0 0 0  0 0 0 0 0  0  0  0  0  0  0   0     0
98     98 0 0 0 0 0  0 0 0 0 0  0  0  0  0  0  0   0     0
99     99 0 0 0 0 0  0 0 0 0 0  0  0  0  0  0  0   0     0
100   100 0 0 0 0 0  0 0 0 0 0  0  0  0  0  0  0   0     0
101   101 0 0 0 0 0  0 0 0 0 0  0  0  0  0  0  0   0     0
102   102 0 0 0 0 0  0 0 0 0 0  0  0  0  0  0  0   0     0
103   103 0 0 0 0 0  0 0 0 0 0  0  0  0  0  0  0   0     0
104   104 0 0 0 0 0  0 0 0 0 0  0  0  0  0  0  0   0     0
105   105 0 0 0 0 0  0 0 0 0 0  0  0  0  0  0  0   0     0
106   106 0 0 0 0 0  0 0 0 0 0  0  0  0  0  0  0   0     0
107   107 0 0 0 0 0  0 0 0 0 0  0  0  0  0  0  0   0     0
108   108 0 0 0 0 0  0 0 0 0 0  0  0  0  0  0  0   0     0
109   109 0 0 0 0 0  0 0 0 0 0  0  0  0  0  0  0   0     0
110   110 0 0 0 0 0  0 0 0 0 0  0  0  0  0  0  0   0     0
111   111 0 0 0 0 0  0 0 0 0 0  0  0  0  0  0  0   0     0
112   112 0 0 0 0 0  0 0 0 0 0  0  0  0  0  0  0   0     0
113   113 0 0 0 0 0  0 0 0 0 0  0  0  0  0  0  0   0     0
114   114 0 0 0 0 0  0 0 0 0 0  0  0  0  0  0  0   0     0
115   115 0 0 0 0 0  0 0 0 0 0  0  0  0  0  0  0   0     0
116   116 0 0 0 0 0  0 0 0 0 0  0  0  0  0  0  0   0     0
117   117 0 0 0 0 0  0 0 0 0 0  0  0  0  0  0  0   0     0
118   118 0 0 0 0 0  0 0 0 0 0  0  0  0  0  0  0   0     0
119   119 0 0 0 0 0  0 0 0 0 0  0  0  0  0  0  0   0     0
120   120 0 0 0 0 0  0 0 0 0 0  0  0  0  0  0  0   0     0
121   121 0 0 0 0 0  0 0 0 0 0  0  0  0  0  0  0   0     0
122   122 0 0 0 0 0  0 0 0 0 0  0  0  0  0  0  0   0     0
123   123 0 0 0 0 0  0 0 0 0 0  0  0  0  0  0  0   0     0
124   124 0 0 0 0 0  0 0 0 0 0  0  0  0  0  0  0   0     0
125   125 0 0 0 0 0  0 0 0 0 0  0  0  0  0  0  0   0     0
126   126 0 0 0 0 0  0 0 0 0 0  0  0  0  0  0  0   0     0
127   127 0 0 0 0 0  0 0 0 0 0  0  0  0  0  0  0   0     0
128   128 0 0 0 0 0  0 0 0 0 0  0  0  0  0  0  0   0     0
129   129 0 0 0 0 0  0 0 0 0 0  0  0  0  0  0  0   0     0
130   130 0 0 0 0 0  0 0 0 0 0  0  0  0  0  0  0   0     0
131   131 0 0 0 0 0  0 0 0 0 0  0  0  0  0  0  0   0     0
132   132 0 0 0 0 0  0 0 0 0 0  0  0  0  0  0  0   0     0
133   133 0 0 0 0 0  0 0 0 0 0  0  0  0  0  0  0   0     0
134   134 0 0 0 0 0  0 0 0 0 0  0  0  0  0  0  0   0     0
135   135 0 0 0 0 0  0 0 0 0 0  0  0  0  0  0  0   0     0
136   136 0 0 0 0 0  0 0 0 0 0  0  0  0  0  0  0   0     0
137   137 0 0 0 0 0  0 0 0 0 0  0  0  0  0  0  0   0     0
138   138 0 0 0 0 0  0 0 0 0 0  0  0  0  0  0  0   0     0
139   139 0 0 0 0 0  0 0 0 0 0  0  0  0  0  0  0   0     0
140   140 0 0 0 0 0  0 0 0 0 0  0  0  0  0  0  0   0     0
141   141 0 0 0 0 0  0 0 0 0 0  0  0  0  0  0  0   0     0
142   142 0 0 0 0 0  0 0 0 0 0  0  0  0  0  0  0   0     0
143   143 0 0 0 0 0  0 0 0 0 0  0  0  0  0  0  0   0     0
144   144 0 0 0 0 0  0 0 0 0 0  0  0  0  0  0  0   0     0
145   145 0 0 0 0 0  0 0 0 0 0  0  0  0  0  0  0   0     0
146   146 0 0 0 0 0  0 0 0 0 0  0  0  0  0  0  0   0     0
147   147 0 0 0 0 0  0 0 0 0 0  0  0  0  0  0  0   0     0
148   148 0 0 0 0 0  0 0 0 0 0  0  0  0  0  0  0   0     0
149   149 0 0 0 0 0  0 0 0 0 0  0  0  0  0  0  0   0     0
150   150 0 0 0 0 0  0 0 0 0 0  0  0  0  0  0  0   0     0

$ALK.j
    longd 0 1 2 3     4      5     6     7 8 9 10 11 12 13 14 15    Sum Matad
1       1 0 0 0 0 0.000  0.000 0.000 0.000 0 0  0  0  0  0  0  0  0.000     0
2       2 0 0 0 0 0.000  0.000 0.000 0.000 0 0  0  0  0  0  0  0  0.000     0
3       3 0 0 0 0 0.000  0.000 0.000 0.000 0 0  0  0  0  0  0  0  0.000     0
4       4 0 0 0 0 0.000  0.000 0.000 0.000 0 0  0  0  0  0  0  0  0.000     0
5       5 0 0 0 0 0.000  0.000 0.000 0.000 0 0  0  0  0  0  0  0  0.000     0
6       6 0 0 0 0 0.000  0.000 0.000 0.000 0 0  0  0  0  0  0  0  0.000     0
7       7 0 0 0 0 0.000  0.000 0.000 0.000 0 0  0  0  0  0  0  0  0.000     0
8       8 0 0 0 0 0.000  0.000 0.000 0.000 0 0  0  0  0  0  0  0  0.000     0
9       9 0 0 0 0 0.000  0.000 0.000 0.000 0 0  0  0  0  0  0  0  0.000     0
10     10 0 0 0 0 0.000  0.000 0.000 0.000 0 0  0  0  0  0  0  0  0.000     0
11     11 0 0 0 0 0.000  0.000 0.000 0.000 0 0  0  0  0  0  0  0  0.000     0
12     12 0 0 0 0 0.000  0.000 0.000 0.000 0 0  0  0  0  0  0  0  0.000     0
13     13 0 0 0 0 0.000  0.000 0.000 0.000 0 0  0  0  0  0  0  0  0.000     0
14     14 0 0 0 0 0.000  0.000 0.000 0.000 0 0  0  0  0  0  0  0  0.000     0
15     15 0 0 0 0 0.000  0.000 0.000 0.000 0 0  0  0  0  0  0  0  0.000     0
16     16 0 0 0 0 0.000  0.000 0.000 0.000 0 0  0  0  0  0  0  0  0.000     0
17     17 0 0 0 0 0.000  0.000 0.000 0.000 0 0  0  0  0  0  0  0  0.000     0
18     18 0 0 0 0 0.000  0.000 0.000 0.000 0 0  0  0  0  0  0  0  0.000     0
19     19 0 0 0 0 0.000  0.000 0.000 0.000 0 0  0  0  0  0  0  0  0.000     0
20     20 0 0 0 0 0.000  0.000 0.000 0.000 0 0  0  0  0  0  0  0  0.000     0
21     21 0 0 0 0 0.000  0.000 0.000 0.000 0 0  0  0  0  0  0  0  0.000     0
22     22 0 0 0 0 0.000  0.000 0.000 0.000 0 0  0  0  0  0  0  0  0.000     0
23     23 0 0 0 0 0.000  0.000 0.000 0.000 0 0  0  0  0  0  0  0  0.000     0
24     24 0 0 0 0 0.000  0.000 0.000 0.000 0 0  0  0  0  0  0  0  0.000     0
25     25 0 0 0 0 0.000  0.000 0.000 0.000 0 0  0  0  0  0  0  0  0.000     0
26     26 0 0 0 0 0.000  0.000 0.000 0.000 0 0  0  0  0  0  0  0  0.000     0
27     27 0 0 0 0 0.000  0.000 0.000 0.000 0 0  0  0  0  0  0  0  0.000     0
28     28 0 0 0 0 0.000  0.000 0.000 0.000 0 0  0  0  0  0  0  0  0.000     0
29     29 0 0 0 0 0.000  0.000 0.000 0.000 0 0  0  0  0  0  0  0  0.000     0
30     30 0 0 0 0 0.000  0.000 0.000 0.000 0 0  0  0  0  0  0  0  0.000     0
31     31 0 0 0 0 0.000  0.000 0.000 0.000 0 0  0  0  0  0  0  0  0.000     0
32     32 0 0 0 0 0.000  0.000 0.000 0.000 0 0  0  0  0  0  0  0  0.000     0
33     33 0 0 0 0 0.000  0.000 0.000 0.000 0 0  0  0  0  0  0  0  0.000     0
34     34 0 0 0 0 0.000  0.000 0.000 0.000 0 0  0  0  0  0  0  0  0.000     0
35     35 0 0 0 0 0.000  0.000 0.000 0.000 0 0  0  0  0  0  0  0  0.000     0
36     36 0 0 0 0 0.000  0.000 0.000 0.000 0 0  0  0  0  0  0  0  0.000     0
37     37 0 0 0 0 0.000  0.000 0.000 0.000 0 0  0  0  0  0  0  0  0.000     0
38     38 0 0 0 0 0.000  0.000 0.000 0.000 0 0  0  0  0  0  0  0  0.000     0
39     39 0 0 0 0 0.000  0.000 0.000 0.000 0 0  0  0  0  0  0  0  0.001     0
40     40 0 0 0 0 0.001  0.000 0.000 0.000 0 0  0  0  0  0  0  0  0.001     0
41     41 0 0 0 0 0.003  0.000 0.000 0.001 0 0  0  0  0  0  0  0  0.004     0
42     42 0 0 0 1 0.006  0.001 0.000 0.001 0 0  0  0  0  0  0  0  1.008     1
43     43 0 0 0 0 0.013  0.003 0.000 0.002 0 0  0  0  0  0  0  0  0.018     0
44     44 0 0 0 0 0.028  0.007 0.000 0.003 0 0  0  0  0  0  0  0  0.038     0
45     45 0 0 0 0 0.056  0.015 0.000 0.006 0 0  0  0  0  0  0  0  0.077     1
46     46 0 0 0 0 0.106  0.034 0.001 0.009 0 0  0  0  0  0  0  0  0.150     2
47     47 0 0 0 0 0.191  0.071 0.002 0.015 0 0  0  0  0  0  0  0  0.279     3
48     48 0 0 0 0 0.326  0.141 0.004 0.024 0 0  0  0  0  0  0  0  0.495     3
49     49 0 0 0 0 0.527  0.268 0.010 0.036 0 0  0  0  0  0  0  0  0.841     4
50     50 0 0 0 0 0.809  0.484 0.021 0.054 0 0  0  0  0  0  0  0  1.368     3
51     51 0 0 0 0 1.178  0.831 0.043 0.079 0 0  0  0  0  0  0  0  2.130     9
52     52 0 0 0 0 1.627  1.357 0.083 0.111 0 0  0  0  0  0  0  0  3.178     7
53     53 0 0 0 0 2.132  2.106 0.154 0.153 0 0  0  0  0  0  0  0  4.545    17
54     54 0 0 0 0 2.651  3.108 0.270 0.205 0 0  0  0  0  0  0  0  6.234    32
55     55 0 0 0 0 3.127  4.360 0.452 0.267 0 0  0  0  0  0  0  0  8.206    32
56     56 0 0 0 0 3.499  5.814 0.720 0.339 0 0  0  0  0  0  0  0 10.372    32
57     57 0 0 0 0 3.714  7.371 1.089 0.420 0 0  0  0  0  0  0  0 12.595    47
58     58 0 0 0 0 3.740  8.883 1.568 0.507 0 0  0  0  0  0  0  0 14.699    53
59     59 0 0 0 0 3.574 10.178 2.146 0.596 0 0  0  0  0  0  0  0 16.493    61
60     60 0 0 0 0 3.239 11.085 2.793 0.682 0 0  0  0  0  0  0  0 17.799    64
61     61 0 0 0 0 2.785 11.477 3.458 0.760 0 0  0  0  0  0  0  0 18.481    73
62     62 0 0 0 0 2.272 11.297 4.070 0.826 0 0  0  0  0  0  0  0 18.466    67
63     63 0 0 0 0 1.759 10.571 4.556 0.873 0 0  0  0  0  0  0  0 17.760    69
64     64 0 0 0 0 1.291  9.404 4.851 0.900 0 0  0  0  0  0  0  0 16.446    60
65     65 0 0 0 0 0.899  7.952 4.911 0.903 0 0  0  0  0  0  0  0 14.666    66
66     66 0 0 0 0 0.594  6.393 4.728 0.883 0 0  0  0  0  0  0  0 12.599    51
67     67 0 0 0 0 0.373  4.886 4.329 0.841 0 0  0  0  0  0  0  0 10.429    47
68     68 0 0 0 0 0.222  3.550 3.769 0.780 0 0  0  0  0  0  0  0  8.321    40
69     69 0 0 0 0 0.125  2.452 3.121 0.705 0 0  0  0  0  0  0  0  6.404    34
70     70 0 0 0 0 0.067  1.610 2.458 0.621 0 0  0  0  0  0  0  0  4.756    36
71     71 0 0 0 0 0.034  1.005 1.841 0.532 1 0  0  0  0  0  0  0  4.412    18
72     72 0 0 0 0 0.016  0.596 1.311 0.445 0 0  0  0  0  0  0  0  2.368    28
73     73 0 0 0 0 0.007  0.336 0.888 0.362 0 0  0  0  0  0  0  0  1.593    14
74     74 0 0 0 0 0.003  0.180 0.572 0.287 0 0  0  0  0  0  0  0  1.042     8
75     75 0 0 0 0 0.001  0.092 0.350 0.221 0 0  0  0  0  0  0  0  0.665     8
76     76 0 0 0 0 0.001  0.045 0.204 0.166 0 0  0  0  0  0  0  0  0.416     3
77     77 0 0 0 0 0.000  0.021 0.113 0.122 0 0  0  0  0  0  0  0  0.256     2
78     78 0 0 0 0 0.000  0.009 0.060 0.087 0 0  0  0  0  0  0  0  0.156    12
79     79 0 0 0 0 0.000  0.004 0.030 0.060 0 0  0  0  0  0  0  0  0.094     3
80     80 0 0 0 0 0.000  0.001 0.014 0.041 0 0  0  0  0  0  0  0  0.057     3
81     81 0 0 0 0 0.000  0.001 0.006 0.027 0 0  0  0  0  0  0  0  0.034     1
82     82 0 0 0 0 0.000  0.000 0.003 0.017 0 0  0  0  0  0  0  0  0.020     1
83     83 0 0 0 0 0.000  0.000 0.001 0.011 0 0  0  0  0  0  0  0  0.012     1
84     84 0 0 0 0 0.000  0.000 0.000 0.007 0 0  0  0  0  0  0  0  0.007     2
85     85 0 0 0 0 0.000  0.000 0.000 0.004 0 0  0  0  0  0  0  0  0.004     3
86     86 0 0 0 0 0.000  0.000 0.000 0.002 0 0  0  0  0  0  0  0  0.002     0
87     87 0 0 0 0 0.000  0.000 0.000 0.001 0 0  0  0  0  0  0  0  0.001     3
88     88 0 0 0 0 0.000  0.000 0.000 0.001 0 0  0  0  0  0  0  0  0.001     1
89     89 0 0 0 0 0.000  0.000 0.000 0.000 0 0  0  0  0  0  0  0  0.000     2
90     90 0 0 0 0 0.000  0.000 0.000 0.000 0 0  0  0  0  0  0  0  0.000     0
91     91 0 0 0 0 0.000  0.000 0.000 0.000 0 0  0  0  0  0  0  0  0.000     0
92     92 0 0 0 0 0.000  0.000 0.000 0.000 0 0  0  0  0  0  0  0  0.000     0
93     93 0 0 0 0 0.000  0.000 0.000 0.000 0 0  0  0  0  0  0  0  0.000     0
94     94 0 0 0 0 0.000  0.000 0.000 0.000 0 0  0  0  0  0  0  0  0.000     1
95     95 0 0 0 0 0.000  0.000 0.000 0.000 0 0  0  0  0  0  0  0  0.000     0
96     96 0 0 0 0 0.000  0.000 0.000 0.000 0 0  0  0  0  0  0  0  0.000     0
97     97 0 0 0 0 0.000  0.000 0.000 0.000 0 0  0  0  0  0  0  0  0.000     0
98     98 0 0 0 0 0.000  0.000 0.000 0.000 0 0  0  0  0  0  0  0  0.000     0
99     99 0 0 0 0 0.000  0.000 0.000 0.000 0 0  0  0  0  0  0  0  0.000     0
100   100 0 0 0 0 0.000  0.000 0.000 0.000 0 0  0  0  0  0  0  0  0.000     0
101   101 0 0 0 0 0.000  0.000 0.000 0.000 0 0  0  0  0  0  0  0  0.000     0
102   102 0 0 0 0 0.000  0.000 0.000 0.000 0 0  0  0  0  0  0  0  0.000     0
103   103 0 0 0 0 0.000  0.000 0.000 0.000 0 0  0  0  0  0  0  0  0.000     0
104   104 0 0 0 0 0.000  0.000 0.000 0.000 0 0  0  0  0  0  0  0  0.000     0
105   105 0 0 0 0 0.000  0.000 0.000 0.000 0 0  0  0  0  0  0  0  0.000     0
106   106 0 0 0 0 0.000  0.000 0.000 0.000 0 0  0  0  0  0  0  0  0.000     0
107   107 0 0 0 0 0.000  0.000 0.000 0.000 0 0  0  0  0  0  0  0  0.000     0
108   108 0 0 0 0 0.000  0.000 0.000 0.000 0 0  0  0  0  0  0  0  0.000     0
109   109 0 0 0 0 0.000  0.000 0.000 0.000 0 0  0  0  0  0  0  0  0.000     0
110   110 0 0 0 0 0.000  0.000 0.000 0.000 0 0  0  0  0  0  0  0  0.000     0
111   111 0 0 0 0 0.000  0.000 0.000 0.000 0 0  0  0  0  0  0  0  0.000     0
112   112 0 0 0 0 0.000  0.000 0.000 0.000 0 0  0  0  0  0  0  0  0.000     0
113   113 0 0 0 0 0.000  0.000 0.000 0.000 0 0  0  0  0  0  0  0  0.000     0
114   114 0 0 0 0 0.000  0.000 0.000 0.000 0 0  0  0  0  0  0  0  0.000     0
115   115 0 0 0 0 0.000  0.000 0.000 0.000 0 0  0  0  0  0  0  0  0.000     0
116   116 0 0 0 0 0.000  0.000 0.000 0.000 0 0  0  0  0  0  0  0  0.000     0
117   117 0 0 0 0 0.000  0.000 0.000 0.000 0 0  0  0  0  0  0  0  0.000     0
118   118 0 0 0 0 0.000  0.000 0.000 0.000 0 0  0  0  0  0  0  0  0.000     0
119   119 0 0 0 0 0.000  0.000 0.000 0.000 0 0  0  0  0  0  0  0  0.000     0
120   120 0 0 0 0 0.000  0.000 0.000 0.000 0 0  0  0  0  0  0  0  0.000     0
121   121 0 0 0 0 0.000  0.000 0.000 0.000 0 0  0  0  0  0  0  0  0.000     0
122   122 0 0 0 0 0.000  0.000 0.000 0.000 0 0  0  0  0  0  0  0  0.000     0
123   123 0 0 0 0 0.000  0.000 0.000 0.000 0 0  0  0  0  0  0  0  0.000     0
124   124 0 0 0 0 0.000  0.000 0.000 0.000 0 0  0  0  0  0  0  0  0.000     0
125   125 0 0 0 0 0.000  0.000 0.000 0.000 0 0  0  0  0  0  0  0  0.000     0
126   126 0 0 0 0 0.000  0.000 0.000 0.000 0 0  0  0  0  0  0  0  0.000     0
127   127 0 0 0 0 0.000  0.000 0.000 0.000 0 0  0  0  0  0  0  0  0.000     0
128   128 0 0 0 0 0.000  0.000 0.000 0.000 0 0  0  0  0  0  0  0  0.000     0
129   129 0 0 0 0 0.000  0.000 0.000 0.000 0 0  0  0  0  0  0  0  0.000     0
130   130 0 0 0 0 0.000  0.000 0.000 0.000 0 0  0  0  0  0  0  0  0.000     0
131   131 0 0 0 0 0.000  0.000 0.000 0.000 0 0  0  0  0  0  0  0  0.000     0
132   132 0 0 0 0 0.000  0.000 0.000 0.000 0 0  0  0  0  0  0  0  0.000     0
133   133 0 0 0 0 0.000  0.000 0.000 0.000 0 0  0  0  0  0  0  0  0.000     0
134   134 0 0 0 0 0.000  0.000 0.000 0.000 0 0  0  0  0  0  0  0  0.000     0
135   135 0 0 0 0 0.000  0.000 0.000 0.000 0 0  0  0  0  0  0  0  0.000     0
136   136 0 0 0 0 0.000  0.000 0.000 0.000 0 0  0  0  0  0  0  0  0.000     0
137   137 0 0 0 0 0.000  0.000 0.000 0.000 0 0  0  0  0  0  0  0  0.000     0
138   138 0 0 0 0 0.000  0.000 0.000 0.000 0 0  0  0  0  0  0  0  0.000     0
139   139 0 0 0 0 0.000  0.000 0.000 0.000 0 0  0  0  0  0  0  0  0.000     0
140   140 0 0 0 0 0.000  0.000 0.000 0.000 0 0  0  0  0  0  0  0  0.000     0
141   141 0 0 0 0 0.000  0.000 0.000 0.000 0 0  0  0  0  0  0  0  0.000     0
142   142 0 0 0 0 0.000  0.000 0.000 0.000 0 0  0  0  0  0  0  0  0.000     0
143   143 0 0 0 0 0.000  0.000 0.000 0.000 0 0  0  0  0  0  0  0  0.000     0
144   144 0 0 0 0 0.000  0.000 0.000 0.000 0 0  0  0  0  0  0  0  0.000     0
145   145 0 0 0 0 0.000  0.000 0.000 0.000 0 0  0  0  0  0  0  0  0.000     0
146   146 0 0 0 0 0.000  0.000 0.000 0.000 0 0  0  0  0  0  0  0  0.000     0
147   147 0 0 0 0 0.000  0.000 0.000 0.000 0 0  0  0  0  0  0  0  0.000     0
148   148 0 0 0 0 0.000  0.000 0.000 0.000 0 0  0  0  0  0  0  0  0.000     0
149   149 0 0 0 0 0.000  0.000 0.000 0.000 0 0  0  0  0  0  0  0  0.000     0
150   150 0 0 0 0 0.000  0.000 0.000 0.000 0 0  0  0  0  0  0  0  0.000     0


 .... [TRUNCATED] 
>>>>>>>>>>>>>> 	 ALD-lykil 	 <<<<<<<<<<<<
 .... [TRUNCATED] 
$ALD
              0        1        2        3        4        5        6        7        8        9       10       11       12       13       14
1         0.000    0.000    0.000    0.000    0.000    0.000    0.000    0.000    0.000    0.000    0.000    0.000    0.000    0.000    0.000
2         0.000    0.000    0.000    0.000    0.000    0.000    0.000    0.000    0.000    0.000    0.000    0.000    0.000    0.000    0.000
3         0.000    0.000    0.000    0.000    0.000    0.000    0.000    0.000    0.000    0.000    0.000    0.000    0.000    0.000    0.000
4         0.000    0.000    0.000    0.000    0.000    0.000    0.000    0.000    0.000    0.000    0.000    0.000    0.000    0.000    0.000
5         0.000    0.000    0.000    0.000    0.000    0.000    0.000    0.000    0.000    0.000    0.000    0.000    0.000    0.000    0.000
6         0.000    0.000    0.000    0.000    0.000    0.000    0.000    0.000    0.000    0.000    0.000    0.000    0.000    0.000    0.000
7         0.000    0.000    0.000    0.000    0.000    0.000    0.000    0.000    0.000    0.000    0.000    0.000    0.000    0.000    0.000
8         0.000    0.000    0.000    0.000    0.000    0.000    0.000    0.000    0.000    0.000    0.000    0.000    0.000    0.000    0.000
9         0.000    0.000    0.000    0.000    0.000    0.000    0.000    0.000    0.000    0.000    0.000    0.000    0.000    0.000    0.000
10        0.000    0.000    0.000    0.000    0.000    0.000    0.000    0.000    0.000    0.000    0.000    0.000    0.000    0.000    0.000
11        0.000    0.000    0.000    0.000    0.000    0.000    0.000    0.000    0.000    0.000    0.000    0.000    0.000    0.000    0.000
12        0.000    0.000    0.000    0.000    0.000    0.000    0.000    0.000    0.000    0.000    0.000    0.000    0.000    0.000    0.000
13        0.000    0.000    0.000    0.000    0.000    0.000    0.000    0.000    0.000    0.000    0.000    0.000    0.000    0.000    0.000
14        0.000    0.000    0.000    0.000    0.000    0.000    0.000    0.000    0.000    0.000    0.000    0.000    0.000    0.000    0.000
15        0.000    0.000    0.000    0.000    0.000    0.000    0.000    0.000    0.000    0.000    0.000    0.000    0.000    0.000    0.000
16        0.000    0.000    0.000    0.000    0.000    0.000    0.000    0.000    0.000    0.000    0.000    0.000    0.000    0.000    0.000
17        0.000    0.000    0.000    0.000    0.000    0.000    0.000    0.000    0.000    0.000    0.000    0.000    0.000    0.000    0.000
18        0.000    0.000    0.000    0.000    0.000    0.000    0.000    0.000    0.000    0.000    0.000    0.000    0.000    0.000    0.000
19        0.000    0.000    0.000    0.000    0.000    0.000    0.000    0.000    0.000    0.000    0.000    0.000    0.000    0.000    0.000
20        0.000    0.000    0.000    0.000    0.000    0.000    0.000    0.000    0.000    0.000    0.000    0.000    0.000    0.000    0.000
21        0.000    0.000    0.000    0.000    0.000    0.000    0.000    0.000    0.000    0.000    0.000    0.000    0.000    0.000    0.000
22        0.000    0.000    0.000    0.000    0.000    0.000    0.000    0.000    0.000    0.000    0.000    0.000    0.000    0.000    0.000
23        0.000    0.000    0.000    0.000    0.000    0.000    0.000    0.000    0.000    0.000    0.000    0.000    0.000    0.000    0.000
24        0.000    0.000    0.000    0.000    0.000    0.000    0.000    0.000    0.000    0.000    0.000    0.000    0.000    0.000    0.000
25        0.000    0.000    0.000    0.000    0.000    0.000    0.000    0.000    0.000    0.000    0.000    0.000    0.000    0.000    0.000
26        0.000    0.000    0.000    0.000    0.000    0.000    0.000    0.000    0.000    0.000    0.000    0.000    0.000    0.000    0.000
27        0.000    0.000    0.000    0.000    0.000    0.000    0.000    0.000    0.000    0.000    0.000    0.000    0.000    0.000    0.000
28        0.000    0.000    0.000    0.000    0.000    0.000    0.000    0.000    0.000    0.000    0.000    0.000    0.000    0.000    0.000
29        0.000    0.000    0.000    0.000    0.000    0.000    0.000    0.000    0.000    0.000    0.000    0.000    0.000    0.000    0.000
30        0.000    0.000    0.000    0.000    0.000    0.000    0.000    0.000    0.000    0.000    0.000    0.000    0.000    0.000    0.000
31        0.000    0.000    0.000    0.000    0.000    0.000    0.000    0.000    0.000    0.000    0.000    0.000    0.000    0.000    0.000
32        0.000    0.000    0.000    0.000    0.000    0.000    0.000    0.000    0.000    0.000    0.000    0.000    0.000    0.000    0.000
33        0.000    0.000    0.000    0.000    0.000    0.000    0.000    0.000    0.000    0.000    0.000    0.000    0.000    0.000    0.000
34        0.000    0.000    0.000    0.000    0.000    0.000    0.000    0.000    0.000    0.000    0.000    0.000    0.000    0.000    0.000
35        0.000    0.000    0.000    0.000    0.000    0.000    0.000    0.000    0.000    0.000    0.000    0.000    0.000    0.000    0.000
36        0.000    0.000    0.000    0.000    0.000    0.000    0.000    0.000    0.000    0.000    0.000    0.000    0.000    0.000    0.000
37        0.000    0.000    0.000    0.000    0.000    0.000    0.000    0.000    0.000    0.000    0.000    0.000    0.000    0.000    0.000
38        0.000    0.000    0.000    0.000    0.000    0.000    0.000    0.000    0.000    0.000    0.000    0.000    0.000    0.000    0.000
39        0.000    0.000    0.000    0.000    0.000    0.000    0.000    0.000    0.000    0.000    0.000    0.000    0.000    0.000    0.000
40        0.000    0.000    0.000    0.000    0.000    0.000    0.000    0.000    0.000    0.000    0.000    0.000    0.000    0.000    0.000
41        0.000    0.000    0.000    0.000    0.000    0.000    0.000    0.000    0.000    0.000    0.000    0.000    0.000    0.000    0.000
42        0.000    0.000    0.000    1.000    0.000    0.000    0.000    0.000    0.000    0.000    0.000    0.000    0.000    0.000    0.000
43        0.000    0.000    0.000    0.000    0.000    0.000    0.000    0.000    0.000    0.000    0.000    0.000    0.000    0.000    0.000
44        0.000    0.000    0.000    0.000    0.000    0.000    0.000    0.000    0.000    0.000    0.000    0.000    0.000    0.000    0.000
45        0.000    0.000    0.000    0.000    0.000    0.000    0.000    0.000    0.000    0.000    0.000    0.000    0.000    0.000    0.000
46        0.000    0.000    0.000    0.000    0.000    0.000    0.000    0.000    0.000    0.000    0.000    0.000    0.000    0.000    0.000
47        0.000    0.000    0.000    0.000    3.000    0.000    0.000    0.000    0.000    0.000    0.000    0.000    0.000    0.000    0.000
48        0.000    0.000    0.000    0.000    3.000    0.000    0.000    0.000    0.000    0.000    0.000    0.000    0.000    0.000    0.000
49        0.000    0.000    0.000    0.000    0.000    0.000    0.000    0.000    0.000    0.000    0.000    0.000    0.000    0.000    0.000
50        0.000    0.000    0.000    0.000    0.000    0.000    0.000    0.000    0.000    0.000    0.000    0.000    0.000    0.000    0.000
51        0.000    0.000    0.000    0.000    3.000    6.000    0.000    0.000    0.000    0.000    0.000    0.000    0.000    0.000    0.000
52        0.000    0.000    0.000    0.000    0.000    7.000    0.000    0.000    0.000    0.000    0.000    0.000    0.000    0.000    0.000
53        0.000    0.000    0.000    0.000    2.833   11.333    2.833    0.000    0.000    0.000    0.000    0.000    0.000    0.000    0.000
54        0.000    0.000    0.000    0.000   20.000   12.000    0.000    0.000    0.000    0.000    0.000    0.000    0.000    0.000    0.000
55        0.000    0.000    0.000    0.000   10.667   16.000    0.000    5.333    0.000    0.000    0.000    0.000    0.000    0.000    0.000
56        0.000    0.000    0.000    0.000   12.000   20.000    0.000    0.000    0.000    0.000    0.000    0.000    0.000    0.000    0.000
57        0.000    0.000    0.000    0.000   18.800   21.933    3.133    3.133    0.000    0.000    0.000    0.000    0.000    0.000    0.000
58        0.000    0.000    0.000    0.000   23.556   23.556    5.889    0.000    0.000    0.000    0.000    0.000    0.000    0.000    0.000
59        0.000    0.000    0.000    0.000    4.067   40.667   12.200    4.067    0.000    0.000    0.000    0.000    0.000    0.000    0.000
60        0.000    0.000    0.000    0.000   16.696   36.174    8.348    2.783    0.000    0.000    0.000    0.000    0.000    0.000    0.000
61        0.000    0.000    0.000    0.000    0.000   56.778   12.167    4.056    0.000    0.000    0.000    0.000    0.000    0.000    0.000
62        0.000    0.000    0.000    0.000    3.941   43.353   19.706    0.000    0.000    0.000    0.000    0.000    0.000    0.000    0.000
63        0.000    0.000    0.000    0.000    0.000   34.500   23.000   11.500    0.000    0.000    0.000    0.000    0.000    0.000    0.000
64        0.000    0.000    0.000    0.000    4.615   50.769    4.615    0.000    0.000    0.000    0.000    0.000    0.000    0.000    0.000
65        0.000    0.000    0.000    0.000    5.500   33.000   22.000    5.500    0.000    0.000    0.000    0.000    0.000    0.000    0.000
66        0.000    0.000    0.000    0.000    7.286   21.857   21.857    0.000    0.000    0.000    0.000    0.000    0.000    0.000    0.000
67        0.000    0.000    0.000    0.000    0.000   20.889   26.111    0.000    0.000    0.000    0.000    0.000    0.000    0.000    0.000
68        0.000    0.000    0.000    0.000    6.667   13.333   20.000    0.000    0.000    0.000    0.000    0.000    0.000    0.000    0.000
69        0.000    0.000    0.000    0.000    0.000   17.000   13.600    3.400    0.000    0.000    0.000    0.000    0.000    0.000    0.000
70        0.000    0.000    0.000    0.000    0.000   14.400   21.600    0.000    0.000    0.000    0.000    0.000    0.000    0.000    0.000
71        0.000    0.000    0.000    0.000    0.000    6.000    6.000    0.000    6.000    0.000    0.000    0.000    0.000    0.000    0.000
72        0.000    0.000    0.000    0.000    0.000    0.000   11.200   16.800    0.000    0.000    0.000    0.000    0.000    0.000    0.000
73        0.000    0.000    0.000    0.000    0.000    7.000    7.000    0.000    0.000    0.000    0.000    0.000    0.000    0.000    0.000
74        0.000    0.000    0.000    0.000    0.000    0.000    4.000    4.000    0.000    0.000    0.000    0.000    0.000    0.000    0.000
75        0.000    0.000    0.000    0.000    0.000    0.000    0.000    0.000    0.000    0.000    0.000    0.000    0.000    0.000    0.000
76        0.000    0.000    0.000    0.000    0.000    0.000    0.000    0.000    0.000    0.000    0.000    0.000    0.000    0.000    0.000
77        0.000    0.000    0.000    0.000    0.000    0.000    0.000    0.000    0.000    0.000    0.000    0.000    0.000    0.000    0.000
78        0.000    0.000    0.000    0.000    0.000    0.000    0.000    0.000    0.000    0.000    0.000    0.000    0.000    0.000    0.000
79        0.000    0.000    0.000    0.000    0.000    0.000    0.000    0.000    0.000    0.000    0.000    0.000    0.000    0.000    0.000
80        0.000    0.000    0.000    0.000    0.000    0.000    0.000    0.000    0.000    0.000    0.000    0.000    0.000    0.000    0.000
81        0.000    0.000    0.000    0.000    0.000    0.000    0.000    0.000    0.000    0.000    0.000    0.000    0.000    0.000    0.000
82        0.000    0.000    0.000    0.000    0.000    0.000    0.000    0.000    0.000    0.000    0.000    0.000    0.000    0.000    0.000
83        0.000    0.000    0.000    0.000    0.000    0.000    0.000    0.000    0.000    0.000    0.000    0.000    0.000    0.000    0.000
84        0.000    0.000    0.000    0.000    0.000    0.000    0.000    0.000    0.000    0.000    0.000    0.000    0.000    0.000    0.000
85        0.000    0.000    0.000    0.000    0.000    0.000    0.000    0.000    0.000    0.000    0.000    0.000    0.000    0.000    0.000
86        0.000    0.000    0.000    0.000    0.000    0.000    0.000    0.000    0.000    0.000    0.000    0.000    0.000    0.000    0.000
87        0.000    0.000    0.000    0.000    0.000    0.000    0.000    0.000    0.000    0.000    0.000    0.000    0.000    0.000    0.000
88        0.000    0.000    0.000    0.000    0.000    0.000    0.000    0.000    0.000    0.000    0.000    0.000    0.000    0.000    0.000
89        0.000    0.000    0.000    0.000    0.000    0.000    0.000    0.000    0.000    0.000    0.000    0.000    0.000    0.000    0.000
90        0.000    0.000    0.000    0.000    0.000    0.000    0.000    0.000    0.000    0.000    0.000    0.000    0.000    0.000    0.000
91        0.000    0.000    0.000    0.000    0.000    0.000    0.000    0.000    0.000    0.000    0.000    0.000    0.000    0.000    0.000
92        0.000    0.000    0.000    0.000    0.000    0.000    0.000    0.000    0.000    0.000    0.000    0.000    0.000    0.000    0.000
93        0.000    0.000    0.000    0.000    0.000    0.000    0.000    0.000    0.000    0.000    0.000    0.000    0.000    0.000    0.000
94        0.000    0.000    0.000    0.000    0.000    0.000    0.000    0.000    0.000    0.000    0.000    0.000    0.000    0.000    0.000
95        0.000    0.000    0.000    0.000    0.000    0.000    0.000    0.000    0.000    0.000    0.000    0.000    0.000    0.000    0.000
96        0.000    0.000    0.000    0.000    0.000    0.000    0.000    0.000    0.000    0.000    0.000    0.000    0.000    0.000    0.000
97        0.000    0.000    0.000    0.000    0.000    0.000    0.000    0.000    0.000    0.000    0.000    0.000    0.000    0.000    0.000
98        0.000    0.000    0.000    0.000    0.000    0.000    0.000    0.000    0.000    0.000    0.000    0.000    0.000    0.000    0.000
99        0.000    0.000    0.000    0.000    0.000    0.000    0.000    0.000    0.000    0.000    0.000    0.000    0.000    0.000    0.000
100       0.000    0.000    0.000    0.000    0.000    0.000    0.000    0.000    0.000    0.000    0.000    0.000    0.000    0.000    0.000
101       0.000    0.000    0.000    0.000    0.000    0.000    0.000    0.000    0.000    0.000    0.000    0.000    0.000    0.000    0.000
102       0.000    0.000    0.000    0.000    0.000    0.000    0.000    0.000    0.000    0.000    0.000    0.000    0.000    0.000    0.000
103       0.000    0.000    0.000    0.000    0.000    0.000    0.000    0.000    0.000    0.000    0.000    0.000    0.000    0.000    0.000
104       0.000    0.000    0.000    0.000    0.000    0.000    0.000    0.000    0.000    0.000    0.000    0.000    0.000    0.000    0.000
105       0.000    0.000    0.000    0.000    0.000    0.000    0.000    0.000    0.000    0.000    0.000    0.000    0.000    0.000    0.000
106       0.000    0.000    0.000    0.000    0.000    0.000    0.000    0.000    0.000    0.000    0.000    0.000    0.000    0.000    0.000
107       0.000    0.000    0.000    0.000    0.000    0.000    0.000    0.000    0.000    0.000    0.000    0.000    0.000    0.000    0.000
108       0.000    0.000    0.000    0.000    0.000    0.000    0.000    0.000    0.000    0.000    0.000    0.000    0.000    0.000    0.000
109       0.000    0.000    0.000    0.000    0.000    0.000    0.000    0.000    0.000    0.000    0.000    0.000    0.000    0.000    0.000
110       0.000    0.000    0.000    0.000    0.000    0.000    0.000    0.000    0.000    0.000    0.000    0.000    0.000    0.000    0.000
111       0.000    0.000    0.000    0.000    0.000    0.000    0.000    0.000    0.000    0.000    0.000    0.000    0.000    0.000    0.000
112       0.000    0.000    0.000    0.000    0.000    0.000    0.000    0.000    0.000    0.000    0.000    0.000    0.000    0.000    0.000
113       0.000    0.000    0.000    0.000    0.000    0.000    0.000    0.000    0.000    0.000    0.000    0.000    0.000    0.000    0.000
114       0.000    0.000    0.000    0.000    0.000    0.000    0.000    0.000    0.000    0.000    0.000    0.000    0.000    0.000    0.000
115       0.000    0.000    0.000    0.000    0.000    0.000    0.000    0.000    0.000    0.000    0.000    0.000    0.000    0.000    0.000
116       0.000    0.000    0.000    0.000    0.000    0.000    0.000    0.000    0.000    0.000    0.000    0.000    0.000    0.000    0.000
117       0.000    0.000    0.000    0.000    0.000    0.000    0.000    0.000    0.000    0.000    0.000    0.000    0.000    0.000    0.000
118       0.000    0.000    0.000    0.000    0.000    0.000    0.000    0.000    0.000    0.000    0.000    0.000    0.000    0.000    0.000
119       0.000    0.000    0.000    0.000    0.000    0.000    0.000    0.000    0.000    0.000    0.000    0.000    0.000    0.000    0.000
120       0.000    0.000    0.000    0.000    0.000    0.000    0.000    0.000    0.000    0.000    0.000    0.000    0.000    0.000    0.000
121       0.000    0.000    0.000    0.000    0.000    0.000    0.000    0.000    0.000    0.000    0.000    0.000    0.000    0.000    0.000
122       0.000    0.000    0.000    0.000    0.000    0.000    0.000    0.000    0.000    0.000    0.000    0.000    0.000    0.000    0.000
123       0.000    0.000    0.000    0.000    0.000    0.000    0.000    0.000    0.000    0.000    0.000    0.000    0.000    0.000    0.000
124       0.000    0.000    0.000    0.000    0.000    0.000    0.000    0.000    0.000    0.000    0.000    0.000    0.000    0.000    0.000
125       0.000    0.000    0.000    0.000    0.000    0.000    0.000    0.000    0.000    0.000    0.000    0.000    0.000    0.000    0.000
126       0.000    0.000    0.000    0.000    0.000    0.000    0.000    0.000    0.000    0.000    0.000    0.000    0.000    0.000    0.000
127       0.000    0.000    0.000    0.000    0.000    0.000    0.000    0.000    0.000    0.000    0.000    0.000    0.000    0.000    0.000
128       0.000    0.000    0.000    0.000    0.000    0.000    0.000    0.000    0.000    0.000    0.000    0.000    0.000    0.000    0.000
129       0.000    0.000    0.000    0.000    0.000    0.000    0.000    0.000    0.000    0.000    0.000    0.000    0.000    0.000    0.000
130       0.000    0.000    0.000    0.000    0.000    0.000    0.000    0.000    0.000    0.000    0.000    0.000    0.000    0.000    0.000
131       0.000    0.000    0.000    0.000    0.000    0.000    0.000    0.000    0.000    0.000    0.000    0.000    0.000    0.000    0.000
132       0.000    0.000    0.000    0.000    0.000    0.000    0.000    0.000    0.000    0.000    0.000    0.000    0.000    0.000    0.000
133       0.000    0.000    0.000    0.000    0.000    0.000    0.000    0.000    0.000    0.000    0.000    0.000    0.000    0.000    0.000
134       0.000    0.000    0.000    0.000    0.000    0.000    0.000    0.000    0.000    0.000    0.000    0.000    0.000    0.000    0.000
135       0.000    0.000    0.000    0.000    0.000    0.000    0.000    0.000    0.000    0.000    0.000    0.000    0.000    0.000    0.000
136       0.000    0.000    0.000    0.000    0.000    0.000    0.000    0.000    0.000    0.000    0.000    0.000    0.000    0.000    0.000
137       0.000    0.000    0.000    0.000    0.000    0.000    0.000    0.000    0.000    0.000    0.000    0.000    0.000    0.000    0.000
138       0.000    0.000    0.000    0.000    0.000    0.000    0.000    0.000    0.000    0.000    0.000    0.000    0.000    0.000    0.000
139       0.000    0.000    0.000    0.000    0.000    0.000    0.000    0.000    0.000    0.000    0.000    0.000    0.000    0.000    0.000
140       0.000    0.000    0.000    0.000    0.000    0.000    0.000    0.000    0.000    0.000    0.000    0.000    0.000    0.000    0.000
141       0.000    0.000    0.000    0.000    0.000    0.000    0.000    0.000    0.000    0.000    0.000    0.000    0.000    0.000    0.000
142       0.000    0.000    0.000    0.000    0.000    0.000    0.000    0.000    0.000    0.000    0.000    0.000    0.000    0.000    0.000
143       0.000    0.000    0.000    0.000    0.000    0.000    0.000    0.000    0.000    0.000    0.000    0.000    0.000    0.000    0.000
144       0.000    0.000    0.000    0.000    0.000    0.000    0.000    0.000    0.000    0.000    0.000    0.000    0.000    0.000    0.000
145       0.000    0.000    0.000    0.000    0.000    0.000    0.000    0.000    0.000    0.000    0.000    0.000    0.000    0.000    0.000
146       0.000    0.000    0.000    0.000    0.000    0.000    0.000    0.000    0.000    0.000    0.000    0.000    0.000    0.000    0.000
147       0.000    0.000    0.000    0.000    0.000    0.000    0.000    0.000    0.000    0.000    0.000    0.000    0.000    0.000    0.000
148       0.000    0.000    0.000    0.000    0.000    0.000    0.000    0.000    0.000    0.000    0.000    0.000    0.000    0.000    0.000
149       0.000    0.000    0.000    0.000    0.000    0.000    0.000    0.000    0.000    0.000    0.000    0.000    0.000    0.000    0.000
150       0.000    0.000    0.000    0.000    0.000    0.000    0.000    0.000    0.000    0.000    0.000    0.000    0.000    0.000    0.000
Sum       0.000    0.000    0.000    1.000  145.627  513.542  245.260   60.571    6.000    0.000    0.000    0.000    0.000    0.000    0.000
mW        0.000    0.000    0.000    0.595    1.597    1.926    2.299    2.293    2.889    0.000    0.000    0.000    0.000    0.000    0.000
mL        0.000    0.000    0.000   42.000   57.835   61.702   65.607   65.246   71.000    0.000    0.000    0.000    0.000    0.000    0.000
pA        0.000    0.000    0.000    0.001    0.150    0.528    0.252    0.062    0.006    0.000    0.000    0.000    0.000    0.000    0.000
tot.mW 1998.242 1998.242 1998.242 1998.242 1998.242 1998.242 1998.242 1998.242 1998.242 1998.242 1998.242 1998.242 1998.242 1998.242 1998.242
tot.mL   62.362   62.362   62.362   62.362   62.362   62.362   62.362   62.362   62.362   62.362   62.362   62.362   62.362   62.362   62.362
             15    Matad      Sum
1         0.000    0.000    0.000
2         0.000    0.000    0.000
3         0.000    0.000    0.000
4         0.000    0.000    0.000
5         0.000    0.000    0.000
6         0.000    0.000    0.000
7         0.000    0.000    0.000
8         0.000    0.000    0.000
9         0.000    0.000    0.000
10        0.000    0.000    0.000
11        0.000    0.000    0.000
12        0.000    0.000    0.000
13        0.000    0.000    0.000
14        0.000    0.000    0.000
15        0.000    0.000    0.000
16        0.000    0.000    0.000
17        0.000    0.000    0.000
18        0.000    0.000    0.000
19        0.000    0.000    0.000
20        0.000    0.000    0.000
21        0.000    0.000    0.000
22        0.000    0.000    0.000
23        0.000    0.000    0.000
24        0.000    0.000    0.000
25        0.000    0.000    0.000
26        0.000    0.000    0.000
27        0.000    0.000    0.000
28        0.000    0.000    0.000
29        0.000    0.000    0.000
30        0.000    0.000    0.000
31        0.000    0.000    0.000
32        0.000    0.000    0.000
33        0.000    0.000    0.000
34        0.000    0.000    0.000
35        0.000    0.000    0.000
36        0.000    0.000    0.000
37        0.000    0.000    0.000
38        0.000    0.000    0.000
39        0.000    0.000    0.000
40        0.000    0.000    0.000
41        0.000    0.000    0.000
42        0.000    1.000    1.000
43        0.000    0.000    0.000
44        0.000    0.000    0.000
45        0.000    1.000    0.000
46        0.000    2.000    0.000
47        0.000    3.000    3.000
48        0.000    3.000    3.000
49        0.000    4.000    0.000
50        0.000    3.000    0.000
51        0.000    9.000    9.000
52        0.000    7.000    7.000
53        0.000   17.000   17.000
54        0.000   32.000   32.000
55        0.000   32.000   32.000
56        0.000   32.000   32.000
57        0.000   47.000   47.000
58        0.000   53.000   53.000
59        0.000   61.000   61.000
60        0.000   64.000   64.000
61        0.000   73.000   73.000
62        0.000   67.000   67.000
63        0.000   69.000   69.000
64        0.000   60.000   60.000
65        0.000   66.000   66.000
66        0.000   51.000   51.000
67        0.000   47.000   47.000
68        0.000   40.000   40.000
69        0.000   34.000   34.000
70        0.000   36.000   36.000
71        0.000   18.000   18.000
72        0.000   28.000   28.000
73        0.000   14.000   14.000
74        0.000    8.000    8.000
75        0.000    8.000    0.000
76        0.000    3.000    0.000
77        0.000    2.000    0.000
78        0.000   12.000    0.000
79        0.000    3.000    0.000
80        0.000    3.000    0.000
81        0.000    1.000    0.000
82        0.000    1.000    0.000
83        0.000    1.000    0.000
84        0.000    2.000    0.000
85        0.000    3.000    0.000
86        0.000    0.000    0.000
87        0.000    3.000    0.000
88        0.000    1.000    0.000
89        0.000    2.000    0.000
90        0.000    0.000    0.000
91        0.000    0.000    0.000
92        0.000    0.000    0.000
93        0.000    0.000    0.000
94        0.000    1.000    0.000
95        0.000    0.000    0.000
96        0.000    0.000    0.000
97        0.000    0.000    0.000
98        0.000    0.000    0.000
99        0.000    0.000    0.000
100       0.000    0.000    0.000
101       0.000    0.000    0.000
102       0.000    0.000    0.000
103       0.000    0.000    0.000
104       0.000    0.000    0.000
105       0.000    0.000    0.000
106       0.000    0.000    0.000
107       0.000    0.000    0.000
108       0.000    0.000    0.000
109       0.000    0.000    0.000
110       0.000    0.000    0.000
111       0.000    0.000    0.000
112       0.000    0.000    0.000
113       0.000    0.000    0.000
114       0.000    0.000    0.000
115       0.000    0.000    0.000
116       0.000    0.000    0.000
117       0.000    0.000    0.000
118       0.000    0.000    0.000
119       0.000    0.000    0.000
120       0.000    0.000    0.000
121       0.000    0.000    0.000
122       0.000    0.000    0.000
123       0.000    0.000    0.000
124       0.000    0.000    0.000
125       0.000    0.000    0.000
126       0.000    0.000    0.000
127       0.000    0.000    0.000
128       0.000    0.000    0.000
129       0.000    0.000    0.000
130       0.000    0.000    0.000
131       0.000    0.000    0.000
132       0.000    0.000    0.000
133       0.000    0.000    0.000
134       0.000    0.000    0.000
135       0.000    0.000    0.000
136       0.000    0.000    0.000
137       0.000    0.000    0.000
138       0.000    0.000    0.000
139       0.000    0.000    0.000
140       0.000    0.000    0.000
141       0.000    0.000    0.000
142       0.000    0.000    0.000
143       0.000    0.000    0.000
144       0.000    0.000    0.000
145       0.000    0.000    0.000
146       0.000    0.000    0.000
147       0.000    0.000    0.000
148       0.000    0.000    0.000
149       0.000    0.000    0.000
150       0.000    0.000    0.000
Sum       0.000 1028.000  972.000
mW        0.000    0.000    0.000
mL        0.000    0.000    0.000
pA        0.000    0.000    0.000
tot.mW 1998.242 1998.242 1998.242
tot.mL   62.362   62.362   62.362

$ALD.j
              0        1        2        3        4        5        6        7        8        9       10       11       12       13       14
1         0.000    0.000    0.000    0.000    0.000    0.000    0.000    0.000    0.000    0.000    0.000    0.000    0.000    0.000    0.000
2         0.000    0.000    0.000    0.000    0.000    0.000    0.000    0.000    0.000    0.000    0.000    0.000    0.000    0.000    0.000
3         0.000    0.000    0.000    0.000    0.000    0.000    0.000    0.000    0.000    0.000    0.000    0.000    0.000    0.000    0.000
4         0.000    0.000    0.000    0.000    0.000    0.000    0.000    0.000    0.000    0.000    0.000    0.000    0.000    0.000    0.000
5         0.000    0.000    0.000    0.000    0.000    0.000    0.000    0.000    0.000    0.000    0.000    0.000    0.000    0.000    0.000
6         0.000    0.000    0.000    0.000    0.000    0.000    0.000    0.000    0.000    0.000    0.000    0.000    0.000    0.000    0.000
7         0.000    0.000    0.000    0.000    0.000    0.000    0.000    0.000    0.000    0.000    0.000    0.000    0.000    0.000    0.000
8         0.000    0.000    0.000    0.000    0.000    0.000    0.000    0.000    0.000    0.000    0.000    0.000    0.000    0.000    0.000
9         0.000    0.000    0.000    0.000    0.000    0.000    0.000    0.000    0.000    0.000    0.000    0.000    0.000    0.000    0.000
10        0.000    0.000    0.000    0.000    0.000    0.000    0.000    0.000    0.000    0.000    0.000    0.000    0.000    0.000    0.000
11        0.000    0.000    0.000    0.000    0.000    0.000    0.000    0.000    0.000    0.000    0.000    0.000    0.000    0.000    0.000
12        0.000    0.000    0.000    0.000    0.000    0.000    0.000    0.000    0.000    0.000    0.000    0.000    0.000    0.000    0.000
13        0.000    0.000    0.000    0.000    0.000    0.000    0.000    0.000    0.000    0.000    0.000    0.000    0.000    0.000    0.000
14        0.000    0.000    0.000    0.000    0.000    0.000    0.000    0.000    0.000    0.000    0.000    0.000    0.000    0.000    0.000
15        0.000    0.000    0.000    0.000    0.000    0.000    0.000    0.000    0.000    0.000    0.000    0.000    0.000    0.000    0.000
16        0.000    0.000    0.000    0.000    0.000    0.000    0.000    0.000    0.000    0.000    0.000    0.000    0.000    0.000    0.000
17        0.000    0.000    0.000    0.000    0.000    0.000    0.000    0.000    0.000    0.000    0.000    0.000    0.000    0.000    0.000
18        0.000    0.000    0.000    0.000    0.000    0.000    0.000    0.000    0.000    0.000    0.000    0.000    0.000    0.000    0.000
19        0.000    0.000    0.000    0.000    0.000    0.000    0.000    0.000    0.000    0.000    0.000    0.000    0.000    0.000    0.000
20        0.000    0.000    0.000    0.000    0.000    0.000    0.000    0.000    0.000    0.000    0.000    0.000    0.000    0.000    0.000
21        0.000    0.000    0.000    0.000    0.000    0.000    0.000    0.000    0.000    0.000    0.000    0.000    0.000    0.000    0.000
22        0.000    0.000    0.000    0.000    0.000    0.000    0.000    0.000    0.000    0.000    0.000    0.000    0.000    0.000    0.000
23        0.000    0.000    0.000    0.000    0.000    0.000    0.000    0.000    0.000    0.000    0.000    0.000    0.000    0.000    0.000
24        0.000    0.000    0.000    0.000    0.000    0.000    0.000    0.000    0.000    0.000    0.000    0.000    0.000    0.000    0.000
25        0.000    0.000    0.000    0.000    0.000    0.000    0.000    0.000    0.000    0.000    0.000    0.000    0.000    0.000    0.000
26        0.000    0.000    0.000    0.000    0.000    0.000    0.000    0.000    0.000    0.000    0.000    0.000    0.000    0.000    0.000
27        0.000    0.000    0.000    0.000    0.000    0.000    0.000    0.000    0.000    0.000    0.000    0.000    0.000    0.000    0.000
28        0.000    0.000    0.000    0.000    0.000    0.000    0.000    0.000    0.000    0.000    0.000    0.000    0.000    0.000    0.000
29        0.000    0.000    0.000    0.000    0.000    0.000    0.000    0.000    0.000    0.000    0.000    0.000    0.000    0.000    0.000
30        0.000    0.000    0.000    0.000    0.000    0.000    0.000    0.000    0.000    0.000    0.000    0.000    0.000    0.000    0.000
31        0.000    0.000    0.000    0.000    0.000    0.000    0.000    0.000    0.000    0.000    0.000    0.000    0.000    0.000    0.000
32        0.000    0.000    0.000    0.000    0.000    0.000    0.000    0.000    0.000    0.000    0.000    0.000    0.000    0.000    0.000
33        0.000    0.000    0.000    0.000    0.000    0.000    0.000    0.000    0.000    0.000    0.000    0.000    0.000    0.000    0.000
34        0.000    0.000    0.000    0.000    0.000    0.000    0.000    0.000    0.000    0.000    0.000    0.000    0.000    0.000    0.000
35        0.000    0.000    0.000    0.000    0.000    0.000    0.000    0.000    0.000    0.000    0.000    0.000    0.000    0.000    0.000
36        0.000    0.000    0.000    0.000    0.000    0.000    0.000    0.000    0.000    0.000    0.000    0.000    0.000    0.000    0.000
37        0.000    0.000    0.000    0.000    0.000    0.000    0.000    0.000    0.000    0.000    0.000    0.000    0.000    0.000    0.000
38        0.000    0.000    0.000    0.000    0.000    0.000    0.000    0.000    0.000    0.000    0.000    0.000    0.000    0.000    0.000
39        0.000    0.000    0.000    0.000    0.000    0.000    0.000    0.000    0.000    0.000    0.000    0.000    0.000    0.000    0.000
40        0.000    0.000    0.000    0.000    0.000    0.000    0.000    0.000    0.000    0.000    0.000    0.000    0.000    0.000    0.000
41        0.000    0.000    0.000    0.000    0.000    0.000    0.000    0.000    0.000    0.000    0.000    0.000    0.000    0.000    0.000
42        0.000    0.000    0.000    0.992    0.006    0.001    0.000    0.001    0.000    0.000    0.000    0.000    0.000    0.000    0.000
43        0.000    0.000    0.000    0.000    0.000    0.000    0.000    0.000    0.000    0.000    0.000    0.000    0.000    0.000    0.000
44        0.000    0.000    0.000    0.000    0.000    0.000    0.000    0.000    0.000    0.000    0.000    0.000    0.000    0.000    0.000
45        0.000    0.000    0.000    0.000    0.726    0.196    0.004    0.074    0.000    0.000    0.000    0.000    0.000    0.000    0.000
46        0.000    0.000    0.000    0.000    1.417    0.447    0.010    0.126    0.000    0.000    0.000    0.000    0.000    0.000    0.000
47        0.000    0.000    0.000    0.000    2.058    0.759    0.019    0.164    0.000    0.000    0.000    0.000    0.000    0.000    0.000
48        0.000    0.000    0.000    0.000    1.975    0.854    0.026    0.145    0.000    0.000    0.000    0.000    0.000    0.000    0.000
49        0.000    0.000    0.000    0.000    2.507    1.274    0.046    0.173    0.000    0.000    0.000    0.000    0.000    0.000    0.000
50        0.000    0.000    0.000    0.000    1.774    1.061    0.046    0.119    0.000    0.000    0.000    0.000    0.000    0.000    0.000
51        0.000    0.000    0.000    0.000    4.976    3.511    0.180    0.332    0.000    0.000    0.000    0.000    0.000    0.000    0.000
52        0.000    0.000    0.000    0.000    3.584    2.989    0.183    0.245    0.000    0.000    0.000    0.000    0.000    0.000    0.000
53        0.000    0.000    0.000    0.000    7.976    7.879    0.574    0.571    0.000    0.000    0.000    0.000    0.000    0.000    0.000
54        0.000    0.000    0.000    0.000   13.608   15.955    1.387    1.050    0.000    0.000    0.000    0.000    0.000    0.000    0.000
55        0.000    0.000    0.000    0.000   12.193   17.002    1.764    1.041    0.000    0.000    0.000    0.000    0.000    0.000    0.000
56        0.000    0.000    0.000    0.000   10.794   17.938    2.220    1.047    0.000    0.000    0.000    0.000    0.000    0.000    0.000
57        0.000    0.000    0.000    0.000   13.860   27.506    4.065    1.569    0.000    0.000    0.000    0.000    0.000    0.000    0.000
58        0.000    0.000    0.000    0.000   13.487   32.031    5.653    1.828    0.000    0.000    0.000    0.000    0.000    0.000    0.000
59        0.000    0.000    0.000    0.000   13.218   37.642    7.937    2.204    0.000    0.000    0.000    0.000    0.000    0.000    0.000
60        0.000    0.000    0.000    0.000   11.647   39.857   10.044    2.452    0.000    0.000    0.000    0.000    0.000    0.000    0.000
61        0.000    0.000    0.000    0.000   11.003   45.336   13.658    3.003    0.000    0.000    0.000    0.000    0.000    0.000    0.000
62        0.000    0.000    0.000    0.000    8.245   40.991   14.768    2.996    0.000    0.000    0.000    0.000    0.000    0.000    0.000
63        0.000    0.000    0.000    0.000    6.833   41.071   17.703    3.393    0.000    0.000    0.000    0.000    0.000    0.000    0.000
64        0.000    0.000    0.000    0.000    4.711   34.308   17.697    3.284    0.000    0.000    0.000    0.000    0.000    0.000    0.000
65        0.000    0.000    0.000    0.000    4.048   35.787   22.100    4.065    0.000    0.000    0.000    0.000    0.000    0.000    0.000
66        0.000    0.000    0.000    0.000    2.406   25.879   19.140    3.576    0.000    0.000    0.000    0.000    0.000    0.000    0.000
67        0.000    0.000    0.000    0.000    1.679   22.019   19.510    3.791    0.000    0.000    0.000    0.000    0.000    0.000    0.000
68        0.000    0.000    0.000    0.000    1.065   17.064   18.119    3.752    0.000    0.000    0.000    0.000    0.000    0.000    0.000
69        0.000    0.000    0.000    0.000    0.664   13.018   16.573    3.745    0.000    0.000    0.000    0.000    0.000    0.000    0.000
70        0.000    0.000    0.000    0.000    0.507   12.187   18.606    4.700    0.000    0.000    0.000    0.000    0.000    0.000    0.000
71        0.000    0.000    0.000    0.000    0.139    4.100    7.509    2.172    4.080    0.000    0.000    0.000    0.000    0.000    0.000
72        0.000    0.000    0.000    0.000    0.194    7.051   15.498    5.258    0.000    0.000    0.000    0.000    0.000    0.000    0.000
73        0.000    0.000    0.000    0.000    0.066    2.956    7.800    3.179    0.000    0.000    0.000    0.000    0.000    0.000    0.000
74        0.000    0.000    0.000    0.000    0.025    1.385    4.389    2.201    0.000    0.000    0.000    0.000    0.000    0.000    0.000
75        0.000    0.000    0.000    0.000    0.016    1.107    4.213    2.664    0.000    0.000    0.000    0.000    0.000    0.000    0.000
76        0.000    0.000    0.000    0.000    0.004    0.322    1.472    1.202    0.000    0.000    0.000    0.000    0.000    0.000    0.000
77        0.000    0.000    0.000    0.000    0.002    0.161    0.884    0.954    0.000    0.000    0.000    0.000    0.000    0.000    0.000
78        0.000    0.000    0.000    0.000    0.005    0.694    4.590    6.711    0.000    0.000    0.000    0.000    0.000    0.000    0.000
79        0.000    0.000    0.000    0.000    0.001    0.119    0.951    1.929    0.000    0.000    0.000    0.000    0.000    0.000    0.000
80        0.000    0.000    0.000    0.000    0.000    0.079    0.752    2.169    0.000    0.000    0.000    0.000    0.000    0.000    0.000
81        0.000    0.000    0.000    0.000    0.000    0.016    0.189    0.794    0.000    0.000    0.000    0.000    0.000    0.000    0.000
82        0.000    0.000    0.000    0.000    0.000    0.010    0.136    0.854    0.000    0.000    0.000    0.000    0.000    0.000    0.000
83        0.000    0.000    0.000    0.000    0.000    0.006    0.094    0.900    0.000    0.000    0.000    0.000    0.000    0.000    0.000
84        0.000    0.000    0.000    0.000    0.000    0.006    0.125    1.869    0.000    0.000    0.000    0.000    0.000    0.000    0.000
85        0.000    0.000    0.000    0.000    0.000    0.005    0.120    2.875    0.000    0.000    0.000    0.000    0.000    0.000    0.000
86        0.000    0.000    0.000    0.000    0.000    0.000    0.000    0.000    0.000    0.000    0.000    0.000    0.000    0.000    0.000
87        0.000    0.000    0.000    0.000    0.000    0.001    0.045    2.954    0.000    0.000    0.000    0.000    0.000    0.000    0.000
88        0.000    0.000    0.000    0.000    0.000    0.000    0.009    0.991    0.000    0.000    0.000    0.000    0.000    0.000    0.000
89        0.000    0.000    0.000    0.000    0.000    0.000    0.010    1.990    0.000    0.000    0.000    0.000    0.000    0.000    0.000
90        0.000    0.000    0.000    0.000    0.000    0.000    0.000    0.000    0.000    0.000    0.000    0.000    0.000    0.000    0.000
91        0.000    0.000    0.000    0.000    0.000    0.000    0.000    0.000    0.000    0.000    0.000    0.000    0.000    0.000    0.000
92        0.000    0.000    0.000    0.000    0.000    0.000    0.000    0.000    0.000    0.000    0.000    0.000    0.000    0.000    0.000
93        0.000    0.000    0.000    0.000    0.000    0.000    0.000    0.000    0.000    0.000    0.000    0.000    0.000    0.000    0.000
94        0.000    0.000    0.000    0.000    0.000    0.000    0.000    1.000    0.000    0.000    0.000    0.000    0.000    0.000    0.000
95        0.000    0.000    0.000    0.000    0.000    0.000    0.000    0.000    0.000    0.000    0.000    0.000    0.000    0.000    0.000
96        0.000    0.000    0.000    0.000    0.000    0.000    0.000    0.000    0.000    0.000    0.000    0.000    0.000    0.000    0.000
97        0.000    0.000    0.000    0.000    0.000    0.000    0.000    0.000    0.000    0.000    0.000    0.000    0.000    0.000    0.000
98        0.000    0.000    0.000    0.000    0.000    0.000    0.000    0.000    0.000    0.000    0.000    0.000    0.000    0.000    0.000
99        0.000    0.000    0.000    0.000    0.000    0.000    0.000    0.000    0.000    0.000    0.000    0.000    0.000    0.000    0.000
100       0.000    0.000    0.000    0.000    0.000    0.000    0.000    0.000    0.000    0.000    0.000    0.000    0.000    0.000    0.000
101       0.000    0.000    0.000    0.000    0.000    0.000    0.000    0.000    0.000    0.000    0.000    0.000    0.000    0.000    0.000
102       0.000    0.000    0.000    0.000    0.000    0.000    0.000    0.000    0.000    0.000    0.000    0.000    0.000    0.000    0.000
103       0.000    0.000    0.000    0.000    0.000    0.000    0.000    0.000    0.000    0.000    0.000    0.000    0.000    0.000    0.000
104       0.000    0.000    0.000    0.000    0.000    0.000    0.000    0.000    0.000    0.000    0.000    0.000    0.000    0.000    0.000
105       0.000    0.000    0.000    0.000    0.000    0.000    0.000    0.000    0.000    0.000    0.000    0.000    0.000    0.000    0.000
106       0.000    0.000    0.000    0.000    0.000    0.000    0.000    0.000    0.000    0.000    0.000    0.000    0.000    0.000    0.000
107       0.000    0.000    0.000    0.000    0.000    0.000    0.000    0.000    0.000    0.000    0.000    0.000    0.000    0.000    0.000
108       0.000    0.000    0.000    0.000    0.000    0.000    0.000    0.000    0.000    0.000    0.000    0.000    0.000    0.000    0.000
109       0.000    0.000    0.000    0.000    0.000    0.000    0.000    0.000    0.000    0.000    0.000    0.000    0.000    0.000    0.000
110       0.000    0.000    0.000    0.000    0.000    0.000    0.000    0.000    0.000    0.000    0.000    0.000    0.000    0.000    0.000
111       0.000    0.000    0.000    0.000    0.000    0.000    0.000    0.000    0.000    0.000    0.000    0.000    0.000    0.000    0.000
112       0.000    0.000    0.000    0.000    0.000    0.000    0.000    0.000    0.000    0.000    0.000    0.000    0.000    0.000    0.000
113       0.000    0.000    0.000    0.000    0.000    0.000    0.000    0.000    0.000    0.000    0.000    0.000    0.000    0.000    0.000
114       0.000    0.000    0.000    0.000    0.000    0.000    0.000    0.000    0.000    0.000    0.000    0.000    0.000    0.000    0.000
115       0.000    0.000    0.000    0.000    0.000    0.000    0.000    0.000    0.000    0.000    0.000    0.000    0.000    0.000    0.000
116       0.000    0.000    0.000    0.000    0.000    0.000    0.000    0.000    0.000    0.000    0.000    0.000    0.000    0.000    0.000
117       0.000    0.000    0.000    0.000    0.000    0.000    0.000    0.000    0.000    0.000    0.000    0.000    0.000    0.000    0.000
118       0.000    0.000    0.000    0.000    0.000    0.000    0.000    0.000    0.000    0.000    0.000    0.000    0.000    0.000    0.000
119       0.000    0.000    0.000    0.000    0.000    0.000    0.000    0.000    0.000    0.000    0.000    0.000    0.000    0.000    0.000
120       0.000    0.000    0.000    0.000    0.000    0.000    0.000    0.000    0.000    0.000    0.000    0.000    0.000    0.000    0.000
121       0.000    0.000    0.000    0.000    0.000    0.000    0.000    0.000    0.000    0.000    0.000    0.000    0.000    0.000    0.000
122       0.000    0.000    0.000    0.000    0.000    0.000    0.000    0.000    0.000    0.000    0.000    0.000    0.000    0.000    0.000
123       0.000    0.000    0.000    0.000    0.000    0.000    0.000    0.000    0.000    0.000    0.000    0.000    0.000    0.000    0.000
124       0.000    0.000    0.000    0.000    0.000    0.000    0.000    0.000    0.000    0.000    0.000    0.000    0.000    0.000    0.000
125       0.000    0.000    0.000    0.000    0.000    0.000    0.000    0.000    0.000    0.000    0.000    0.000    0.000    0.000    0.000
126       0.000    0.000    0.000    0.000    0.000    0.000    0.000    0.000    0.000    0.000    0.000    0.000    0.000    0.000    0.000
127       0.000    0.000    0.000    0.000    0.000    0.000    0.000    0.000    0.000    0.000    0.000    0.000    0.000    0.000    0.000
128       0.000    0.000    0.000    0.000    0.000    0.000    0.000    0.000    0.000    0.000    0.000    0.000    0.000    0.000    0.000
129       0.000    0.000    0.000    0.000    0.000    0.000    0.000    0.000    0.000    0.000    0.000    0.000    0.000    0.000    0.000
130       0.000    0.000    0.000    0.000    0.000    0.000    0.000    0.000    0.000    0.000    0.000    0.000    0.000    0.000    0.000
131       0.000    0.000    0.000    0.000    0.000    0.000    0.000    0.000    0.000    0.000    0.000    0.000    0.000    0.000    0.000
132       0.000    0.000    0.000    0.000    0.000    0.000    0.000    0.000    0.000    0.000    0.000    0.000    0.000    0.000    0.000
133       0.000    0.000    0.000    0.000    0.000    0.000    0.000    0.000    0.000    0.000    0.000    0.000    0.000    0.000    0.000
134       0.000    0.000    0.000    0.000    0.000    0.000    0.000    0.000    0.000    0.000    0.000    0.000    0.000    0.000    0.000
135       0.000    0.000    0.000    0.000    0.000    0.000    0.000    0.000    0.000    0.000    0.000    0.000    0.000    0.000    0.000
136       0.000    0.000    0.000    0.000    0.000    0.000    0.000    0.000    0.000    0.000    0.000    0.000    0.000    0.000    0.000
137       0.000    0.000    0.000    0.000    0.000    0.000    0.000    0.000    0.000    0.000    0.000    0.000    0.000    0.000    0.000
138       0.000    0.000    0.000    0.000    0.000    0.000    0.000    0.000    0.000    0.000    0.000    0.000    0.000    0.000    0.000
139       0.000    0.000    0.000    0.000    0.000    0.000    0.000    0.000    0.000    0.000    0.000    0.000    0.000    0.000    0.000
140       0.000    0.000    0.000    0.000    0.000    0.000    0.000    0.000    0.000    0.000    0.000    0.000    0.000    0.000    0.000
141       0.000    0.000    0.000    0.000    0.000    0.000    0.000    0.000    0.000    0.000    0.000    0.000    0.000    0.000    0.000
142       0.000    0.000    0.000    0.000    0.000    0.000    0.000    0.000    0.000    0.000    0.000    0.000    0.000    0.000    0.000
143       0.000    0.000    0.000    0.000    0.000    0.000    0.000    0.000    0.000    0.000    0.000    0.000    0.000    0.000    0.000
144       0.000    0.000    0.000    0.000    0.000    0.000    0.000    0.000    0.000    0.000    0.000    0.000    0.000    0.000    0.000
145       0.000    0.000    0.000    0.000    0.000    0.000    0.000    0.000    0.000    0.000    0.000    0.000    0.000    0.000    0.000
146       0.000    0.000    0.000    0.000    0.000    0.000    0.000    0.000    0.000    0.000    0.000    0.000    0.000    0.000    0.000
147       0.000    0.000    0.000    0.000    0.000    0.000    0.000    0.000    0.000    0.000    0.000    0.000    0.000    0.000    0.000
148       0.000    0.000    0.000    0.000    0.000    0.000    0.000    0.000    0.000    0.000    0.000    0.000    0.000    0.000    0.000
149       0.000    0.000    0.000    0.000    0.000    0.000    0.000    0.000    0.000    0.000    0.000    0.000    0.000    0.000    0.000
150       0.000    0.000    0.000    0.000    0.000    0.000    0.000    0.000    0.000    0.000    0.000    0.000    0.000    0.000    0.000
Sum       0.000    0.000    0.000    0.992  157.417  512.580  260.817   92.114    4.080    0.000    0.000    0.000    0.000    0.000    0.000
mW        0.000    0.000    0.000    0.595    1.566    1.930    2.379    2.994    2.889    0.000    0.000    0.000    0.000    0.000    0.000
mL        0.000    0.000    0.000      NaN   57.615   61.773   66.078   69.643   71.000    0.000    0.000    0.000    0.000    0.000    0.000
pA        0.000    0.000    0.000    0.001    0.153    0.499    0.254    0.090    0.004    0.000    0.000    0.000    0.000    0.000    0.000
tot.mW 2086.127 2086.127 2086.127 2086.127 2086.127 2086.127 2086.127 2086.127 2086.127 2086.127 2086.127 2086.127 2086.127 2086.127 2086.127
tot.mL   63.019   63.019   63.019   63.019   63.019   63.019   63.019   63.019   63.019   63.019   63.019   63.019   63.019   63.019   63.019
             15    Matad      Sum
1         0.000    0.000    0.000
2         0.000    0.000    0.000
3         0.000    0.000    0.000
4         0.000    0.000    0.000
5         0.000    0.000    0.000
6         0.000    0.000    0.000
7         0.000    0.000    0.000
8         0.000    0.000    0.000
9         0.000    0.000    0.000
10        0.000    0.000    0.000
11        0.000    0.000    0.000
12        0.000    0.000    0.000
13        0.000    0.000    0.000
14        0.000    0.000    0.000
15        0.000    0.000    0.000
16        0.000    0.000    0.000
17        0.000    0.000    0.000
18        0.000    0.000    0.000
19        0.000    0.000    0.000
20        0.000    0.000    0.000
21        0.000    0.000    0.000
22        0.000    0.000    0.000
23        0.000    0.000    0.000
24        0.000    0.000    0.000
25        0.000    0.000    0.000
26        0.000    0.000    0.000
27        0.000    0.000    0.000
28        0.000    0.000    0.000
29        0.000    0.000    0.000
30        0.000    0.000    0.000
31        0.000    0.000    0.000
32        0.000    0.000    0.000
33        0.000    0.000    0.000
34        0.000    0.000    0.000
35        0.000    0.000    0.000
36        0.000    0.000    0.000
37        0.000    0.000    0.000
38        0.000    0.000    0.000
39        0.000    0.000    0.000
40        0.000    0.000    0.000
41        0.000    0.000    0.000
42        0.000    1.000    1.000
43        0.000    0.000    0.000
44        0.000    0.000    0.000
45        0.000    1.000    1.000
46        0.000    2.000    2.000
47        0.000    3.000    3.000
48        0.000    3.000    3.000
49        0.000    4.000    4.000
50        0.000    3.000    3.000
51        0.000    9.000    9.000
52        0.000    7.000    7.000
53        0.000   17.000   17.000
54        0.000   32.000   32.000
55        0.000   32.000   32.000
56        0.000   32.000   32.000
57        0.000   47.000   47.000
58        0.000   53.000   53.000
59        0.000   61.000   61.000
60        0.000   64.000   64.000
61        0.000   73.000   73.000
62        0.000   67.000   67.000
63        0.000   69.000   69.000
64        0.000   60.000   60.000
65        0.000   66.000   66.000
66        0.000   51.000   51.000
67        0.000   47.000   47.000
68        0.000   40.000   40.000
69        0.000   34.000   34.000
70        0.000   36.000   36.000
71        0.000   18.000   18.000
72        0.000   28.000   28.000
73        0.000   14.000   14.000
74        0.000    8.000    8.000
75        0.000    8.000    8.000
76        0.000    3.000    3.000
77        0.000    2.000    2.000
78        0.000   12.000   12.000
79        0.000    3.000    3.000
80        0.000    3.000    3.000
81        0.000    1.000    1.000
82        0.000    1.000    1.000
83        0.000    1.000    1.000
84        0.000    2.000    2.000
85        0.000    3.000    3.000
86        0.000    0.000    0.000
87        0.000    3.000    3.000
88        0.000    1.000    1.000
89        0.000    2.000    2.000
90        0.000    0.000    0.000
91        0.000    0.000    0.000
92        0.000    0.000    0.000
93        0.000    0.000    0.000
94        0.000    1.000    1.000
95        0.000    0.000    0.000
96        0.000    0.000    0.000
97        0.000    0.000    0.000
98        0.000    0.000    0.000
99        0.000    0.000    0.000
100       0.000    0.000    0.000
101       0.000    0.000    0.000
102       0.000    0.000    0.000
103       0.000    0.000    0.000
104       0.000    0.000    0.000
105       0.000    0.000    0.000
106       0.000    0.000    0.000
107       0.000    0.000    0.000
108       0.000    0.000    0.000
109       0.000    0.000    0.000
110       0.000    0.000    0.000
111       0.000    0.000    0.000
112       0.000    0.000    0.000
113       0.000    0.000    0.000
114       0.000    0.000    0.000
115       0.000    0.000    0.000
116       0.000    0.000    0.000
117       0.000    0.000    0.000
118       0.000    0.000    0.000
119       0.000    0.000    0.000
120       0.000    0.000    0.000
121       0.000    0.000    0.000
122       0.000    0.000    0.000
123       0.000    0.000    0.000
124       0.000    0.000    0.000
125       0.000    0.000    0.000
126       0.000    0.000    0.000
127       0.000    0.000    0.000
128       0.000    0.000    0.000
129       0.000    0.000    0.000
130       0.000    0.000    0.000
131       0.000    0.000    0.000
132       0.000    0.000    0.000
133       0.000    0.000    0.000
134       0.000    0.000    0.000
135       0.000    0.000    0.000
136       0.000    0.000    0.000
137       0.000    0.000    0.000
138       0.000    0.000    0.000
139       0.000    0.000    0.000
140       0.000    0.000    0.000
141       0.000    0.000    0.000
142       0.000    0.000    0.000
143       0.000    0.000    0.000
144       0.000    0.000    0.000
145       0.000    0.000    0.000
146       0.000    0.000    0.000
147       0.000    0.000    0.000
148       0.000    0.000    0.000
149       0.000    0.000    0.000
150       0.000    0.000    0.000
Sum       0.000 1028.000 1028.000
mW        0.000    0.000    0.000
mL        0.000    0.000    0.000
pA        0.000    0.000    0.000
tot.mW 2086.127 2086.127 2086.127
tot.mL   63.019   63.019   63.019


 .... [TRUNCATED] 
>>>>>>>>>>>>>>>>>>>>>>>>>>>>>>>>>>>>>>>>>>>>>>>>>>>>>>>>>>>>>> 
 > Dato                :  Tue Dec  2 15:49:41 2014 
 > Slag                :  UP 
 > ?r                  :  2014 
 > Ti?arskei?          :  JUN-DEC 
 > Skipab?lk/-ar       :  20 
 > Skipab?lk/-ar (l?n) :  0 
 > ICES-?ki            :  VB1 
 <<<<<<<<<<<<<<<<<<<<<<<<<<<<<<<<<<<<<<<<<<<<<<<<<<<<<<<<<<<<<< 

$URSLITID
   aldur tal_matad tal_fiskad midal_longd midal_vekt roknad_veida
0      0         0          0        0.00      0.000            0
1      1         0          0        0.00      0.000            0
2      2         0          0        0.00      0.000            0
3      3         1         23       42.00      0.595           14
4      4       146       3332       57.83      1.597         5320
5      5       514      11751       61.70      1.926        22636
6      6       245       5612       65.61      2.299        12900
7      7        61       1386       65.25      2.293         3178
8      8         6        137       71.00      2.889          397
9      9         0          0        0.00      0.000            0
10    10         0          0        0.00      0.000            0
11    11         0          0        0.00      0.000            0
12    12         0          0        0.00      0.000            0
13    13         0          0        0.00      0.000            0
14    14         0          0        0.00      0.000            0
15    15         0          0        0.00      0.000            0
17   Sum       973      22241       62.36      1.998        44445

$URSLITID.j
   aldur tal_matad tal_fiskad midal_longd midal_vekt roknad_veida
0      0         0          0        0.00      0.000            0
1      1         0          0        0.00      0.000            0
2      2         0          0        0.00      0.000            0
3      3         1         21        0.00      0.595           12
4      4       157       3262       57.62      1.566         5110
5      5       513      10623       61.77      1.930        20502
6      6       261       5405       66.08      2.379        12860
7      7        92       1909       69.64      2.994         5715
8      8         4         85       71.00      2.889          244
9      9         0          0        0.00      0.000            0
10    10         0          0        0.00      0.000            0
11    11         0          0        0.00      0.000            0
12    12         0          0        0.00      0.000            0
13    13         0          0        0.00      0.000            0
14    14         0          0        0.00      0.000            0
15    15         0          0        0.00      0.000            0
17   Sum      1028      21305       63.02      2.086        44443


 .... [TRUNCATED] 
