
 .... [TRUNCATED] 
<<<<<<<<<<<<<<<<<<<<<<<<<<<<<<<<<<<<<<<<<<<<<<<<<<<<<<<<<<<<<<<<<<<<<<<< 
 > Dato                                      :  Wed Dec  3 13:26:13 2014 
 > Slag                                      :  UP 
 > Ár                                        :  2014 
 > Skipabólk/-ar                             :  19 20 
 > Byrjanar og enda mánaŵ fyri ALK/ALD       :  JAN-JUN 
 > Skipabólk/-ar, sum longdir eru lántar frá :  0 
 > Skipabólk/-ar, sum vektir eru lántar frá  :  0 
 > Skipabólk/-ar, sum aldrar eru lántar frá  :  0 
 > ICES-øki                                  :  VB1 
 <<<<<<<<<<<<<<<<<<<<<<<<<<<<<<<<<<<<<<<<<<<<<<<<<<<<<<<<<<<<<<<<<<<<<<<<
 .... [TRUNCATED] 
>>>>>>>>>>>>>>>>>>>>>>>>>>>>>>>>>>>>> 
> Alpha	 = 0.0150516
> Beta	 = 2.84779
> R^2	 = 0.9771282
> N	 = 7794
> Veida (kg.)	  = 55555
> Rundveida (kg.) = 61666.05
<<<<<<<<<<<<<<<<<<<<<<<<<<<<<<<<<<<<<
 .... [TRUNCATED] 
>>>>>>>>>>>>>> 	 ALK-lykil 	 <<<<<<<<<<<<
 .... [TRUNCATED] 
$ALK
    longd 0 1 2 3  4  5  6  7 8 9 10 11 12 13 14 15 Sum Matad
1       1 0 0 0 0  0  0  0  0 0 0  0  0  0  0  0  0   0     0
2       2 0 0 0 0  0  0  0  0 0 0  0  0  0  0  0  0   0     0
3       3 0 0 0 0  0  0  0  0 0 0  0  0  0  0  0  0   0     0
4       4 0 0 0 0  0  0  0  0 0 0  0  0  0  0  0  0   0     0
5       5 0 0 0 0  0  0  0  0 0 0  0  0  0  0  0  0   0     0
6       6 0 0 0 0  0  0  0  0 0 0  0  0  0  0  0  0   0     0
7       7 0 0 0 0  0  0  0  0 0 0  0  0  0  0  0  0   0     0
8       8 0 0 0 0  0  0  0  0 0 0  0  0  0  0  0  0   0     0
9       9 0 0 0 0  0  0  0  0 0 0  0  0  0  0  0  0   0     0
10     10 0 0 0 0  0  0  0  0 0 0  0  0  0  0  0  0   0     0
11     11 0 0 0 0  0  0  0  0 0 0  0  0  0  0  0  0   0     0
12     12 0 0 0 0  0  0  0  0 0 0  0  0  0  0  0  0   0     0
13     13 0 0 0 0  0  0  0  0 0 0  0  0  0  0  0  0   0     0
14     14 0 0 0 0  0  0  0  0 0 0  0  0  0  0  0  0   0     0
15     15 0 0 0 0  0  0  0  0 0 0  0  0  0  0  0  0   0     0
16     16 0 0 0 0  0  0  0  0 0 0  0  0  0  0  0  0   0     0
17     17 0 0 0 0  0  0  0  0 0 0  0  0  0  0  0  0   0     0
18     18 0 0 0 0  0  0  0  0 0 0  0  0  0  0  0  0   0     0
19     19 0 0 0 0  0  0  0  0 0 0  0  0  0  0  0  0   0     0
20     20 0 0 0 0  0  0  0  0 0 0  0  0  0  0  0  0   0     0
21     21 0 0 0 0  0  0  0  0 0 0  0  0  0  0  0  0   0     0
22     22 0 0 0 0  0  0  0  0 0 0  0  0  0  0  0  0   0     0
23     23 0 0 0 0  0  0  0  0 0 0  0  0  0  0  0  0   0     0
24     24 0 0 0 0  0  0  0  0 0 0  0  0  0  0  0  0   0     0
25     25 0 0 0 0  0  0  0  0 0 0  0  0  0  0  0  0   0     0
26     26 0 0 0 0  0  0  0  0 0 0  0  0  0  0  0  0   0     0
27     27 0 0 0 0  0  0  0  0 0 0  0  0  0  0  0  0   0     0
28     28 0 0 0 0  0  0  0  0 0 0  0  0  0  0  0  0   0     0
29     29 0 0 0 0  0  0  0  0 0 0  0  0  0  0  0  0   0     0
30     30 0 0 0 0  0  0  0  0 0 0  0  0  0  0  0  0   0     0
31     31 0 0 0 0  0  0  0  0 0 0  0  0  0  0  0  0   0     0
32     32 0 0 0 0  0  0  0  0 0 0  0  0  0  0  0  0   0     0
33     33 0 0 0 0  0  0  0  0 0 0  0  0  0  0  0  0   0     0
34     34 0 0 0 0  0  0  0  0 0 0  0  0  0  0  0  0   0     0
35     35 0 0 0 0  0  0  0  0 0 0  0  0  0  0  0  0   0     0
36     36 0 0 0 0  0  0  0  0 0 0  0  0  0  0  0  0   0     0
37     37 0 0 0 0  0  0  0  0 0 0  0  0  0  0  0  0   0     0
38     38 0 0 0 0  0  0  0  0 0 0  0  0  0  0  0  0   0     0
39     39 0 0 0 0  0  0  0  0 0 0  0  0  0  0  0  0   0     1
40     40 0 0 0 0  1  0  0  0 0 0  0  0  0  0  0  0   1    12
41     41 0 0 0 0  0  0  0  0 0 0  0  0  0  0  0  0   0    20
42     42 0 0 0 1  0  0  0  0 0 0  0  0  0  0  0  0   1    30
43     43 0 0 0 0  0  0  0  0 0 0  0  0  0  0  0  0   0    57
44     44 0 0 0 2  1  0  0  0 0 0  0  0  0  0  0  0   3    76
45     45 0 0 0 0  0  0  0  0 0 0  0  0  0  0  0  0   0    95
46     46 0 0 0 0  1  0  0  0 0 0  0  0  0  0  0  0   1   101
47     47 0 0 0 1  2  1  0  0 0 0  0  0  0  0  0  0   4    98
48     48 0 0 0 3  7  2  0  0 0 0  0  0  0  0  0  0  12   113
49     49 0 0 0 4  4  2  0  0 0 0  0  0  0  0  0  0  10   121
50     50 0 0 0 1 13  1  0  0 0 0  0  0  0  0  0  0  15   155
51     51 0 0 0 4 20  3  0  0 0 0  0  0  0  0  0  0  27   187
52     52 0 0 0 3 19  8  1  1 0 0  0  0  0  0  0  0  32   274
53     53 0 0 0 4 28 15  1  0 0 0  0  0  0  0  0  0  48   328
54     54 0 0 0 1 40 19  2  0 0 0  0  0  0  0  0  0  62   431
55     55 0 0 0 5 27 25  4  1 0 0  0  0  0  0  0  0  62   416
56     56 0 0 0 1 29 35  2  0 0 0  0  0  0  0  0  0  67   455
57     57 0 0 0 3 24 39  3  3 0 0  0  0  0  0  0  0  72   517
58     58 0 0 0 1 19 36  7  1 0 0  0  0  0  0  0  0  64   483
59     59 0 0 0 0 26 55 10  2 0 0  0  0  0  0  0  0  93   471
60     60 0 0 0 0 14 53  9  1 0 0  0  0  0  0  0  0  77   527
61     61 0 0 0 0  7 51 16  4 1 0  0  0  0  0  0  0  79   517
62     62 0 0 0 0  4 44 16  4 0 0  0  0  0  0  0  0  68   454
63     63 0 0 0 0  2 30 21  3 0 0  0  0  0  0  0  0  56   397
64     64 0 0 0 0  5 30  9  5 0 0  0  0  0  0  0  0  49   368
65     65 0 0 0 0  4 25 21  8 0 0  0  0  0  0  0  0  58   367
66     66 0 0 0 0  3 10 16  7 1 0  0  0  0  0  0  0  37   264
67     67 0 0 0 0  1 11 27 10 0 0  0  0  0  0  0  0  49   270
68     68 0 0 0 0  2 13 15  8 0 0  0  0  0  0  0  0  38   227
69     69 0 0 0 0  0  9 24 10 0 0  0  0  0  0  0  0  43   229
70     70 0 0 0 0  0  7 15  8 0 0  0  0  0  0  0  0  30   202
71     71 0 0 0 0  0  2  6  6 0 0  0  0  0  0  0  0  14   150
72     72 0 0 0 0  0  3  8  6 0 0  0  0  0  0  0  0  17   136
73     73 0 0 0 0  0  2  8  4 0 0  0  0  0  0  0  0  14   122
74     74 0 0 0 0  0  1  3  4 0 0  0  0  0  0  0  0   8    85
75     75 0 0 0 0  0  0  6  3 0 0  0  0  0  0  0  0   9    82
76     76 0 0 0 0  0  0  4  2 2 0  0  0  0  0  0  0   8    82
77     77 0 0 0 0  0  0  2  2 0 0  0  0  0  0  0  0   4    60
78     78 0 0 0 0  0  0  1  2 1 0  0  0  0  0  0  0   4    44
79     79 0 0 0 0  0  0  1  1 0 0  0  0  0  0  0  0   2    43
80     80 0 0 0 0  0  0  1  0 0 0  1  0  0  0  0  0   2    54
81     81 0 0 0 0  0  0  1  3 2 0  0  0  0  0  0  0   6    48
82     82 0 0 0 0  0  0  1  3 3 0  0  0  0  0  0  0   7    52
83     83 0 0 0 0  0  0  0  3 2 1  0  0  0  0  0  0   6    54
84     84 0 0 0 0  0  0  0  1 0 0  0  0  0  0  0  0   1    37
85     85 0 0 0 0  0  0  0  1 5 1  0  0  0  0  0  0   7    50
86     86 0 0 0 0  0  0  0  1 0 1  0  0  0  0  0  0   2    33
87     87 0 0 0 0  0  0  1  0 0 3  0  0  0  0  0  0   4    47
88     88 0 0 0 0  0  0  0  0 0 3  0  1  0  0  0  0   4    36
89     89 0 0 0 0  0  0  0  0 1 2  3  0  0  0  0  0   6    38
90     90 0 0 0 0  0  0  0  0 1 2  0  1  0  0  0  0   4    52
91     91 0 0 0 0  0  0  0  0 0 2  1  1  1  0  0  0   5    40
92     92 0 0 0 0  0  0  0  0 0 1  1  1  1  1  0  0   5    44
93     93 0 0 0 0  0  0  0  0 0 0  1  3  0  0  0  0   4    21
94     94 0 0 0 0  0  0  0  0 0 0  0  0  1  0  0  0   1    26
95     95 0 0 0 0  0  0  0  0 0 0  1  1  3  0  0  0   5    33
96     96 0 0 0 0  0  0  0  0 0 0  2  1  1  0  0  0   4    27
97     97 0 0 0 0  0  0  0  0 0 0  0  0  2  1  0  0   3    23
98     98 0 0 0 0  0  0  0  0 0 0  1  0  0  0  0  0   1     6
99     99 0 0 0 0  0  0  0  0 0 0  1  0  0  0  0  0   1    10
100   100 0 0 0 0  0  0  0  0 0 0  0  0  0  0  0  0   0    13
101   101 0 0 0 0  0  0  0  0 0 0  0  0  0  0  0  0   0     2
102   102 0 0 0 0  0  0  0  0 0 0  0  0  0  1  0  0   1     4
103   103 0 0 0 0  0  0  0  0 0 0  0  0  0  0  0  0   0     5
104   104 0 0 0 0  0  0  0  0 0 0  0  0  0  0  0  0   0     2
105   105 0 0 0 0  0  0  0  0 0 0  0  0  0  0  0  0   0     5
106   106 0 0 0 0  0  0  0  0 0 0  0  0  0  0  0  0   0     2
107   107 0 0 0 0  0  0  0  0 0 0  0  0  1  0  0  0   1     3
108   108 0 0 0 0  0  0  0  0 0 0  0  0  0  0  0  0   0     0
109   109 0 0 0 0  0  0  0  0 0 0  0  1  1  0  0  0   2     3
110   110 0 0 0 0  0  0  0  0 0 0  0  0  0  0  0  0   0     1
111   111 0 0 0 0  0  0  0  0 0 0  0  0  0  0  0  0   0     0
112   112 0 0 0 0  0  0  0  0 0 0  0  0  0  0  1  0   1     1
113   113 0 0 0 0  0  0  0  0 0 0  0  0  0  0  0  0   0     0
114   114 0 0 0 0  0  0  0  0 0 0  0  0  0  0  0  0   0     0
115   115 0 0 0 0  0  0  0  0 0 0  0  0  0  0  0  0   0     0
116   116 0 0 0 0  0  0  0  0 0 0  0  0  0  0  0  0   0     0
117   117 0 0 0 0  0  0  0  0 0 0  0  0  0  0  0  0   0     0
118   118 0 0 0 0  0  0  0  0 0 0  0  0  0  0  0  0   0     0
119   119 0 0 0 0  0  0  0  0 0 0  0  0  0  0  0  0   0     0
120   120 0 0 0 0  0  0  0  0 0 0  0  0  0  0  0  0   0     0
121   121 0 0 0 0  0  0  0  0 0 0  0  0  0  0  0  0   0     0
122   122 0 0 0 0  0  0  0  0 0 0  0  0  0  0  0  0   0     0
123   123 0 0 0 0  0  0  0  0 0 0  0  0  0  0  0  0   0     0
124   124 0 0 0 0  0  0  0  0 0 0  0  0  0  0  0  0   0     0
125   125 0 0 0 0  0  0  0  0 0 0  0  0  0  0  0  0   0     0
126   126 0 0 0 0  0  0  0  0 0 0  0  0  0  0  0  0   0     0
127   127 0 0 0 0  0  0  0  0 0 0  0  0  0  0  0  0   0     0
128   128 0 0 0 0  0  0  0  0 0 0  0  0  0  0  0  0   0     0
129   129 0 0 0 0  0  0  0  0 0 0  0  0  0  0  0  0   0     0
130   130 0 0 0 0  0  0  0  0 0 0  0  0  0  0  0  0   0     0
131   131 0 0 0 0  0  0  0  0 0 0  0  0  0  0  0  0   0     0
132   132 0 0 0 0  0  0  0  0 0 0  0  0  0  0  0  0   0     0
133   133 0 0 0 0  0  0  0  0 0 0  0  0  0  0  0  0   0     0
134   134 0 0 0 0  0  0  0  0 0 0  0  0  0  0  0  0   0     0
135   135 0 0 0 0  0  0  0  0 0 0  0  0  0  0  0  0   0     0
136   136 0 0 0 0  0  0  0  0 0 0  0  0  0  0  0  0   0     0
137   137 0 0 0 0  0  0  0  0 0 0  0  0  0  0  0  0   0     0
138   138 0 0 0 0  0  0  0  0 0 0  0  0  0  0  0  0   0     0
139   139 0 0 0 0  0  0  0  0 0 0  0  0  0  0  0  0   0     0
140   140 0 0 0 0  0  0  0  0 0 0  0  0  0  0  0  0   0     0
141   141 0 0 0 0  0  0  0  0 0 0  0  0  0  0  0  0   0     0
142   142 0 0 0 0  0  0  0  0 0 0  0  0  0  0  0  0   0     0
143   143 0 0 0 0  0  0  0  0 0 0  0  0  0  0  0  0   0     0
144   144 0 0 0 0  0  0  0  0 0 0  0  0  0  0  0  0   0     0
145   145 0 0 0 0  0  0  0  0 0 0  0  0  0  0  0  0   0     0
146   146 0 0 0 0  0  0  0  0 0 0  0  0  0  0  0  0   0     0
147   147 0 0 0 0  0  0  0  0 0 0  0  0  0  0  0  0   0     0
148   148 0 0 0 0  0  0  0  0 0 0  0  0  0  0  0  0   0     0
149   149 0 0 0 0  0  0  0  0 0 0  0  0  0  0  0  0   0     0
150   150 0 0 0 0  0  0  0  0 0 0  0  0  0  0  0  0   0     0

$ALK.j
    longd 0 1 2     3      4      5      6     7     8     9    10    11    12    13 14 15    Sum Matad
1       1 0 0 0 0.000  0.000  0.000  0.000 0.000 0.000 0.000 0.000 0.000 0.000 0.000  0  0  0.000     0
2       2 0 0 0 0.000  0.000  0.000  0.000 0.000 0.000 0.000 0.000 0.000 0.000 0.000  0  0  0.000     0
3       3 0 0 0 0.000  0.000  0.000  0.000 0.000 0.000 0.000 0.000 0.000 0.000 0.000  0  0  0.000     0
4       4 0 0 0 0.000  0.000  0.000  0.000 0.000 0.000 0.000 0.000 0.000 0.000 0.000  0  0  0.000     0
5       5 0 0 0 0.000  0.000  0.000  0.000 0.000 0.000 0.000 0.000 0.000 0.000 0.000  0  0  0.000     0
6       6 0 0 0 0.000  0.000  0.000  0.000 0.000 0.000 0.000 0.000 0.000 0.000 0.000  0  0  0.000     0
7       7 0 0 0 0.000  0.000  0.000  0.000 0.000 0.000 0.000 0.000 0.000 0.000 0.000  0  0  0.000     0
8       8 0 0 0 0.000  0.000  0.000  0.000 0.000 0.000 0.000 0.000 0.000 0.000 0.000  0  0  0.000     0
9       9 0 0 0 0.000  0.000  0.000  0.000 0.000 0.000 0.000 0.000 0.000 0.000 0.000  0  0  0.000     0
10     10 0 0 0 0.000  0.000  0.000  0.000 0.000 0.000 0.000 0.000 0.000 0.000 0.000  0  0  0.000     0
11     11 0 0 0 0.000  0.000  0.000  0.000 0.000 0.000 0.000 0.000 0.000 0.000 0.000  0  0  0.000     0
12     12 0 0 0 0.000  0.000  0.000  0.000 0.000 0.000 0.000 0.000 0.000 0.000 0.000  0  0  0.000     0
13     13 0 0 0 0.000  0.000  0.000  0.000 0.000 0.000 0.000 0.000 0.000 0.000 0.000  0  0  0.000     0
14     14 0 0 0 0.000  0.000  0.000  0.000 0.000 0.000 0.000 0.000 0.000 0.000 0.000  0  0  0.000     0
15     15 0 0 0 0.000  0.000  0.000  0.000 0.000 0.000 0.000 0.000 0.000 0.000 0.000  0  0  0.000     0
16     16 0 0 0 0.000  0.000  0.000  0.000 0.000 0.000 0.000 0.000 0.000 0.000 0.000  0  0  0.000     0
17     17 0 0 0 0.000  0.000  0.000  0.000 0.000 0.000 0.000 0.000 0.000 0.000 0.000  0  0  0.000     0
18     18 0 0 0 0.000  0.000  0.000  0.000 0.000 0.000 0.000 0.000 0.000 0.000 0.000  0  0  0.000     0
19     19 0 0 0 0.000  0.000  0.000  0.000 0.000 0.000 0.000 0.000 0.000 0.000 0.000  0  0  0.000     0
20     20 0 0 0 0.000  0.000  0.000  0.000 0.000 0.000 0.000 0.000 0.000 0.000 0.000  0  0  0.000     0
21     21 0 0 0 0.000  0.000  0.000  0.000 0.000 0.000 0.000 0.000 0.000 0.000 0.000  0  0  0.000     0
22     22 0 0 0 0.000  0.000  0.000  0.000 0.000 0.000 0.000 0.000 0.000 0.000 0.000  0  0  0.000     0
23     23 0 0 0 0.000  0.000  0.000  0.000 0.000 0.000 0.000 0.000 0.000 0.000 0.000  0  0  0.000     0
24     24 0 0 0 0.000  0.000  0.000  0.000 0.000 0.000 0.000 0.000 0.000 0.000 0.000  0  0  0.000     0
25     25 0 0 0 0.000  0.000  0.000  0.000 0.000 0.000 0.000 0.000 0.000 0.000 0.000  0  0  0.000     0
26     26 0 0 0 0.000  0.000  0.000  0.000 0.000 0.000 0.000 0.000 0.000 0.000 0.000  0  0  0.000     0
27     27 0 0 0 0.000  0.000  0.000  0.000 0.000 0.000 0.000 0.000 0.000 0.000 0.000  0  0  0.000     0
28     28 0 0 0 0.000  0.000  0.000  0.000 0.000 0.000 0.000 0.000 0.000 0.000 0.000  0  0  0.000     0
29     29 0 0 0 0.000  0.000  0.000  0.000 0.000 0.000 0.000 0.000 0.000 0.000 0.000  0  0  0.000     0
30     30 0 0 0 0.000  0.000  0.000  0.000 0.000 0.000 0.000 0.000 0.000 0.000 0.000  0  0  0.000     0
31     31 0 0 0 0.000  0.000  0.000  0.000 0.000 0.000 0.000 0.000 0.000 0.000 0.000  0  0  0.000     0
32     32 0 0 0 0.000  0.000  0.000  0.000 0.000 0.000 0.000 0.000 0.000 0.000 0.000  0  0  0.000     0
33     33 0 0 0 0.000  0.000  0.000  0.000 0.000 0.000 0.000 0.000 0.000 0.000 0.000  0  0  0.000     0
34     34 0 0 0 0.000  0.000  0.000  0.000 0.000 0.000 0.000 0.000 0.000 0.000 0.000  0  0  0.000     0
35     35 0 0 0 0.001  0.000  0.000  0.000 0.000 0.000 0.000 0.000 0.000 0.000 0.000  0  0  0.001     0
36     36 0 0 0 0.002  0.001  0.000  0.000 0.000 0.000 0.000 0.000 0.000 0.000 0.000  0  0  0.002     0
37     37 0 0 0 0.004  0.002  0.000  0.000 0.000 0.000 0.000 0.000 0.000 0.000 0.000  0  0  0.006     0
38     38 0 0 0 0.010  0.005  0.000  0.000 0.000 0.000 0.000 0.000 0.000 0.000 0.000  0  0  0.015     0
39     39 0 0 0 0.023  0.012  0.001  0.000 0.000 0.000 0.000 0.000 0.000 0.000 0.000  0  0  0.036     1
40     40 0 0 0 0.049  0.031  0.002  0.000 0.001 0.000 0.000 0.000 0.000 0.000 0.000  0  0  0.082    12
41     41 0 0 0 0.098  0.073  0.005  0.001 0.001 0.000 0.000 0.000 0.000 0.000 0.000  0  0  0.178    20
42     42 0 0 0 0.187  0.162  0.013  0.001 0.002 0.000 0.000 0.000 0.000 0.000 0.000  0  0  0.365    30
43     43 0 0 0 0.332  0.341  0.032  0.003 0.004 0.000 0.000 0.000 0.000 0.000 0.000  0  0  0.712    57
44     44 0 0 0 0.555  0.677  0.072  0.006 0.007 0.000 0.000 0.000 0.000 0.000 0.000  0  0  1.318    76
45     45 0 0 0 0.870  1.271  0.157  0.013 0.012 0.000 0.000 0.000 0.000 0.000 0.000  0  0  2.323    95
46     46 0 0 0 1.280  2.250  0.326  0.026 0.020 0.000 0.000 0.000 0.000 0.000 0.000  0  0  3.902   101
47     47 0 0 0 1.766  3.762  0.643  0.049 0.033 0.000 0.000 0.000 0.000 0.000 0.000  0  0  6.253    98
48     48 0 0 0 2.287  5.937  1.206  0.091 0.052 0.000 0.000 0.000 0.000 0.000 0.000  0  0  9.574   113
49     49 0 0 0 2.778  8.845  2.154  0.162 0.082 0.000 0.000 0.000 0.000 0.000 0.000  0  0 14.022   121
50     50 0 0 0 3.168 12.440  3.658  0.280 0.126 0.000 0.000 0.000 0.000 0.000 0.000  0  0 19.673   155
51     51 0 0 0 3.388 16.517  5.912  0.468 0.189 0.000 0.000 0.000 0.000 0.000 0.000  0  0 26.476   187
52     52 0 0 0 3.401 20.704  9.091  0.756 0.278 0.000 0.000 0.000 0.000 0.000 0.000  0  0 34.230   274
53     53 0 0 0 3.203 24.499 13.300  1.181 0.400 0.001 0.000 0.000 0.000 0.000 0.000  0  0 42.583   328
54     54 0 0 0 2.831 27.367 18.512  1.784 0.563 0.001 0.000 0.000 0.000 0.000 0.000  0  0 51.058   431
55     55 0 0 0 2.348 28.860 24.516  2.608 0.774 0.002 0.000 0.000 0.000 0.000 0.000  0  0 59.108   416
56     56 0 0 0 1.827 28.731 30.890  3.689 1.043 0.003 0.000 0.000 0.000 0.000 0.000  0  0 66.183   455
57     57 0 0 0 1.334 27.003 37.032  5.047 1.375 0.004 0.000 0.000 0.000 0.000 0.000  0  0 71.794   517
58     58 0 0 0 0.914 23.958 42.239  6.679 1.774 0.007 0.000 0.000 0.000 0.000 0.000  0  0 75.569   483
59     59 0 0 0 0.587 20.066 45.838  8.551 2.238 0.010 0.000 0.000 0.000 0.000 0.000  0  0 77.291   471
60     60 0 0 0 0.354 15.867 47.329 10.590 2.764 0.015 0.000 0.000 0.000 0.000 0.000  0  0 76.919   527
61     61 0 0 0 0.201 11.844 46.495 12.687 3.340 0.023 0.000 0.000 0.000 0.000 0.000  0  0 74.588   517
62     62 0 0 0 0.106  8.346 43.457 14.703 3.949 0.033 0.000 0.000 0.000 0.000 0.000  0  0 70.595   454
63     63 0 0 0 0.053  5.552 38.646 16.484 4.568 0.048 0.000 0.000 0.000 0.000 0.000  0  0 65.352   397
64     64 0 0 0 0.025  3.487 32.698 17.878 5.171 0.067 0.000 0.000 0.000 0.000 0.000  0  0 59.327   368
65     65 0 0 0 0.011  2.067 26.323 18.757 5.728 0.092 0.000 0.000 0.000 0.000 0.000  0  0 52.979   367
66     66 0 0 0 0.004  1.157 20.161 19.037 6.209 0.125 0.000 0.000 0.000 0.000 0.000  0  0 46.693   264
67     67 0 0 0 0.002  0.611 14.692 18.691 6.585 0.165 0.000 0.000 0.000 0.000 0.000  0  0 40.745   270
68     68 0 0 0 0.001  0.305 10.187 17.752 6.833 0.214 0.000 0.000 0.000 0.000 0.000  0  0 35.291   227
69     69 0 0 0 0.000  0.144  6.720 16.310 6.938 0.272 0.000 0.000 0.000 0.000 0.000  0  0 30.384   229
70     70 0 0 0 0.000  0.064  4.218 14.496 6.894 0.339 0.000 0.000 0.000 0.000 0.000  0  0 26.011   202
71     71 0 0 0 0.000  0.027  2.519 12.464 6.702 0.415 0.000 0.000 0.000 0.000 0.000  0  0 22.127   150
72     72 0 0 0 0.000  0.011  1.431 10.367 6.376 0.498 0.000 0.000 0.000 0.000 0.000  0  0 18.683   136
73     73 0 0 0 0.000  0.004  0.774  8.341 5.935 0.586 0.000 0.001 0.001 0.000 0.000  0  0 15.641   122
74     74 0 0 0 0.000  0.001  0.398  6.492 5.405 0.675 0.000 0.002 0.002 0.000 0.000  0  0 12.976    85
75     75 0 0 0 0.000  0.000  0.195  4.888 4.817 0.764 0.000 0.004 0.003 0.000 0.000  0  0 10.672    82
76     76 0 0 0 0.000  0.000  0.091  3.560 4.201 0.847 0.000 0.007 0.005 0.001 0.000  0  0  8.713    82
77     77 0 0 0 0.000  0.000  0.040  2.509 3.585 0.922 0.000 0.013 0.009 0.002 0.000  0  0  7.078    60
78     78 0 0 0 0.000  0.000  0.017  1.710 2.993 0.983 0.000 0.022 0.015 0.003 0.000  0  0  5.742    44
79     79 0 0 0 0.000  0.000  0.007  1.128 2.445 1.028 0.001 0.036 0.023 0.005 0.000  0  0  4.674    43
80     80 0 0 0 0.000  0.000  0.003  0.719 1.955 1.054 0.007 0.058 0.036 0.009 0.001  0  0  3.841    54
81     81 0 0 0 0.000  0.000  0.001  0.444 1.529 1.060 0.027 0.089 0.054 0.015 0.001  0  0  3.221    48
82     82 0 0 0 0.000  0.000  0.000  0.265 1.170 1.046 0.090 0.132 0.079 0.024 0.003  0  0  2.808    52
83     83 0 0 0 0.000  0.000  0.000  0.153 0.877 1.011 0.246 0.190 0.112 0.037 0.005  0  0  2.630    54
84     84 0 0 0 0.000  0.000  0.000  0.085 0.642 0.959 0.567 0.262 0.153 0.056 0.008  0  0  2.733    37
85     85 0 0 0 0.000  0.000  0.000  0.046 0.461 0.892 1.091 0.349 0.204 0.082 0.013  0  0  3.138    50
86     86 0 0 0 0.000  0.000  0.000  0.024 0.323 0.813 1.759 0.447 0.264 0.117 0.021  0  0  3.769    33
87     87 0 0 0 0.000  0.000  0.000  0.012 0.222 0.727 2.374 0.553 0.331 0.162 0.032  0  0  4.413    47
88     88 0 0 0 0.000  0.000  0.000  0.006 0.149 0.638 2.682 0.659 0.403 0.217 0.047  0  0  4.800    36
89     89 0 0 0 0.000  0.000  0.000  0.003 0.098 0.548 2.537 0.757 0.475 0.282 0.067  0  0  4.767    38
90     90 0 0 0 0.000  0.000  0.000  0.001 0.063 0.462 2.009 0.837 0.544 0.356 0.090  0  0  4.363    52
91     91 0 0 0 0.000  0.000  0.000  0.001 0.040 0.382 1.333 0.893 0.605 0.435 0.117  0  0  3.805    40
92     92 0 0 0 0.000  0.000  0.000  0.000 0.024 0.310 0.740 0.918 0.653 0.516 0.145  0  0  3.307    44
93     93 0 0 0 0.000  0.000  0.000  0.000 0.015 0.246 0.344 0.910 0.683 0.594 0.174  0  0  2.966    21
94     94 0 0 0 0.000  0.000  0.000  0.000 0.009 0.192 0.134 0.869 0.693 0.663 0.200  0  0  2.760    26
95     95 0 0 0 0.000  0.000  0.000  0.000 0.005 0.147 0.044 0.800 0.683 0.718 0.221  0  0  2.617    33
96     96 0 0 0 0.000  0.000  0.000  0.000 0.003 0.110 0.012 0.709 0.653 0.754 0.235  0  0  2.475    27
97     97 0 0 0 0.000  0.000  0.000  0.000 0.002 0.081 0.003 0.606 0.605 0.767 0.239  0  0  2.304    23
98     98 0 0 0 0.000  0.000  0.000  0.000 0.001 0.058 0.001 0.500 0.544 0.758 0.235  0  0  2.096     6
99     99 0 0 0 0.000  0.000  0.000  0.000 0.000 0.041 0.000 0.397 0.475 0.726 0.221  0  0  1.861    10
100   100 0 0 0 0.000  0.000  0.000  0.000 0.000 0.029 0.000 0.304 0.403 0.674 0.200  0  0  1.609    13
101   101 0 0 0 0.000  0.000  0.000  0.000 0.000 0.019 0.000 0.224 0.331 0.608 0.174  0  0  1.356     2
102   102 0 0 0 0.000  0.000  0.000  0.000 0.000 0.013 0.000 0.159 0.264 0.531 0.145  0  0  1.112     4
103   103 0 0 0 0.000  0.000  0.000  0.000 0.000 0.008 0.000 0.109 0.204 0.450 0.117  0  0  0.888     5
104   104 0 0 0 0.000  0.000  0.000  0.000 0.000 0.005 0.000 0.072 0.153 0.370 0.090  0  0  0.690     2
105   105 0 0 0 0.000  0.000  0.000  0.000 0.000 0.003 0.000 0.046 0.112 0.295 0.067  0  0  0.522     5
106   106 0 0 0 0.000  0.000  0.000  0.000 0.000 0.002 0.000 0.028 0.079 0.228 0.047  0  0  0.384     2
107   107 0 0 0 0.000  0.000  0.000  0.000 0.000 0.001 0.000 0.017 0.054 0.171 0.032  0  0  0.275     3
108   108 0 0 0 0.000  0.000  0.000  0.000 0.000 0.001 0.000 0.009 0.036 0.124 0.021  0  0  0.192     0
109   109 0 0 0 0.000  0.000  0.000  0.000 0.000 0.000 0.000 0.005 0.023 0.088 0.013  0  0  0.130     3
110   110 0 0 0 0.000  0.000  0.000  0.000 0.000 0.000 0.000 0.003 0.015 0.060 0.008  0  0  0.086     1
111   111 0 0 0 0.000  0.000  0.000  0.000 0.000 0.000 0.000 0.001 0.009 0.040 0.005  0  0  0.055     0
112   112 0 0 0 0.000  0.000  0.000  0.000 0.000 0.000 0.000 0.001 0.005 0.026 0.003  1  0  1.034     1
113   113 0 0 0 0.000  0.000  0.000  0.000 0.000 0.000 0.000 0.000 0.003 0.016 0.001  0  0  0.021     0
114   114 0 0 0 0.000  0.000  0.000  0.000 0.000 0.000 0.000 0.000 0.002 0.010 0.001  0  0  0.012     0
115   115 0 0 0 0.000  0.000  0.000  0.000 0.000 0.000 0.000 0.000 0.001 0.006 0.000  0  0  0.007     0
116   116 0 0 0 0.000  0.000  0.000  0.000 0.000 0.000 0.000 0.000 0.000 0.003 0.000  0  0  0.004     0
117   117 0 0 0 0.000  0.000  0.000  0.000 0.000 0.000 0.000 0.000 0.000 0.002 0.000  0  0  0.002     0
118   118 0 0 0 0.000  0.000  0.000  0.000 0.000 0.000 0.000 0.000 0.000 0.001 0.000  0  0  0.001     0
119   119 0 0 0 0.000  0.000  0.000  0.000 0.000 0.000 0.000 0.000 0.000 0.000 0.000  0  0  0.001     0
120   120 0 0 0 0.000  0.000  0.000  0.000 0.000 0.000 0.000 0.000 0.000 0.000 0.000  0  0  0.000     0
121   121 0 0 0 0.000  0.000  0.000  0.000 0.000 0.000 0.000 0.000 0.000 0.000 0.000  0  0  0.000     0
122   122 0 0 0 0.000  0.000  0.000  0.000 0.000 0.000 0.000 0.000 0.000 0.000 0.000  0  0  0.000     0
123   123 0 0 0 0.000  0.000  0.000  0.000 0.000 0.000 0.000 0.000 0.000 0.000 0.000  0  0  0.000     0
124   124 0 0 0 0.000  0.000  0.000  0.000 0.000 0.000 0.000 0.000 0.000 0.000 0.000  0  0  0.000     0
125   125 0 0 0 0.000  0.000  0.000  0.000 0.000 0.000 0.000 0.000 0.000 0.000 0.000  0  0  0.000     0
126   126 0 0 0 0.000  0.000  0.000  0.000 0.000 0.000 0.000 0.000 0.000 0.000 0.000  0  0  0.000     0
127   127 0 0 0 0.000  0.000  0.000  0.000 0.000 0.000 0.000 0.000 0.000 0.000 0.000  0  0  0.000     0
128   128 0 0 0 0.000  0.000  0.000  0.000 0.000 0.000 0.000 0.000 0.000 0.000 0.000  0  0  0.000     0
129   129 0 0 0 0.000  0.000  0.000  0.000 0.000 0.000 0.000 0.000 0.000 0.000 0.000  0  0  0.000     0
130   130 0 0 0 0.000  0.000  0.000  0.000 0.000 0.000 0.000 0.000 0.000 0.000 0.000  0  0  0.000     0
131   131 0 0 0 0.000  0.000  0.000  0.000 0.000 0.000 0.000 0.000 0.000 0.000 0.000  0  0  0.000     0
132   132 0 0 0 0.000  0.000  0.000  0.000 0.000 0.000 0.000 0.000 0.000 0.000 0.000  0  0  0.000     0
133   133 0 0 0 0.000  0.000  0.000  0.000 0.000 0.000 0.000 0.000 0.000 0.000 0.000  0  0  0.000     0
134   134 0 0 0 0.000  0.000  0.000  0.000 0.000 0.000 0.000 0.000 0.000 0.000 0.000  0  0  0.000     0
135   135 0 0 0 0.000  0.000  0.000  0.000 0.000 0.000 0.000 0.000 0.000 0.000 0.000  0  0  0.000     0
136   136 0 0 0 0.000  0.000  0.000  0.000 0.000 0.000 0.000 0.000 0.000 0.000 0.000  0  0  0.000     0
137   137 0 0 0 0.000  0.000  0.000  0.000 0.000 0.000 0.000 0.000 0.000 0.000 0.000  0  0  0.000     0
138   138 0 0 0 0.000  0.000  0.000  0.000 0.000 0.000 0.000 0.000 0.000 0.000 0.000  0  0  0.000     0
139   139 0 0 0 0.000  0.000  0.000  0.000 0.000 0.000 0.000 0.000 0.000 0.000 0.000  0  0  0.000     0
140   140 0 0 0 0.000  0.000  0.000  0.000 0.000 0.000 0.000 0.000 0.000 0.000 0.000  0  0  0.000     0
141   141 0 0 0 0.000  0.000  0.000  0.000 0.000 0.000 0.000 0.000 0.000 0.000 0.000  0  0  0.000     0
142   142 0 0 0 0.000  0.000  0.000  0.000 0.000 0.000 0.000 0.000 0.000 0.000 0.000  0  0  0.000     0
143   143 0 0 0 0.000  0.000  0.000  0.000 0.000 0.000 0.000 0.000 0.000 0.000 0.000  0  0  0.000     0
144   144 0 0 0 0.000  0.000  0.000  0.000 0.000 0.000 0.000 0.000 0.000 0.000 0.000  0  0  0.000     0
145   145 0 0 0 0.000  0.000  0.000  0.000 0.000 0.000 0.000 0.000 0.000 0.000 0.000  0  0  0.000     0
146   146 0 0 0 0.000  0.000  0.000  0.000 0.000 0.000 0.000 0.000 0.000 0.000 0.000  0  0  0.000     0
147   147 0 0 0 0.000  0.000  0.000  0.000 0.000 0.000 0.000 0.000 0.000 0.000 0.000  0  0  0.000     0
148   148 0 0 0 0.000  0.000  0.000  0.000 0.000 0.000 0.000 0.000 0.000 0.000 0.000  0  0  0.000     0
149   149 0 0 0 0.000  0.000  0.000  0.000 0.000 0.000 0.000 0.000 0.000 0.000 0.000  0  0  0.000     0
150   150 0 0 0 0.000  0.000  0.000  0.000 0.000 0.000 0.000 0.000 0.000 0.000 0.000  0  0  0.000     0


 .... [TRUNCATED] 
>>>>>>>>>>>>>> 	 ALD-lykil 	 <<<<<<<<<<<<
 .... [TRUNCATED] 
$ALD
              0        1        2        3        4        5        6        7        8        9       10       11       12       13       14
1         0.000    0.000    0.000    0.000    0.000    0.000    0.000    0.000    0.000    0.000    0.000    0.000    0.000    0.000    0.000
2         0.000    0.000    0.000    0.000    0.000    0.000    0.000    0.000    0.000    0.000    0.000    0.000    0.000    0.000    0.000
3         0.000    0.000    0.000    0.000    0.000    0.000    0.000    0.000    0.000    0.000    0.000    0.000    0.000    0.000    0.000
4         0.000    0.000    0.000    0.000    0.000    0.000    0.000    0.000    0.000    0.000    0.000    0.000    0.000    0.000    0.000
5         0.000    0.000    0.000    0.000    0.000    0.000    0.000    0.000    0.000    0.000    0.000    0.000    0.000    0.000    0.000
6         0.000    0.000    0.000    0.000    0.000    0.000    0.000    0.000    0.000    0.000    0.000    0.000    0.000    0.000    0.000
7         0.000    0.000    0.000    0.000    0.000    0.000    0.000    0.000    0.000    0.000    0.000    0.000    0.000    0.000    0.000
8         0.000    0.000    0.000    0.000    0.000    0.000    0.000    0.000    0.000    0.000    0.000    0.000    0.000    0.000    0.000
9         0.000    0.000    0.000    0.000    0.000    0.000    0.000    0.000    0.000    0.000    0.000    0.000    0.000    0.000    0.000
10        0.000    0.000    0.000    0.000    0.000    0.000    0.000    0.000    0.000    0.000    0.000    0.000    0.000    0.000    0.000
11        0.000    0.000    0.000    0.000    0.000    0.000    0.000    0.000    0.000    0.000    0.000    0.000    0.000    0.000    0.000
12        0.000    0.000    0.000    0.000    0.000    0.000    0.000    0.000    0.000    0.000    0.000    0.000    0.000    0.000    0.000
13        0.000    0.000    0.000    0.000    0.000    0.000    0.000    0.000    0.000    0.000    0.000    0.000    0.000    0.000    0.000
14        0.000    0.000    0.000    0.000    0.000    0.000    0.000    0.000    0.000    0.000    0.000    0.000    0.000    0.000    0.000
15        0.000    0.000    0.000    0.000    0.000    0.000    0.000    0.000    0.000    0.000    0.000    0.000    0.000    0.000    0.000
16        0.000    0.000    0.000    0.000    0.000    0.000    0.000    0.000    0.000    0.000    0.000    0.000    0.000    0.000    0.000
17        0.000    0.000    0.000    0.000    0.000    0.000    0.000    0.000    0.000    0.000    0.000    0.000    0.000    0.000    0.000
18        0.000    0.000    0.000    0.000    0.000    0.000    0.000    0.000    0.000    0.000    0.000    0.000    0.000    0.000    0.000
19        0.000    0.000    0.000    0.000    0.000    0.000    0.000    0.000    0.000    0.000    0.000    0.000    0.000    0.000    0.000
20        0.000    0.000    0.000    0.000    0.000    0.000    0.000    0.000    0.000    0.000    0.000    0.000    0.000    0.000    0.000
21        0.000    0.000    0.000    0.000    0.000    0.000    0.000    0.000    0.000    0.000    0.000    0.000    0.000    0.000    0.000
22        0.000    0.000    0.000    0.000    0.000    0.000    0.000    0.000    0.000    0.000    0.000    0.000    0.000    0.000    0.000
23        0.000    0.000    0.000    0.000    0.000    0.000    0.000    0.000    0.000    0.000    0.000    0.000    0.000    0.000    0.000
24        0.000    0.000    0.000    0.000    0.000    0.000    0.000    0.000    0.000    0.000    0.000    0.000    0.000    0.000    0.000
25        0.000    0.000    0.000    0.000    0.000    0.000    0.000    0.000    0.000    0.000    0.000    0.000    0.000    0.000    0.000
26        0.000    0.000    0.000    0.000    0.000    0.000    0.000    0.000    0.000    0.000    0.000    0.000    0.000    0.000    0.000
27        0.000    0.000    0.000    0.000    0.000    0.000    0.000    0.000    0.000    0.000    0.000    0.000    0.000    0.000    0.000
28        0.000    0.000    0.000    0.000    0.000    0.000    0.000    0.000    0.000    0.000    0.000    0.000    0.000    0.000    0.000
29        0.000    0.000    0.000    0.000    0.000    0.000    0.000    0.000    0.000    0.000    0.000    0.000    0.000    0.000    0.000
30        0.000    0.000    0.000    0.000    0.000    0.000    0.000    0.000    0.000    0.000    0.000    0.000    0.000    0.000    0.000
31        0.000    0.000    0.000    0.000    0.000    0.000    0.000    0.000    0.000    0.000    0.000    0.000    0.000    0.000    0.000
32        0.000    0.000    0.000    0.000    0.000    0.000    0.000    0.000    0.000    0.000    0.000    0.000    0.000    0.000    0.000
33        0.000    0.000    0.000    0.000    0.000    0.000    0.000    0.000    0.000    0.000    0.000    0.000    0.000    0.000    0.000
34        0.000    0.000    0.000    0.000    0.000    0.000    0.000    0.000    0.000    0.000    0.000    0.000    0.000    0.000    0.000
35        0.000    0.000    0.000    0.000    0.000    0.000    0.000    0.000    0.000    0.000    0.000    0.000    0.000    0.000    0.000
36        0.000    0.000    0.000    0.000    0.000    0.000    0.000    0.000    0.000    0.000    0.000    0.000    0.000    0.000    0.000
37        0.000    0.000    0.000    0.000    0.000    0.000    0.000    0.000    0.000    0.000    0.000    0.000    0.000    0.000    0.000
38        0.000    0.000    0.000    0.000    0.000    0.000    0.000    0.000    0.000    0.000    0.000    0.000    0.000    0.000    0.000
39        0.000    0.000    0.000    0.000    0.000    0.000    0.000    0.000    0.000    0.000    0.000    0.000    0.000    0.000    0.000
40        0.000    0.000    0.000    0.000   12.000    0.000    0.000    0.000    0.000    0.000    0.000    0.000    0.000    0.000    0.000
41        0.000    0.000    0.000    0.000    0.000    0.000    0.000    0.000    0.000    0.000    0.000    0.000    0.000    0.000    0.000
42        0.000    0.000    0.000   30.000    0.000    0.000    0.000    0.000    0.000    0.000    0.000    0.000    0.000    0.000    0.000
43        0.000    0.000    0.000    0.000    0.000    0.000    0.000    0.000    0.000    0.000    0.000    0.000    0.000    0.000    0.000
44        0.000    0.000    0.000   50.667   25.333    0.000    0.000    0.000    0.000    0.000    0.000    0.000    0.000    0.000    0.000
45        0.000    0.000    0.000    0.000    0.000    0.000    0.000    0.000    0.000    0.000    0.000    0.000    0.000    0.000    0.000
46        0.000    0.000    0.000    0.000  101.000    0.000    0.000    0.000    0.000    0.000    0.000    0.000    0.000    0.000    0.000
47        0.000    0.000    0.000   24.500   49.000   24.500    0.000    0.000    0.000    0.000    0.000    0.000    0.000    0.000    0.000
48        0.000    0.000    0.000   28.250   65.917   18.833    0.000    0.000    0.000    0.000    0.000    0.000    0.000    0.000    0.000
49        0.000    0.000    0.000   48.400   48.400   24.200    0.000    0.000    0.000    0.000    0.000    0.000    0.000    0.000    0.000
50        0.000    0.000    0.000   10.333  134.333   10.333    0.000    0.000    0.000    0.000    0.000    0.000    0.000    0.000    0.000
51        0.000    0.000    0.000   27.704  138.519   20.778    0.000    0.000    0.000    0.000    0.000    0.000    0.000    0.000    0.000
52        0.000    0.000    0.000   25.688  162.688   68.500    8.562    8.562    0.000    0.000    0.000    0.000    0.000    0.000    0.000
53        0.000    0.000    0.000   27.333  191.333  102.500    6.833    0.000    0.000    0.000    0.000    0.000    0.000    0.000    0.000
54        0.000    0.000    0.000    6.952  278.065  132.081   13.903    0.000    0.000    0.000    0.000    0.000    0.000    0.000    0.000
55        0.000    0.000    0.000   33.548  181.161  167.742   26.839    6.710    0.000    0.000    0.000    0.000    0.000    0.000    0.000
56        0.000    0.000    0.000    6.791  196.940  237.687   13.582    0.000    0.000    0.000    0.000    0.000    0.000    0.000    0.000
57        0.000    0.000    0.000   21.542  172.333  280.042   21.542   21.542    0.000    0.000    0.000    0.000    0.000    0.000    0.000
58        0.000    0.000    0.000    7.547  143.391  271.688   52.828    7.547    0.000    0.000    0.000    0.000    0.000    0.000    0.000
59        0.000    0.000    0.000    0.000  131.677  278.548   50.645   10.129    0.000    0.000    0.000    0.000    0.000    0.000    0.000
60        0.000    0.000    0.000    0.000   95.818  362.740   61.597    6.844    0.000    0.000    0.000    0.000    0.000    0.000    0.000
61        0.000    0.000    0.000    0.000   45.810  333.759  104.709   26.177    6.544    0.000    0.000    0.000    0.000    0.000    0.000
62        0.000    0.000    0.000    0.000   26.706  293.765  106.824   26.706    0.000    0.000    0.000    0.000    0.000    0.000    0.000
63        0.000    0.000    0.000    0.000   14.179  212.679  148.875   21.268    0.000    0.000    0.000    0.000    0.000    0.000    0.000
64        0.000    0.000    0.000    0.000   37.551  225.306   67.592   37.551    0.000    0.000    0.000    0.000    0.000    0.000    0.000
65        0.000    0.000    0.000    0.000   25.310  158.190  132.879   50.621    0.000    0.000    0.000    0.000    0.000    0.000    0.000
66        0.000    0.000    0.000    0.000   21.405   71.351  114.162   49.946    7.135    0.000    0.000    0.000    0.000    0.000    0.000
67        0.000    0.000    0.000    0.000    5.510   60.612  148.776   55.102    0.000    0.000    0.000    0.000    0.000    0.000    0.000
68        0.000    0.000    0.000    0.000   11.947   77.658   89.605   47.789    0.000    0.000    0.000    0.000    0.000    0.000    0.000
69        0.000    0.000    0.000    0.000    0.000   47.930  127.814   53.256    0.000    0.000    0.000    0.000    0.000    0.000    0.000
70        0.000    0.000    0.000    0.000    0.000   47.133  101.000   53.867    0.000    0.000    0.000    0.000    0.000    0.000    0.000
71        0.000    0.000    0.000    0.000    0.000   21.429   64.286   64.286    0.000    0.000    0.000    0.000    0.000    0.000    0.000
72        0.000    0.000    0.000    0.000    0.000   24.000   64.000   48.000    0.000    0.000    0.000    0.000    0.000    0.000    0.000
73        0.000    0.000    0.000    0.000    0.000   17.429   69.714   34.857    0.000    0.000    0.000    0.000    0.000    0.000    0.000
74        0.000    0.000    0.000    0.000    0.000   10.625   31.875   42.500    0.000    0.000    0.000    0.000    0.000    0.000    0.000
75        0.000    0.000    0.000    0.000    0.000    0.000   54.667   27.333    0.000    0.000    0.000    0.000    0.000    0.000    0.000
76        0.000    0.000    0.000    0.000    0.000    0.000   41.000   20.500   20.500    0.000    0.000    0.000    0.000    0.000    0.000
77        0.000    0.000    0.000    0.000    0.000    0.000   30.000   30.000    0.000    0.000    0.000    0.000    0.000    0.000    0.000
78        0.000    0.000    0.000    0.000    0.000    0.000   11.000   22.000   11.000    0.000    0.000    0.000    0.000    0.000    0.000
79        0.000    0.000    0.000    0.000    0.000    0.000   21.500   21.500    0.000    0.000    0.000    0.000    0.000    0.000    0.000
80        0.000    0.000    0.000    0.000    0.000    0.000   27.000    0.000    0.000    0.000   27.000    0.000    0.000    0.000    0.000
81        0.000    0.000    0.000    0.000    0.000    0.000    8.000   24.000   16.000    0.000    0.000    0.000    0.000    0.000    0.000
82        0.000    0.000    0.000    0.000    0.000    0.000    7.429   22.286   22.286    0.000    0.000    0.000    0.000    0.000    0.000
83        0.000    0.000    0.000    0.000    0.000    0.000    0.000   27.000   18.000    9.000    0.000    0.000    0.000    0.000    0.000
84        0.000    0.000    0.000    0.000    0.000    0.000    0.000   37.000    0.000    0.000    0.000    0.000    0.000    0.000    0.000
85        0.000    0.000    0.000    0.000    0.000    0.000    0.000    7.143   35.714    7.143    0.000    0.000    0.000    0.000    0.000
86        0.000    0.000    0.000    0.000    0.000    0.000    0.000   16.500    0.000   16.500    0.000    0.000    0.000    0.000    0.000
87        0.000    0.000    0.000    0.000    0.000    0.000   11.750    0.000    0.000   35.250    0.000    0.000    0.000    0.000    0.000
88        0.000    0.000    0.000    0.000    0.000    0.000    0.000    0.000    0.000   27.000    0.000    9.000    0.000    0.000    0.000
89        0.000    0.000    0.000    0.000    0.000    0.000    0.000    0.000    6.333   12.667   19.000    0.000    0.000    0.000    0.000
90        0.000    0.000    0.000    0.000    0.000    0.000    0.000    0.000   13.000   26.000    0.000   13.000    0.000    0.000    0.000
91        0.000    0.000    0.000    0.000    0.000    0.000    0.000    0.000    0.000   16.000    8.000    8.000    8.000    0.000    0.000
92        0.000    0.000    0.000    0.000    0.000    0.000    0.000    0.000    0.000    8.800    8.800    8.800    8.800    8.800    0.000
93        0.000    0.000    0.000    0.000    0.000    0.000    0.000    0.000    0.000    0.000    5.250   15.750    0.000    0.000    0.000
94        0.000    0.000    0.000    0.000    0.000    0.000    0.000    0.000    0.000    0.000    0.000    0.000   26.000    0.000    0.000
95        0.000    0.000    0.000    0.000    0.000    0.000    0.000    0.000    0.000    0.000    6.600    6.600   19.800    0.000    0.000
96        0.000    0.000    0.000    0.000    0.000    0.000    0.000    0.000    0.000    0.000   13.500    6.750    6.750    0.000    0.000
97        0.000    0.000    0.000    0.000    0.000    0.000    0.000    0.000    0.000    0.000    0.000    0.000   15.333    7.667    0.000
98        0.000    0.000    0.000    0.000    0.000    0.000    0.000    0.000    0.000    0.000    6.000    0.000    0.000    0.000    0.000
99        0.000    0.000    0.000    0.000    0.000    0.000    0.000    0.000    0.000    0.000   10.000    0.000    0.000    0.000    0.000
100       0.000    0.000    0.000    0.000    0.000    0.000    0.000    0.000    0.000    0.000    0.000    0.000    0.000    0.000    0.000
101       0.000    0.000    0.000    0.000    0.000    0.000    0.000    0.000    0.000    0.000    0.000    0.000    0.000    0.000    0.000
102       0.000    0.000    0.000    0.000    0.000    0.000    0.000    0.000    0.000    0.000    0.000    0.000    0.000    4.000    0.000
103       0.000    0.000    0.000    0.000    0.000    0.000    0.000    0.000    0.000    0.000    0.000    0.000    0.000    0.000    0.000
104       0.000    0.000    0.000    0.000    0.000    0.000    0.000    0.000    0.000    0.000    0.000    0.000    0.000    0.000    0.000
105       0.000    0.000    0.000    0.000    0.000    0.000    0.000    0.000    0.000    0.000    0.000    0.000    0.000    0.000    0.000
106       0.000    0.000    0.000    0.000    0.000    0.000    0.000    0.000    0.000    0.000    0.000    0.000    0.000    0.000    0.000
107       0.000    0.000    0.000    0.000    0.000    0.000    0.000    0.000    0.000    0.000    0.000    0.000    3.000    0.000    0.000
108       0.000    0.000    0.000    0.000    0.000    0.000    0.000    0.000    0.000    0.000    0.000    0.000    0.000    0.000    0.000
109       0.000    0.000    0.000    0.000    0.000    0.000    0.000    0.000    0.000    0.000    0.000    1.500    1.500    0.000    0.000
110       0.000    0.000    0.000    0.000    0.000    0.000    0.000    0.000    0.000    0.000    0.000    0.000    0.000    0.000    0.000
111       0.000    0.000    0.000    0.000    0.000    0.000    0.000    0.000    0.000    0.000    0.000    0.000    0.000    0.000    0.000
112       0.000    0.000    0.000    0.000    0.000    0.000    0.000    0.000    0.000    0.000    0.000    0.000    0.000    0.000    1.000
113       0.000    0.000    0.000    0.000    0.000    0.000    0.000    0.000    0.000    0.000    0.000    0.000    0.000    0.000    0.000
114       0.000    0.000    0.000    0.000    0.000    0.000    0.000    0.000    0.000    0.000    0.000    0.000    0.000    0.000    0.000
115       0.000    0.000    0.000    0.000    0.000    0.000    0.000    0.000    0.000    0.000    0.000    0.000    0.000    0.000    0.000
116       0.000    0.000    0.000    0.000    0.000    0.000    0.000    0.000    0.000    0.000    0.000    0.000    0.000    0.000    0.000
117       0.000    0.000    0.000    0.000    0.000    0.000    0.000    0.000    0.000    0.000    0.000    0.000    0.000    0.000    0.000
118       0.000    0.000    0.000    0.000    0.000    0.000    0.000    0.000    0.000    0.000    0.000    0.000    0.000    0.000    0.000
119       0.000    0.000    0.000    0.000    0.000    0.000    0.000    0.000    0.000    0.000    0.000    0.000    0.000    0.000    0.000
120       0.000    0.000    0.000    0.000    0.000    0.000    0.000    0.000    0.000    0.000    0.000    0.000    0.000    0.000    0.000
121       0.000    0.000    0.000    0.000    0.000    0.000    0.000    0.000    0.000    0.000    0.000    0.000    0.000    0.000    0.000
122       0.000    0.000    0.000    0.000    0.000    0.000    0.000    0.000    0.000    0.000    0.000    0.000    0.000    0.000    0.000
123       0.000    0.000    0.000    0.000    0.000    0.000    0.000    0.000    0.000    0.000    0.000    0.000    0.000    0.000    0.000
124       0.000    0.000    0.000    0.000    0.000    0.000    0.000    0.000    0.000    0.000    0.000    0.000    0.000    0.000    0.000
125       0.000    0.000    0.000    0.000    0.000    0.000    0.000    0.000    0.000    0.000    0.000    0.000    0.000    0.000    0.000
126       0.000    0.000    0.000    0.000    0.000    0.000    0.000    0.000    0.000    0.000    0.000    0.000    0.000    0.000    0.000
127       0.000    0.000    0.000    0.000    0.000    0.000    0.000    0.000    0.000    0.000    0.000    0.000    0.000    0.000    0.000
128       0.000    0.000    0.000    0.000    0.000    0.000    0.000    0.000    0.000    0.000    0.000    0.000    0.000    0.000    0.000
129       0.000    0.000    0.000    0.000    0.000    0.000    0.000    0.000    0.000    0.000    0.000    0.000    0.000    0.000    0.000
130       0.000    0.000    0.000    0.000    0.000    0.000    0.000    0.000    0.000    0.000    0.000    0.000    0.000    0.000    0.000
131       0.000    0.000    0.000    0.000    0.000    0.000    0.000    0.000    0.000    0.000    0.000    0.000    0.000    0.000    0.000
132       0.000    0.000    0.000    0.000    0.000    0.000    0.000    0.000    0.000    0.000    0.000    0.000    0.000    0.000    0.000
133       0.000    0.000    0.000    0.000    0.000    0.000    0.000    0.000    0.000    0.000    0.000    0.000    0.000    0.000    0.000
134       0.000    0.000    0.000    0.000    0.000    0.000    0.000    0.000    0.000    0.000    0.000    0.000    0.000    0.000    0.000
135       0.000    0.000    0.000    0.000    0.000    0.000    0.000    0.000    0.000    0.000    0.000    0.000    0.000    0.000    0.000
136       0.000    0.000    0.000    0.000    0.000    0.000    0.000    0.000    0.000    0.000    0.000    0.000    0.000    0.000    0.000
137       0.000    0.000    0.000    0.000    0.000    0.000    0.000    0.000    0.000    0.000    0.000    0.000    0.000    0.000    0.000
138       0.000    0.000    0.000    0.000    0.000    0.000    0.000    0.000    0.000    0.000    0.000    0.000    0.000    0.000    0.000
139       0.000    0.000    0.000    0.000    0.000    0.000    0.000    0.000    0.000    0.000    0.000    0.000    0.000    0.000    0.000
140       0.000    0.000    0.000    0.000    0.000    0.000    0.000    0.000    0.000    0.000    0.000    0.000    0.000    0.000    0.000
141       0.000    0.000    0.000    0.000    0.000    0.000    0.000    0.000    0.000    0.000    0.000    0.000    0.000    0.000    0.000
142       0.000    0.000    0.000    0.000    0.000    0.000    0.000    0.000    0.000    0.000    0.000    0.000    0.000    0.000    0.000
143       0.000    0.000    0.000    0.000    0.000    0.000    0.000    0.000    0.000    0.000    0.000    0.000    0.000    0.000    0.000
144       0.000    0.000    0.000    0.000    0.000    0.000    0.000    0.000    0.000    0.000    0.000    0.000    0.000    0.000    0.000
145       0.000    0.000    0.000    0.000    0.000    0.000    0.000    0.000    0.000    0.000    0.000    0.000    0.000    0.000    0.000
146       0.000    0.000    0.000    0.000    0.000    0.000    0.000    0.000    0.000    0.000    0.000    0.000    0.000    0.000    0.000
147       0.000    0.000    0.000    0.000    0.000    0.000    0.000    0.000    0.000    0.000    0.000    0.000    0.000    0.000    0.000
148       0.000    0.000    0.000    0.000    0.000    0.000    0.000    0.000    0.000    0.000    0.000    0.000    0.000    0.000    0.000
149       0.000    0.000    0.000    0.000    0.000    0.000    0.000    0.000    0.000    0.000    0.000    0.000    0.000    0.000    0.000
150       0.000    0.000    0.000    0.000    0.000    0.000    0.000    0.000    0.000    0.000    0.000    0.000    0.000    0.000    0.000
Sum       0.000    0.000    0.000  349.254 2316.327 3602.037 1840.788  928.521  156.513  158.360  104.150   69.400   89.183   20.467    1.000
mW        0.000    0.000    0.000    1.040    1.348    1.770    2.408    2.862    4.164    5.212    5.619    5.959    6.496    6.641   10.312
mL        0.000    0.000    0.000   49.620   54.428   59.976   66.702   70.751   81.032   88.071   89.961   92.061   95.047   95.947  112.000
pA        0.000    0.000    0.000    0.036    0.240    0.374    0.191    0.096    0.016    0.016    0.011    0.007    0.009    0.002    0.000
tot.mW 2091.156 2091.156 2091.156 2091.156 2091.156 2091.156 2091.156 2091.156 2091.156 2091.156 2091.156 2091.156 2091.156 2091.156 2091.156
tot.mL   62.355   62.355   62.355   62.355   62.355   62.355   62.355   62.355   62.355   62.355   62.355   62.355   62.355   62.355   62.355
             15    Matad      Sum
1         0.000    0.000    0.000
2         0.000    0.000    0.000
3         0.000    0.000    0.000
4         0.000    0.000    0.000
5         0.000    0.000    0.000
6         0.000    0.000    0.000
7         0.000    0.000    0.000
8         0.000    0.000    0.000
9         0.000    0.000    0.000
10        0.000    0.000    0.000
11        0.000    0.000    0.000
12        0.000    0.000    0.000
13        0.000    0.000    0.000
14        0.000    0.000    0.000
15        0.000    0.000    0.000
16        0.000    0.000    0.000
17        0.000    0.000    0.000
18        0.000    0.000    0.000
19        0.000    0.000    0.000
20        0.000    0.000    0.000
21        0.000    0.000    0.000
22        0.000    0.000    0.000
23        0.000    0.000    0.000
24        0.000    0.000    0.000
25        0.000    0.000    0.000
26        0.000    0.000    0.000
27        0.000    0.000    0.000
28        0.000    0.000    0.000
29        0.000    0.000    0.000
30        0.000    0.000    0.000
31        0.000    0.000    0.000
32        0.000    0.000    0.000
33        0.000    0.000    0.000
34        0.000    0.000    0.000
35        0.000    0.000    0.000
36        0.000    0.000    0.000
37        0.000    0.000    0.000
38        0.000    0.000    0.000
39        0.000    1.000    0.000
40        0.000   12.000   12.000
41        0.000   20.000    0.000
42        0.000   30.000   30.000
43        0.000   57.000    0.000
44        0.000   76.000   76.000
45        0.000   95.000    0.000
46        0.000  101.000  101.000
47        0.000   98.000   98.000
48        0.000  113.000  113.000
49        0.000  121.000  121.000
50        0.000  155.000  155.000
51        0.000  187.000  187.000
52        0.000  274.000  274.000
53        0.000  328.000  328.000
54        0.000  431.000  431.000
55        0.000  416.000  416.000
56        0.000  455.000  455.000
57        0.000  517.000  517.000
58        0.000  483.000  483.000
59        0.000  471.000  471.000
60        0.000  527.000  527.000
61        0.000  517.000  517.000
62        0.000  454.000  454.000
63        0.000  397.000  397.000
64        0.000  368.000  368.000
65        0.000  367.000  367.000
66        0.000  264.000  264.000
67        0.000  270.000  270.000
68        0.000  227.000  227.000
69        0.000  229.000  229.000
70        0.000  202.000  202.000
71        0.000  150.000  150.000
72        0.000  136.000  136.000
73        0.000  122.000  122.000
74        0.000   85.000   85.000
75        0.000   82.000   82.000
76        0.000   82.000   82.000
77        0.000   60.000   60.000
78        0.000   44.000   44.000
79        0.000   43.000   43.000
80        0.000   54.000   54.000
81        0.000   48.000   48.000
82        0.000   52.000   52.000
83        0.000   54.000   54.000
84        0.000   37.000   37.000
85        0.000   50.000   50.000
86        0.000   33.000   33.000
87        0.000   47.000   47.000
88        0.000   36.000   36.000
89        0.000   38.000   38.000
90        0.000   52.000   52.000
91        0.000   40.000   40.000
92        0.000   44.000   44.000
93        0.000   21.000   21.000
94        0.000   26.000   26.000
95        0.000   33.000   33.000
96        0.000   27.000   27.000
97        0.000   23.000   23.000
98        0.000    6.000    6.000
99        0.000   10.000   10.000
100       0.000   13.000    0.000
101       0.000    2.000    0.000
102       0.000    4.000    4.000
103       0.000    5.000    0.000
104       0.000    2.000    0.000
105       0.000    5.000    0.000
106       0.000    2.000    0.000
107       0.000    3.000    3.000
108       0.000    0.000    0.000
109       0.000    3.000    3.000
110       0.000    1.000    0.000
111       0.000    0.000    0.000
112       0.000    1.000    1.000
113       0.000    0.000    0.000
114       0.000    0.000    0.000
115       0.000    0.000    0.000
116       0.000    0.000    0.000
117       0.000    0.000    0.000
118       0.000    0.000    0.000
119       0.000    0.000    0.000
120       0.000    0.000    0.000
121       0.000    0.000    0.000
122       0.000    0.000    0.000
123       0.000    0.000    0.000
124       0.000    0.000    0.000
125       0.000    0.000    0.000
126       0.000    0.000    0.000
127       0.000    0.000    0.000
128       0.000    0.000    0.000
129       0.000    0.000    0.000
130       0.000    0.000    0.000
131       0.000    0.000    0.000
132       0.000    0.000    0.000
133       0.000    0.000    0.000
134       0.000    0.000    0.000
135       0.000    0.000    0.000
136       0.000    0.000    0.000
137       0.000    0.000    0.000
138       0.000    0.000    0.000
139       0.000    0.000    0.000
140       0.000    0.000    0.000
141       0.000    0.000    0.000
142       0.000    0.000    0.000
143       0.000    0.000    0.000
144       0.000    0.000    0.000
145       0.000    0.000    0.000
146       0.000    0.000    0.000
147       0.000    0.000    0.000
148       0.000    0.000    0.000
149       0.000    0.000    0.000
150       0.000    0.000    0.000
Sum       0.000 9839.000 9636.000
mW        0.000    0.000    0.000
mL        0.000    0.000    0.000
pA        0.000    0.000    0.000
tot.mW 2091.156 2091.156 2091.156
tot.mL   62.355   62.355   62.355

$ALD.j
              0        1        2        3        4        5        6        7        8        9       10       11       12       13       14
1         0.000    0.000    0.000    0.000    0.000    0.000    0.000    0.000    0.000    0.000    0.000    0.000    0.000    0.000    0.000
2         0.000    0.000    0.000    0.000    0.000    0.000    0.000    0.000    0.000    0.000    0.000    0.000    0.000    0.000    0.000
3         0.000    0.000    0.000    0.000    0.000    0.000    0.000    0.000    0.000    0.000    0.000    0.000    0.000    0.000    0.000
4         0.000    0.000    0.000    0.000    0.000    0.000    0.000    0.000    0.000    0.000    0.000    0.000    0.000    0.000    0.000
5         0.000    0.000    0.000    0.000    0.000    0.000    0.000    0.000    0.000    0.000    0.000    0.000    0.000    0.000    0.000
6         0.000    0.000    0.000    0.000    0.000    0.000    0.000    0.000    0.000    0.000    0.000    0.000    0.000    0.000    0.000
7         0.000    0.000    0.000    0.000    0.000    0.000    0.000    0.000    0.000    0.000    0.000    0.000    0.000    0.000    0.000
8         0.000    0.000    0.000    0.000    0.000    0.000    0.000    0.000    0.000    0.000    0.000    0.000    0.000    0.000    0.000
9         0.000    0.000    0.000    0.000    0.000    0.000    0.000    0.000    0.000    0.000    0.000    0.000    0.000    0.000    0.000
10        0.000    0.000    0.000    0.000    0.000    0.000    0.000    0.000    0.000    0.000    0.000    0.000    0.000    0.000    0.000
11        0.000    0.000    0.000    0.000    0.000    0.000    0.000    0.000    0.000    0.000    0.000    0.000    0.000    0.000    0.000
12        0.000    0.000    0.000    0.000    0.000    0.000    0.000    0.000    0.000    0.000    0.000    0.000    0.000    0.000    0.000
13        0.000    0.000    0.000    0.000    0.000    0.000    0.000    0.000    0.000    0.000    0.000    0.000    0.000    0.000    0.000
14        0.000    0.000    0.000    0.000    0.000    0.000    0.000    0.000    0.000    0.000    0.000    0.000    0.000    0.000    0.000
15        0.000    0.000    0.000    0.000    0.000    0.000    0.000    0.000    0.000    0.000    0.000    0.000    0.000    0.000    0.000
16        0.000    0.000    0.000    0.000    0.000    0.000    0.000    0.000    0.000    0.000    0.000    0.000    0.000    0.000    0.000
17        0.000    0.000    0.000    0.000    0.000    0.000    0.000    0.000    0.000    0.000    0.000    0.000    0.000    0.000    0.000
18        0.000    0.000    0.000    0.000    0.000    0.000    0.000    0.000    0.000    0.000    0.000    0.000    0.000    0.000    0.000
19        0.000    0.000    0.000    0.000    0.000    0.000    0.000    0.000    0.000    0.000    0.000    0.000    0.000    0.000    0.000
20        0.000    0.000    0.000    0.000    0.000    0.000    0.000    0.000    0.000    0.000    0.000    0.000    0.000    0.000    0.000
21        0.000    0.000    0.000    0.000    0.000    0.000    0.000    0.000    0.000    0.000    0.000    0.000    0.000    0.000    0.000
22        0.000    0.000    0.000    0.000    0.000    0.000    0.000    0.000    0.000    0.000    0.000    0.000    0.000    0.000    0.000
23        0.000    0.000    0.000    0.000    0.000    0.000    0.000    0.000    0.000    0.000    0.000    0.000    0.000    0.000    0.000
24        0.000    0.000    0.000    0.000    0.000    0.000    0.000    0.000    0.000    0.000    0.000    0.000    0.000    0.000    0.000
25        0.000    0.000    0.000    0.000    0.000    0.000    0.000    0.000    0.000    0.000    0.000    0.000    0.000    0.000    0.000
26        0.000    0.000    0.000    0.000    0.000    0.000    0.000    0.000    0.000    0.000    0.000    0.000    0.000    0.000    0.000
27        0.000    0.000    0.000    0.000    0.000    0.000    0.000    0.000    0.000    0.000    0.000    0.000    0.000    0.000    0.000
28        0.000    0.000    0.000    0.000    0.000    0.000    0.000    0.000    0.000    0.000    0.000    0.000    0.000    0.000    0.000
29        0.000    0.000    0.000    0.000    0.000    0.000    0.000    0.000    0.000    0.000    0.000    0.000    0.000    0.000    0.000
30        0.000    0.000    0.000    0.000    0.000    0.000    0.000    0.000    0.000    0.000    0.000    0.000    0.000    0.000    0.000
31        0.000    0.000    0.000    0.000    0.000    0.000    0.000    0.000    0.000    0.000    0.000    0.000    0.000    0.000    0.000
32        0.000    0.000    0.000    0.000    0.000    0.000    0.000    0.000    0.000    0.000    0.000    0.000    0.000    0.000    0.000
33        0.000    0.000    0.000    0.000    0.000    0.000    0.000    0.000    0.000    0.000    0.000    0.000    0.000    0.000    0.000
34        0.000    0.000    0.000    0.000    0.000    0.000    0.000    0.000    0.000    0.000    0.000    0.000    0.000    0.000    0.000
35        0.000    0.000    0.000    0.000    0.000    0.000    0.000    0.000    0.000    0.000    0.000    0.000    0.000    0.000    0.000
36        0.000    0.000    0.000    0.000    0.000    0.000    0.000    0.000    0.000    0.000    0.000    0.000    0.000    0.000    0.000
37        0.000    0.000    0.000    0.000    0.000    0.000    0.000    0.000    0.000    0.000    0.000    0.000    0.000    0.000    0.000
38        0.000    0.000    0.000    0.000    0.000    0.000    0.000    0.000    0.000    0.000    0.000    0.000    0.000    0.000    0.000
39        0.000    0.000    0.000    0.627    0.341    0.019    0.003    0.009    0.000    0.000    0.000    0.000    0.000    0.000    0.000
40        0.000    0.000    0.000    7.097    4.485    0.284    0.039    0.095    0.000    0.000    0.000    0.000    0.000    0.000    0.000
41        0.000    0.000    0.000   11.053    8.158    0.582    0.070    0.137    0.000    0.000    0.000    0.000    0.000    0.000    0.000
42        0.000    0.000    0.000   15.329   13.297    1.075    0.116    0.183    0.000    0.000    0.000    0.000    0.000    0.000    0.000
43        0.000    0.000    0.000   26.615   27.297    2.524    0.245    0.318    0.000    0.000    0.000    0.000    0.000    0.000    0.000
44        0.000    0.000    0.000   32.010   39.055    4.162    0.372    0.401    0.000    0.000    0.000    0.000    0.000    0.000    0.000
45        0.000    0.000    0.000   35.584   51.961    6.431    0.538    0.487    0.000    0.000    0.000    0.000    0.000    0.000    0.000
46        0.000    0.000    0.000   33.128   58.247    8.439    0.671    0.516    0.000    0.000    0.000    0.000    0.000    0.000    0.000
47        0.000    0.000    0.000   27.680   58.958   10.077    0.774    0.512    0.000    0.000    0.000    0.000    0.000    0.000    0.000
48        0.000    0.000    0.000   26.992   70.075   14.240    1.075    0.618    0.000    0.000    0.000    0.000    0.000    0.000    0.000
49        0.000    0.000    0.000   23.977   76.326   18.586    1.402    0.708    0.000    0.000    0.000    0.000    0.000    0.000    0.000
50        0.000    0.000    0.000   24.957   98.015   28.825    2.209    0.993    0.001    0.000    0.000    0.000    0.000    0.000    0.000
51        0.000    0.000    0.000   23.933  116.664   41.760    3.306    1.336    0.001    0.000    0.000    0.000    0.000    0.000    0.000
52        0.000    0.000    0.000   27.225  165.726   72.771    6.050    2.226    0.003    0.000    0.000    0.000    0.000    0.000    0.000
53        0.000    0.000    0.000   24.674  188.704  102.443    9.094    3.080    0.004    0.000    0.000    0.000    0.000    0.000    0.000
54        0.000    0.000    0.000   23.898  231.015  156.269   15.062    4.748    0.008    0.000    0.000    0.000    0.000    0.000    0.000
55        0.000    0.000    0.000   16.522  203.116  172.542   18.358    5.450    0.011    0.000    0.000    0.000    0.000    0.000    0.000
56        0.000    0.000    0.000   12.558  197.525  212.366   25.361    7.172    0.018    0.000    0.000    0.000    0.000    0.000    0.000
57        0.000    0.000    0.000    9.604  194.450  266.672   36.342    9.902    0.030    0.000    0.000    0.000    0.000    0.000    0.000
58        0.000    0.000    0.000    5.840  153.125  269.969   42.688   11.336    0.042    0.000    0.000    0.000    0.000    0.000    0.000
59        0.000    0.000    0.000    3.579  122.282  279.331   52.106   13.640    0.062    0.000    0.000    0.000    0.000    0.000    0.000
60        0.000    0.000    0.000    2.427  108.709  324.268   72.553   18.937    0.106    0.000    0.000    0.000    0.000    0.000    0.000
61        0.000    0.000    0.000    1.390   82.093  322.272   87.936   23.149    0.159    0.000    0.000    0.000    0.000    0.000    0.000
62        0.000    0.000    0.000    0.685   53.674  279.475   94.557   25.395    0.215    0.000    0.000    0.000    0.000    0.000    0.000
63        0.000    0.000    0.000    0.322   33.728  234.767  100.140   27.752    0.291    0.000    0.000    0.000    0.000    0.000    0.000
64        0.000    0.000    0.000    0.154   21.629  202.826  110.897   32.078    0.416    0.000    0.000    0.000    0.000    0.000    0.000
65        0.000    0.000    0.000    0.075   14.321  182.346  129.936   39.682    0.640    0.000    0.000    0.000    0.000    0.000    0.000
66        0.000    0.000    0.000    0.025    6.542  113.990  107.634   35.104    0.704    0.000    0.000    0.000    0.000    0.000    0.000
67        0.000    0.000    0.000    0.011    4.051   97.358  123.855   43.633    1.092    0.000    0.000    0.000    0.000    0.000    0.000
68        0.000    0.000    0.000    0.004    1.961   65.523  114.184   43.952    1.375    0.000    0.000    0.000    0.000    0.000    0.000
69        0.000    0.000    0.000    0.002    1.082   50.647  122.926   52.293    2.050    0.000    0.000    0.000    0.000    0.000    0.000
70        0.000    0.000    0.000    0.001    0.496   32.754  112.577   53.536    2.635    0.000    0.001    0.001    0.000    0.000    0.000
71        0.000    0.000    0.000    0.000    0.182   17.074   84.493   45.434    2.814    0.000    0.002    0.002    0.000    0.000    0.000
72        0.000    0.000    0.000    0.000    0.077   10.417   75.464   46.411    3.624    0.000    0.003    0.003    0.000    0.000    0.000
73        0.000    0.000    0.000    0.000    0.031    6.034   65.061   46.291    4.568    0.000    0.008    0.007    0.001    0.000    0.000
74        0.000    0.000    0.000    0.000    0.009    2.606   42.527   35.408    4.424    0.000    0.013    0.011    0.001    0.000    0.000
75        0.000    0.000    0.000    0.000    0.004    1.496   37.560   37.015    5.870    0.000    0.029    0.023    0.003    0.000    0.000
76        0.000    0.000    0.000    0.000    0.001    0.853   33.509   39.538    7.975    0.000    0.066    0.049    0.008    0.000    0.000
77        0.000    0.000    0.000    0.000    0.000    0.340   21.265   30.386    7.812    0.000    0.107    0.075    0.014    0.001    0.000
78        0.000    0.000    0.000    0.000    0.000    0.130   13.102   22.933    7.531    0.002    0.167    0.111    0.022    0.001    0.000
79        0.000    0.000    0.000    0.000    0.000    0.062   10.373   22.497    9.458    0.014    0.332    0.213    0.047    0.003    0.000
80        0.000    0.000    0.000    0.000    0.000    0.036   10.111   27.481   14.822    0.098    0.812    0.505    0.124    0.010    0.000
81        0.000    0.000    0.000    0.000    0.000    0.014    6.614   22.789   15.802    0.408    1.328    0.805    0.218    0.021    0.000
82        0.000    0.000    0.000    0.000    0.000    0.006    4.905   21.670   19.361    1.661    2.453    1.459    0.436    0.049    0.000
83        0.000    0.000    0.000    0.000    0.000    0.002    3.140   17.996   20.761    5.060    3.896    2.290    0.756    0.098    0.000
84        0.000    0.000    0.000    0.000    0.000    0.000    1.157    8.697   12.984    7.674    3.548    2.074    0.756    0.110    0.000
85        0.000    0.000    0.000    0.000    0.000    0.000    0.736    7.339   14.209   17.386    5.557    3.251    1.307    0.214    0.000
86        0.000    0.000    0.000    0.000    0.000    0.000    0.211    2.830    7.120   15.401    3.917    2.310    1.024    0.186    0.000
87        0.000    0.000    0.000    0.000    0.000    0.000    0.130    2.363    7.744   25.281    5.890    3.523    1.722    0.345    0.000
88        0.000    0.000    0.000    0.000    0.000    0.000    0.045    1.118    4.781   20.114    4.942    3.019    1.626    0.355    0.000
89        0.000    0.000    0.000    0.000    0.000    0.000    0.023    0.781    4.370   20.226    6.032    3.789    2.248    0.531    0.000
90        0.000    0.000    0.000    0.000    0.000    0.000    0.015    0.751    5.508   23.947    9.980    6.489    4.239    1.071    0.000
91        0.000    0.000    0.000    0.000    0.000    0.000    0.006    0.417    4.018   14.008    9.390    6.362    4.575    1.225    0.000
92        0.000    0.000    0.000    0.000    0.000    0.000    0.003    0.325    4.123    9.843   12.219    8.684    6.870    1.932    0.000
93        0.000    0.000    0.000    0.000    0.000    0.000    0.001    0.104    1.744    2.435    6.443    4.835    4.207    1.231    0.000
94        0.000    0.000    0.000    0.000    0.000    0.000    0.000    0.082    1.809    1.261    8.185    6.531    6.247    1.883    0.000
95        0.000    0.000    0.000    0.000    0.000    0.000    0.000    0.063    1.852    0.550   10.084    8.612    9.053    2.786    0.000
96        0.000    0.000    0.000    0.000    0.000    0.000    0.000    0.031    1.201    0.130    7.738    7.120    8.221    2.559    0.000
97        0.000    0.000    0.000    0.000    0.000    0.000    0.000    0.016    0.808    0.027    6.055    6.042    7.662    2.390    0.000
98        0.000    0.000    0.000    0.000    0.000    0.000    0.000    0.002    0.167    0.001    1.430    1.558    2.169    0.672    0.000
99        0.000    0.000    0.000    0.000    0.000    0.000    0.000    0.002    0.222    0.000    2.133    2.554    3.901    1.187    0.000
100       0.000    0.000    0.000    0.000    0.000    0.000    0.000    0.002    0.231    0.000    2.453    3.252    5.447    1.615    0.000
101       0.000    0.000    0.000    0.000    0.000    0.000    0.000    0.000    0.029    0.000    0.330    0.488    0.896    0.256    0.000
102       0.000    0.000    0.000    0.000    0.000    0.000    0.000    0.000    0.047    0.000    0.573    0.949    1.909    0.522    0.000
103       0.000    0.000    0.000    0.000    0.000    0.000    0.000    0.000    0.048    0.000    0.614    1.149    2.533    0.656    0.000
104       0.000    0.000    0.000    0.000    0.000    0.000    0.000    0.000    0.016    0.000    0.209    0.444    1.071    0.260    0.000
105       0.000    0.000    0.000    0.000    0.000    0.000    0.000    0.000    0.033    0.000    0.439    1.068    2.823    0.637    0.000
106       0.000    0.000    0.000    0.000    0.000    0.000    0.000    0.000    0.011    0.000    0.146    0.410    1.186    0.246    0.000
107       0.000    0.000    0.000    0.000    0.000    0.000    0.000    0.000    0.014    0.000    0.181    0.589    1.863    0.353    0.000
108       0.000    0.000    0.000    0.000    0.000    0.000    0.000    0.000    0.000    0.000    0.000    0.000    0.000    0.000    0.000
109       0.000    0.000    0.000    0.000    0.000    0.000    0.000    0.000    0.010    0.000    0.120    0.535    2.024    0.310    0.000
110       0.000    0.000    0.000    0.000    0.000    0.000    0.000    0.000    0.003    0.000    0.032    0.169    0.700    0.095    0.000
111       0.000    0.000    0.000    0.000    0.000    0.000    0.000    0.000    0.000    0.000    0.000    0.000    0.000    0.000    0.000
112       0.000    0.000    0.000    0.000    0.000    0.000    0.000    0.000    0.000    0.000    0.001    0.005    0.025    0.003    0.967
113       0.000    0.000    0.000    0.000    0.000    0.000    0.000    0.000    0.000    0.000    0.000    0.000    0.000    0.000    0.000
114       0.000    0.000    0.000    0.000    0.000    0.000    0.000    0.000    0.000    0.000    0.000    0.000    0.000    0.000    0.000
115       0.000    0.000    0.000    0.000    0.000    0.000    0.000    0.000    0.000    0.000    0.000    0.000    0.000    0.000    0.000
116       0.000    0.000    0.000    0.000    0.000    0.000    0.000    0.000    0.000    0.000    0.000    0.000    0.000    0.000    0.000
117       0.000    0.000    0.000    0.000    0.000    0.000    0.000    0.000    0.000    0.000    0.000    0.000    0.000    0.000    0.000
118       0.000    0.000    0.000    0.000    0.000    0.000    0.000    0.000    0.000    0.000    0.000    0.000    0.000    0.000    0.000
119       0.000    0.000    0.000    0.000    0.000    0.000    0.000    0.000    0.000    0.000    0.000    0.000    0.000    0.000    0.000
120       0.000    0.000    0.000    0.000    0.000    0.000    0.000    0.000    0.000    0.000    0.000    0.000    0.000    0.000    0.000
121       0.000    0.000    0.000    0.000    0.000    0.000    0.000    0.000    0.000    0.000    0.000    0.000    0.000    0.000    0.000
122       0.000    0.000    0.000    0.000    0.000    0.000    0.000    0.000    0.000    0.000    0.000    0.000    0.000    0.000    0.000
123       0.000    0.000    0.000    0.000    0.000    0.000    0.000    0.000    0.000    0.000    0.000    0.000    0.000    0.000    0.000
124       0.000    0.000    0.000    0.000    0.000    0.000    0.000    0.000    0.000    0.000    0.000    0.000    0.000    0.000    0.000
125       0.000    0.000    0.000    0.000    0.000    0.000    0.000    0.000    0.000    0.000    0.000    0.000    0.000    0.000    0.000
126       0.000    0.000    0.000    0.000    0.000    0.000    0.000    0.000    0.000    0.000    0.000    0.000    0.000    0.000    0.000
127       0.000    0.000    0.000    0.000    0.000    0.000    0.000    0.000    0.000    0.000    0.000    0.000    0.000    0.000    0.000
128       0.000    0.000    0.000    0.000    0.000    0.000    0.000    0.000    0.000    0.000    0.000    0.000    0.000    0.000    0.000
129       0.000    0.000    0.000    0.000    0.000    0.000    0.000    0.000    0.000    0.000    0.000    0.000    0.000    0.000    0.000
130       0.000    0.000    0.000    0.000    0.000    0.000    0.000    0.000    0.000    0.000    0.000    0.000    0.000    0.000    0.000
131       0.000    0.000    0.000    0.000    0.000    0.000    0.000    0.000    0.000    0.000    0.000    0.000    0.000    0.000    0.000
132       0.000    0.000    0.000    0.000    0.000    0.000    0.000    0.000    0.000    0.000    0.000    0.000    0.000    0.000    0.000
133       0.000    0.000    0.000    0.000    0.000    0.000    0.000    0.000    0.000    0.000    0.000    0.000    0.000    0.000    0.000
134       0.000    0.000    0.000    0.000    0.000    0.000    0.000    0.000    0.000    0.000    0.000    0.000    0.000    0.000    0.000
135       0.000    0.000    0.000    0.000    0.000    0.000    0.000    0.000    0.000    0.000    0.000    0.000    0.000    0.000    0.000
136       0.000    0.000    0.000    0.000    0.000    0.000    0.000    0.000    0.000    0.000    0.000    0.000    0.000    0.000    0.000
137       0.000    0.000    0.000    0.000    0.000    0.000    0.000    0.000    0.000    0.000    0.000    0.000    0.000    0.000    0.000
138       0.000    0.000    0.000    0.000    0.000    0.000    0.000    0.000    0.000    0.000    0.000    0.000    0.000    0.000    0.000
139       0.000    0.000    0.000    0.000    0.000    0.000    0.000    0.000    0.000    0.000    0.000    0.000    0.000    0.000    0.000
140       0.000    0.000    0.000    0.000    0.000    0.000    0.000    0.000    0.000    0.000    0.000    0.000    0.000    0.000    0.000
141       0.000    0.000    0.000    0.000    0.000    0.000    0.000    0.000    0.000    0.000    0.000    0.000    0.000    0.000    0.000
142       0.000    0.000    0.000    0.000    0.000    0.000    0.000    0.000    0.000    0.000    0.000    0.000    0.000    0.000    0.000
143       0.000    0.000    0.000    0.000    0.000    0.000    0.000    0.000    0.000    0.000    0.000    0.000    0.000    0.000    0.000
144       0.000    0.000    0.000    0.000    0.000    0.000    0.000    0.000    0.000    0.000    0.000    0.000    0.000    0.000    0.000
145       0.000    0.000    0.000    0.000    0.000    0.000    0.000    0.000    0.000    0.000    0.000    0.000    0.000    0.000    0.000
146       0.000    0.000    0.000    0.000    0.000    0.000    0.000    0.000    0.000    0.000    0.000    0.000    0.000    0.000    0.000
147       0.000    0.000    0.000    0.000    0.000    0.000    0.000    0.000    0.000    0.000    0.000    0.000    0.000    0.000    0.000
148       0.000    0.000    0.000    0.000    0.000    0.000    0.000    0.000    0.000    0.000    0.000    0.000    0.000    0.000    0.000
149       0.000    0.000    0.000    0.000    0.000    0.000    0.000    0.000    0.000    0.000    0.000    0.000    0.000    0.000    0.000
150       0.000    0.000    0.000    0.000    0.000    0.000    0.000    0.000    0.000    0.000    0.000    0.000    0.000    0.000    0.000
Sum       0.000    0.000    0.000  417.980 2407.411 3614.665 1803.528  900.151  207.786  165.529  117.862   91.366   87.939   23.816    0.967
mW        0.000    0.000    0.000    0.987    1.334    1.757    2.362    2.827    4.256    5.197    5.792    6.062    6.647    6.647   10.312
mL        0.000    0.000    0.000   48.584   54.197   59.823   66.287   70.457   81.775   87.969   91.279   92.449   95.730   95.000      NaN
pA        0.000    0.000    0.000    0.042    0.245    0.367    0.183    0.091    0.021    0.017    0.012    0.009    0.009    0.002    0.000
tot.mW 2084.992 2084.992 2084.992 2084.992 2084.992 2084.992 2084.992 2084.992 2084.992 2084.992 2084.992 2084.992 2084.992 2084.992 2084.992
tot.mL   62.152   62.152   62.152   62.152   62.152   62.152   62.152   62.152   62.152   62.152   62.152   62.152   62.152   62.152   62.152
             15    Matad      Sum
1         0.000    0.000    0.000
2         0.000    0.000    0.000
3         0.000    0.000    0.000
4         0.000    0.000    0.000
5         0.000    0.000    0.000
6         0.000    0.000    0.000
7         0.000    0.000    0.000
8         0.000    0.000    0.000
9         0.000    0.000    0.000
10        0.000    0.000    0.000
11        0.000    0.000    0.000
12        0.000    0.000    0.000
13        0.000    0.000    0.000
14        0.000    0.000    0.000
15        0.000    0.000    0.000
16        0.000    0.000    0.000
17        0.000    0.000    0.000
18        0.000    0.000    0.000
19        0.000    0.000    0.000
20        0.000    0.000    0.000
21        0.000    0.000    0.000
22        0.000    0.000    0.000
23        0.000    0.000    0.000
24        0.000    0.000    0.000
25        0.000    0.000    0.000
26        0.000    0.000    0.000
27        0.000    0.000    0.000
28        0.000    0.000    0.000
29        0.000    0.000    0.000
30        0.000    0.000    0.000
31        0.000    0.000    0.000
32        0.000    0.000    0.000
33        0.000    0.000    0.000
34        0.000    0.000    0.000
35        0.000    0.000    0.000
36        0.000    0.000    0.000
37        0.000    0.000    0.000
38        0.000    0.000    0.000
39        0.000    1.000    1.000
40        0.000   12.000   12.000
41        0.000   20.000   20.000
42        0.000   30.000   30.000
43        0.000   57.000   57.000
44        0.000   76.000   76.000
45        0.000   95.000   95.000
46        0.000  101.000  101.000
47        0.000   98.000   98.000
48        0.000  113.000  113.000
49        0.000  121.000  121.000
50        0.000  155.000  155.000
51        0.000  187.000  187.000
52        0.000  274.000  274.000
53        0.000  328.000  328.000
54        0.000  431.000  431.000
55        0.000  416.000  416.000
56        0.000  455.000  455.000
57        0.000  517.000  517.000
58        0.000  483.000  483.000
59        0.000  471.000  471.000
60        0.000  527.000  527.000
61        0.000  517.000  517.000
62        0.000  454.000  454.000
63        0.000  397.000  397.000
64        0.000  368.000  368.000
65        0.000  367.000  367.000
66        0.000  264.000  264.000
67        0.000  270.000  270.000
68        0.000  227.000  227.000
69        0.000  229.000  229.000
70        0.000  202.000  202.000
71        0.000  150.000  150.000
72        0.000  136.000  136.000
73        0.000  122.000  122.000
74        0.000   85.000   85.000
75        0.000   82.000   82.000
76        0.000   82.000   82.000
77        0.000   60.000   60.000
78        0.000   44.000   44.000
79        0.000   43.000   43.000
80        0.000   54.000   54.000
81        0.000   48.000   48.000
82        0.000   52.000   52.000
83        0.000   54.000   54.000
84        0.000   37.000   37.000
85        0.000   50.000   50.000
86        0.000   33.000   33.000
87        0.000   47.000   47.000
88        0.000   36.000   36.000
89        0.000   38.000   38.000
90        0.000   52.000   52.000
91        0.000   40.000   40.000
92        0.000   44.000   44.000
93        0.000   21.000   21.000
94        0.000   26.000   26.000
95        0.000   33.000   33.000
96        0.000   27.000   27.000
97        0.000   23.000   23.000
98        0.000    6.000    6.000
99        0.000   10.000   10.000
100       0.000   13.000   13.000
101       0.000    2.000    2.000
102       0.000    4.000    4.000
103       0.000    5.000    5.000
104       0.000    2.000    2.000
105       0.000    5.000    5.000
106       0.000    2.000    2.000
107       0.000    3.000    3.000
108       0.000    0.000    0.000
109       0.000    3.000    3.000
110       0.000    1.000    1.000
111       0.000    0.000    0.000
112       0.000    1.000    1.000
113       0.000    0.000    0.000
114       0.000    0.000    0.000
115       0.000    0.000    0.000
116       0.000    0.000    0.000
117       0.000    0.000    0.000
118       0.000    0.000    0.000
119       0.000    0.000    0.000
120       0.000    0.000    0.000
121       0.000    0.000    0.000
122       0.000    0.000    0.000
123       0.000    0.000    0.000
124       0.000    0.000    0.000
125       0.000    0.000    0.000
126       0.000    0.000    0.000
127       0.000    0.000    0.000
128       0.000    0.000    0.000
129       0.000    0.000    0.000
130       0.000    0.000    0.000
131       0.000    0.000    0.000
132       0.000    0.000    0.000
133       0.000    0.000    0.000
134       0.000    0.000    0.000
135       0.000    0.000    0.000
136       0.000    0.000    0.000
137       0.000    0.000    0.000
138       0.000    0.000    0.000
139       0.000    0.000    0.000
140       0.000    0.000    0.000
141       0.000    0.000    0.000
142       0.000    0.000    0.000
143       0.000    0.000    0.000
144       0.000    0.000    0.000
145       0.000    0.000    0.000
146       0.000    0.000    0.000
147       0.000    0.000    0.000
148       0.000    0.000    0.000
149       0.000    0.000    0.000
150       0.000    0.000    0.000
Sum       0.000 9839.000 9839.000
mW        0.000    0.000    0.000
mL        0.000    0.000    0.000
pA        0.000    0.000    0.000
tot.mW 2084.992 2084.992 2084.992
tot.mL   62.152   62.152   62.152


 .... [TRUNCATED] 
>>>>>>>>>>>>>>>>>>>>>>>>>>>>>>>>>>>>>>>>>>>>>>>>>>>>>>>>>>>>>> 
 > Dato                :  Wed Dec  3 13:26:13 2014 
 > Slag                :  UP 
 > ?r                  :  2014 
 > Ti?arskei?          :  JAN-JUN 
 > Skipab?lk/-ar       :  19 20 
 > Skipab?lk/-ar (l?n) :  0 
 > ICES-?ki            :  VB1 
 <<<<<<<<<<<<<<<<<<<<<<<<<<<<<<<<<<<<<<<<<<<<<<<<<<<<<<<<<<<<<< 

$URSLITID
   aldur tal_matad tal_fiskad midal_longd midal_vekt roknad_veida
0      0         0          0        0.00      0.000            0
1      1         0          0        0.00      0.000            0
2      2         0          0        0.00      0.000            0
3      3       349        963       49.62      1.040         1002
4      4      2316       6386       54.43      1.348         8608
5      5      3602       9931       59.98      1.770        17575
6      6      1841       5075       66.70      2.408        12218
7      7       929       2560       70.75      2.862         7326
8      8       157        432       81.03      4.164         1797
9      9       158        437       88.07      5.212         2275
10    10       104        287       89.96      5.619         1613
11    11        69        191       92.06      5.959         1140
12    12        89        246       95.05      6.496         1597
13    13        20         56       95.95      6.641          375
14    14         1          3      112.00     10.312           28
15    15         0          0        0.00      0.000            0
17   Sum      9635      26567       62.36      2.091        55554

$URSLITID.j
   aldur tal_matad tal_fiskad midal_longd midal_vekt roknad_veida
0      0         0          0        0.00      0.000            0
1      1         0          0        0.00      0.000            0
2      2         0          0        0.00      0.000            0
3      3       418       1132       48.58      0.987         1117
4      4      2407       6520       54.20      1.334         8696
5      5      3615       9789       59.82      1.757        17204
6      6      1804       4884       66.29      2.362        11535
7      7       900       2438       70.46      2.827         6891
8      8       208        563       81.78      4.256         2395
9      9       166        448       87.97      5.197         2330
10    10       118        319       91.28      5.792         1849
11    11        91        247       92.45      6.062         1500
12    12        88        238       95.73      6.647         1583
13    13        24         64       95.00      6.647          429
14    14         1          3        0.00     10.312           27
15    15         0          0        0.00      0.000            0
17   Sum      9840      26645       62.15      2.085        55556


 .... [TRUNCATED] 
