
 .... [TRUNCATED] 
<<<<<<<<<<<<<<<<<<<<<<<<<<<<<<<<<<<<<<<<<<<<<<<<<<<<<<<<<<<<<<<<<<<<<<<< 
 > Dato                                      :  Tue Dec  9 11:08:45 2014 
 > Slag                                      :  UP 
 > Ár                                        :  2014 
 > Skipabólk/-ar                             :  20 21 
 > Byrjanar og enda mánaŵ fyri ALK/ALD       :  FEB-DEC 
 > Skipabólk/-ar, sum longdir eru lántar frá :  0 
 > Skipabólk/-ar, sum vektir eru lántar frá  :  0 
 > Skipabólk/-ar, sum aldrar eru lántar frá  :  0 
 > ICES-øki                                  :  VB1 
 <<<<<<<<<<<<<<<<<<<<<<<<<<<<<<<<<<<<<<<<<<<<<<<<<<<<<<<<<<<<<<<<<<<<<<<<
 .... [TRUNCATED] 
>>>>>>>>>>>>>>>>>>>>>>>>>>>>>>>>>>>>> 
> Alpha	 = 0.01484672
> Beta	 = 2.848652
> R^2	 = 0.9782281
> N	 = 4149
> Veida (kg.)	  = 88888
> Rundveida (kg.) = 98665.68
<<<<<<<<<<<<<<<<<<<<<<<<<<<<<<<<<<<<<
 .... [TRUNCATED] 
>>>>>>>>>>>>>> 	 ALK-lykil 	 <<<<<<<<<<<<
 .... [TRUNCATED] 
$ALK
    longd 0 1 2 3  4  5  6 7 8 9 10 11 12 13 14 15 Sum Matad
1       1 0 0 0 0  0  0  0 0 0 0  0  0  0  0  0  0   0     0
2       2 0 0 0 0  0  0  0 0 0 0  0  0  0  0  0  0   0     0
3       3 0 0 0 0  0  0  0 0 0 0  0  0  0  0  0  0   0     0
4       4 0 0 0 0  0  0  0 0 0 0  0  0  0  0  0  0   0     0
5       5 0 0 0 0  0  0  0 0 0 0  0  0  0  0  0  0   0     0
6       6 0 0 0 0  0  0  0 0 0 0  0  0  0  0  0  0   0     0
7       7 0 0 0 0  0  0  0 0 0 0  0  0  0  0  0  0   0     0
8       8 0 0 0 0  0  0  0 0 0 0  0  0  0  0  0  0   0     0
9       9 0 0 0 0  0  0  0 0 0 0  0  0  0  0  0  0   0     0
10     10 0 0 0 0  0  0  0 0 0 0  0  0  0  0  0  0   0     0
11     11 0 0 0 0  0  0  0 0 0 0  0  0  0  0  0  0   0     0
12     12 0 0 0 0  0  0  0 0 0 0  0  0  0  0  0  0   0     0
13     13 0 0 0 0  0  0  0 0 0 0  0  0  0  0  0  0   0     0
14     14 0 0 0 0  0  0  0 0 0 0  0  0  0  0  0  0   0     0
15     15 0 0 0 0  0  0  0 0 0 0  0  0  0  0  0  0   0     0
16     16 0 0 0 0  0  0  0 0 0 0  0  0  0  0  0  0   0     0
17     17 0 0 0 0  0  0  0 0 0 0  0  0  0  0  0  0   0     0
18     18 0 0 0 0  0  0  0 0 0 0  0  0  0  0  0  0   0     0
19     19 0 0 0 0  0  0  0 0 0 0  0  0  0  0  0  0   0     0
20     20 0 0 0 0  0  0  0 0 0 0  0  0  0  0  0  0   0     0
21     21 0 0 0 0  0  0  0 0 0 0  0  0  0  0  0  0   0     0
22     22 0 0 0 0  0  0  0 0 0 0  0  0  0  0  0  0   0     0
23     23 0 0 0 0  0  0  0 0 0 0  0  0  0  0  0  0   0     0
24     24 0 0 0 0  0  0  0 0 0 0  0  0  0  0  0  0   0     0
25     25 0 0 0 0  0  0  0 0 0 0  0  0  0  0  0  0   0     0
26     26 0 0 0 0  0  0  0 0 0 0  0  0  0  0  0  0   0     0
27     27 0 0 0 0  0  0  0 0 0 0  0  0  0  0  0  0   0     0
28     28 0 0 0 0  0  0  0 0 0 0  0  0  0  0  0  0   0     0
29     29 0 0 0 0  0  0  0 0 0 0  0  0  0  0  0  0   0     0
30     30 0 0 0 0  0  0  0 0 0 0  0  0  0  0  0  0   0     0
31     31 0 0 0 0  0  0  0 0 0 0  0  0  0  0  0  0   0     0
32     32 0 0 0 0  0  0  0 0 0 0  0  0  0  0  0  0   0     0
33     33 0 0 0 0  0  0  0 0 0 0  0  0  0  0  0  0   0     0
34     34 0 0 0 0  0  0  0 0 0 0  0  0  0  0  0  0   0     0
35     35 0 0 0 0  0  0  0 0 0 0  0  0  0  0  0  0   0     0
36     36 0 0 0 0  0  0  0 0 0 0  0  0  0  0  0  0   0     0
37     37 0 0 0 0  0  0  0 0 0 0  0  0  0  0  0  0   0     0
38     38 0 0 0 0  0  0  0 0 0 0  0  0  0  0  0  0   0     0
39     39 0 0 0 0  0  0  0 0 0 0  0  0  0  0  0  0   0     1
40     40 0 0 0 0  1  0  0 0 0 0  0  0  0  0  0  0   1     9
41     41 0 0 0 0  0  0  0 0 0 0  0  0  0  0  0  0   0    16
42     42 0 0 0 1  0  0  0 0 0 0  0  0  0  0  0  0   1    25
43     43 0 0 0 0  0  0  0 0 0 0  0  0  0  0  0  0   0    30
44     44 0 0 0 1  1  0  0 0 0 0  0  0  0  0  0  0   2    51
45     45 0 0 0 0  0  0  0 0 0 0  0  0  0  0  0  0   0    56
46     46 0 0 0 0  1  0  0 0 0 0  0  0  0  0  0  0   1    45
47     47 0 0 0 2  3  0  0 0 0 0  0  0  0  0  0  0   5    56
48     48 0 0 0 3  3  2  0 0 0 0  0  0  0  0  0  0   8    60
49     49 0 0 0 1  2  2  0 0 0 0  0  0  0  0  0  0   5    49
50     50 0 0 0 1  4  2  0 0 0 0  0  0  0  0  0  0   7    62
51     51 0 0 0 0  9  3  0 0 0 0  0  0  0  0  0  0  12    73
52     52 0 0 0 3 10  5  1 1 0 0  0  0  0  0  0  0  20   110
53     53 0 0 0 0 16 12  1 0 0 0  0  0  0  0  0  0  29   148
54     54 0 0 0 0 18  9  1 0 0 0  0  0  0  0  0  0  28   201
55     55 0 0 0 1 18 16  3 1 0 0  0  0  0  0  0  0  39   224
56     56 0 0 0 0 14 19  0 0 0 0  0  0  0  0  0  0  33   200
57     57 0 0 0 0 14 23  2 1 0 0  0  0  0  0  0  0  40   259
58     58 0 0 0 1 14 26  6 2 0 0  0  0  0  0  0  0  49   239
59     59 0 0 0 0 13 33  6 1 0 0  0  0  0  0  0  0  53   235
60     60 0 0 0 0  8 39  8 3 0 0  0  0  0  0  0  0  58   281
61     61 0 0 0 0  2 39 10 2 0 0  0  0  0  0  0  0  53   268
62     62 0 0 0 0  1 27 15 1 0 0  0  0  0  0  0  0  44   263
63     63 0 0 0 0  2 27 16 4 0 0  0  0  0  0  0  0  49   261
64     64 0 0 0 0  2 22  9 1 0 0  0  0  0  0  0  0  34   226
65     65 0 0 0 0  2 21 12 4 0 0  0  0  0  0  0  0  39   244
66     66 0 0 0 0  2 10 16 3 0 0  0  0  0  0  0  0  31   182
67     67 0 0 0 0  0  7 11 4 0 0  0  0  0  0  0  0  22   165
68     68 0 0 0 0  1 10 10 5 0 0  0  0  0  0  0  0  26   167
69     69 0 0 0 0  0 11 20 4 0 0  0  0  0  0  0  0  35   151
70     70 0 0 0 0  0  7 16 6 0 0  0  0  0  0  0  0  29   171
71     71 0 0 0 0  0  1  7 3 1 0  0  0  0  0  0  0  12   108
72     72 0 0 0 0  0  1  6 8 2 0  0  0  0  0  0  0  17   116
73     73 0 0 0 0  0  1  6 2 0 0  0  0  0  0  0  0   9    99
74     74 0 0 0 0  0  1  1 2 0 0  0  0  0  0  0  0   4    67
75     75 0 0 0 0  0  0  1 1 0 0  0  0  0  0  0  0   2    48
76     76 0 0 0 0  0  0  0 0 1 0  0  0  0  0  0  0   1    50
77     77 0 0 0 0  0  0  2 1 0 0  0  0  0  0  0  0   3    39
78     78 0 0 0 0  0  0  1 1 1 0  0  0  0  0  0  0   3    39
79     79 0 0 0 0  0  0  0 1 0 0  0  0  0  0  0  0   1    20
80     80 0 0 0 0  0  0  0 0 0 0  1  0  0  0  0  0   1    36
81     81 0 0 0 0  0  0  0 0 1 0  0  0  0  0  0  0   1    19
82     82 0 0 0 0  0  0  0 1 2 0  0  0  0  0  0  0   3    37
83     83 0 0 0 0  0  0  0 0 0 1  0  0  0  0  0  0   1    25
84     84 0 0 0 0  0  0  0 0 0 0  0  0  0  0  0  0   0    26
85     85 0 0 0 0  0  0  0 1 3 1  0  0  0  0  0  0   5    33
86     86 0 0 0 0  0  0  0 0 2 0  0  0  0  0  0  0   2    23
87     87 0 0 0 0  0  0  1 0 0 0  0  0  0  0  0  0   1    24
88     88 0 0 0 0  0  0  0 0 0 1  0  0  0  0  0  0   1    15
89     89 0 0 0 0  0  0  0 0 0 1  2  0  0  0  0  0   3    22
90     90 0 0 0 0  0  0  0 0 0 1  0  1  0  0  0  0   2    31
91     91 0 0 0 0  0  0  0 0 0 0  0  1  1  0  0  0   2    18
92     92 0 0 0 0  0  0  0 0 0 0  1  1  0  0  0  0   2    23
93     93 0 0 0 0  0  0  0 0 0 0  1  0  0  0  0  0   1    18
94     94 0 0 0 0  0  0  0 0 0 0  0  1  0  0  0  0   1    13
95     95 0 0 0 0  0  0  0 0 0 0  0  0  1  0  0  0   1    13
96     96 0 0 0 0  0  0  0 0 0 0  1  1  0  0  0  0   2    13
97     97 0 0 0 0  0  0  0 0 0 0  0  0  0  1  0  0   1    10
98     98 0 0 0 0  0  0  0 0 0 0  1  0  0  0  0  0   1     6
99     99 0 0 0 0  0  0  0 0 0 0  1  0  0  0  0  0   1     7
100   100 0 0 0 0  0  0  0 0 0 0  0  0  0  0  0  0   0     7
101   101 0 0 0 0  0  0  0 0 0 0  0  0  0  0  0  0   0     3
102   102 0 0 0 0  0  0  0 0 0 0  0  0  0  1  0  0   1     2
103   103 0 0 0 0  0  0  0 0 0 0  0  0  0  0  0  0   0     3
104   104 0 0 0 0  0  0  0 0 0 0  0  0  0  0  0  0   0     2
105   105 0 0 0 0  0  0  0 0 0 0  0  0  0  0  0  0   0     3
106   106 0 0 0 0  0  0  0 0 0 0  0  0  0  0  0  0   0     2
107   107 0 0 0 0  0  0  0 0 0 0  0  0  1  0  0  0   1     1
108   108 0 0 0 0  0  0  0 0 0 0  0  0  0  0  0  0   0     1
109   109 0 0 0 0  0  0  0 0 0 0  0  1  0  0  0  0   1     2
110   110 0 0 0 0  0  0  0 0 0 0  0  0  0  0  0  0   0     0
111   111 0 0 0 0  0  0  0 0 0 0  0  0  0  0  0  0   0     0
112   112 0 0 0 0  0  0  0 0 0 0  0  0  0  0  0  0   0     1
113   113 0 0 0 0  0  0  0 0 0 0  0  0  0  0  0  0   0     0
114   114 0 0 0 0  0  0  0 0 0 0  0  0  0  0  0  0   0     0
115   115 0 0 0 0  0  0  0 0 0 0  0  0  0  0  0  0   0     0
116   116 0 0 0 0  0  0  0 0 0 0  0  0  0  0  0  0   0     0
117   117 0 0 0 0  0  0  0 0 0 0  0  0  0  0  0  0   0     0
118   118 0 0 0 0  0  0  0 0 0 0  0  0  0  0  0  0   0     0
119   119 0 0 0 0  0  0  0 0 0 0  0  0  0  0  0  0   0     0
120   120 0 0 0 0  0  0  0 0 0 0  0  0  0  0  0  0   0     0
121   121 0 0 0 0  0  0  0 0 0 0  0  0  0  0  0  0   0     0
122   122 0 0 0 0  0  0  0 0 0 0  0  0  0  0  0  0   0     0
123   123 0 0 0 0  0  0  0 0 0 0  0  0  0  0  0  0   0     0
124   124 0 0 0 0  0  0  0 0 0 0  0  0  0  0  0  0   0     0
125   125 0 0 0 0  0  0  0 0 0 0  0  0  0  0  0  0   0     0
126   126 0 0 0 0  0  0  0 0 0 0  0  0  0  0  0  0   0     0
127   127 0 0 0 0  0  0  0 0 0 0  0  0  0  0  0  0   0     0
128   128 0 0 0 0  0  0  0 0 0 0  0  0  0  0  0  0   0     0
129   129 0 0 0 0  0  0  0 0 0 0  0  0  0  0  0  0   0     0
130   130 0 0 0 0  0  0  0 0 0 0  0  0  0  0  0  0   0     0
131   131 0 0 0 0  0  0  0 0 0 0  0  0  0  0  0  0   0     0
132   132 0 0 0 0  0  0  0 0 0 0  0  0  0  0  0  0   0     0
133   133 0 0 0 0  0  0  0 0 0 0  0  0  0  0  0  0   0     0
134   134 0 0 0 0  0  0  0 0 0 0  0  0  0  0  0  0   0     0
135   135 0 0 0 0  0  0  0 0 0 0  0  0  0  0  0  0   0     0
136   136 0 0 0 0  0  0  0 0 0 0  0  0  0  0  0  0   0     0
137   137 0 0 0 0  0  0  0 0 0 0  0  0  0  0  0  0   0     0
138   138 0 0 0 0  0  0  0 0 0 0  0  0  0  0  0  0   0     0
139   139 0 0 0 0  0  0  0 0 0 0  0  0  0  0  0  0   0     0
140   140 0 0 0 0  0  0  0 0 0 0  0  0  0  0  0  0   0     0
141   141 0 0 0 0  0  0  0 0 0 0  0  0  0  0  0  0   0     0
142   142 0 0 0 0  0  0  0 0 0 0  0  0  0  0  0  0   0     0
143   143 0 0 0 0  0  0  0 0 0 0  0  0  0  0  0  0   0     0
144   144 0 0 0 0  0  0  0 0 0 0  0  0  0  0  0  0   0     0
145   145 0 0 0 0  0  0  0 0 0 0  0  0  0  0  0  0   0     0
146   146 0 0 0 0  0  0  0 0 0 0  0  0  0  0  0  0   0     0
147   147 0 0 0 0  0  0  0 0 0 0  0  0  0  0  0  0   0     0
148   148 0 0 0 0  0  0  0 0 0 0  0  0  0  0  0  0   0     0
149   149 0 0 0 0  0  0  0 0 0 0  0  0  0  0  0  0   0     0
150   150 0 0 0 0  0  0  0 0 0 0  0  0  0  0  0  0   0     0

$ALK.j
    longd 0 1 2     3      4      5      6     7     8     9    10    11    12    13 14 15    Sum Matad
1       1 0 0 0 0.000  0.000  0.000  0.000 0.000 0.000 0.000 0.000 0.000 0.000 0.000  0  0  0.000     0
2       2 0 0 0 0.000  0.000  0.000  0.000 0.000 0.000 0.000 0.000 0.000 0.000 0.000  0  0  0.000     0
3       3 0 0 0 0.000  0.000  0.000  0.000 0.000 0.000 0.000 0.000 0.000 0.000 0.000  0  0  0.000     0
4       4 0 0 0 0.000  0.000  0.000  0.000 0.000 0.000 0.000 0.000 0.000 0.000 0.000  0  0  0.000     0
5       5 0 0 0 0.000  0.000  0.000  0.000 0.000 0.000 0.000 0.000 0.000 0.000 0.000  0  0  0.000     0
6       6 0 0 0 0.000  0.000  0.000  0.000 0.000 0.000 0.000 0.000 0.000 0.000 0.000  0  0  0.000     0
7       7 0 0 0 0.000  0.000  0.000  0.000 0.000 0.000 0.000 0.000 0.000 0.000 0.000  0  0  0.000     0
8       8 0 0 0 0.000  0.000  0.000  0.000 0.000 0.000 0.000 0.000 0.000 0.000 0.000  0  0  0.000     0
9       9 0 0 0 0.000  0.000  0.000  0.000 0.000 0.000 0.000 0.000 0.000 0.000 0.000  0  0  0.000     0
10     10 0 0 0 0.000  0.000  0.000  0.000 0.000 0.000 0.000 0.000 0.000 0.000 0.000  0  0  0.000     0
11     11 0 0 0 0.000  0.000  0.000  0.000 0.000 0.000 0.000 0.000 0.000 0.000 0.000  0  0  0.000     0
12     12 0 0 0 0.000  0.000  0.000  0.000 0.000 0.000 0.000 0.000 0.000 0.000 0.000  0  0  0.000     0
13     13 0 0 0 0.000  0.000  0.000  0.000 0.000 0.000 0.000 0.000 0.000 0.000 0.000  0  0  0.000     0
14     14 0 0 0 0.000  0.000  0.000  0.000 0.000 0.000 0.000 0.000 0.000 0.000 0.000  0  0  0.000     0
15     15 0 0 0 0.000  0.000  0.000  0.000 0.000 0.000 0.000 0.000 0.000 0.000 0.000  0  0  0.000     0
16     16 0 0 0 0.000  0.000  0.000  0.000 0.000 0.000 0.000 0.000 0.000 0.000 0.000  0  0  0.000     0
17     17 0 0 0 0.000  0.000  0.000  0.000 0.000 0.000 0.000 0.000 0.000 0.000 0.000  0  0  0.000     0
18     18 0 0 0 0.000  0.000  0.000  0.000 0.000 0.000 0.000 0.000 0.000 0.000 0.000  0  0  0.000     0
19     19 0 0 0 0.000  0.000  0.000  0.000 0.000 0.000 0.000 0.000 0.000 0.000 0.000  0  0  0.000     0
20     20 0 0 0 0.000  0.000  0.000  0.000 0.000 0.000 0.000 0.000 0.000 0.000 0.000  0  0  0.000     0
21     21 0 0 0 0.000  0.000  0.000  0.000 0.000 0.000 0.000 0.000 0.000 0.000 0.000  0  0  0.000     0
22     22 0 0 0 0.000  0.000  0.000  0.000 0.000 0.000 0.000 0.000 0.000 0.000 0.000  0  0  0.000     0
23     23 0 0 0 0.000  0.000  0.000  0.000 0.000 0.000 0.000 0.000 0.000 0.000 0.000  0  0  0.000     0
24     24 0 0 0 0.000  0.000  0.000  0.000 0.000 0.000 0.000 0.000 0.000 0.000 0.000  0  0  0.000     0
25     25 0 0 0 0.000  0.000  0.000  0.000 0.000 0.000 0.000 0.000 0.000 0.000 0.000  0  0  0.000     0
26     26 0 0 0 0.000  0.000  0.000  0.000 0.000 0.000 0.000 0.000 0.000 0.000 0.000  0  0  0.000     0
27     27 0 0 0 0.000  0.000  0.000  0.000 0.000 0.000 0.000 0.000 0.000 0.000 0.000  0  0  0.000     0
28     28 0 0 0 0.000  0.000  0.000  0.000 0.000 0.000 0.000 0.000 0.000 0.000 0.000  0  0  0.000     0
29     29 0 0 0 0.000  0.000  0.000  0.000 0.000 0.000 0.000 0.000 0.000 0.000 0.000  0  0  0.000     0
30     30 0 0 0 0.000  0.000  0.000  0.000 0.000 0.000 0.000 0.000 0.000 0.000 0.000  0  0  0.000     0
31     31 0 0 0 0.000  0.000  0.000  0.000 0.000 0.000 0.000 0.000 0.000 0.000 0.000  0  0  0.000     0
32     32 0 0 0 0.000  0.000  0.000  0.000 0.000 0.000 0.000 0.000 0.000 0.000 0.000  0  0  0.000     0
33     33 0 0 0 0.001  0.000  0.000  0.000 0.000 0.000 0.000 0.000 0.000 0.000 0.000  0  0  0.001     0
34     34 0 0 0 0.001  0.000  0.000  0.000 0.000 0.000 0.000 0.000 0.000 0.000 0.000  0  0  0.002     0
35     35 0 0 0 0.003  0.000  0.000  0.000 0.000 0.000 0.000 0.000 0.000 0.000 0.000  0  0  0.004     0
36     36 0 0 0 0.008  0.000  0.000  0.000 0.000 0.000 0.000 0.000 0.000 0.000 0.000  0  0  0.008     0
37     37 0 0 0 0.016  0.001  0.000  0.000 0.000 0.000 0.000 0.000 0.000 0.000 0.000  0  0  0.017     0
38     38 0 0 0 0.032  0.003  0.000  0.000 0.000 0.000 0.000 0.000 0.000 0.000 0.000  0  0  0.036     0
39     39 0 0 0 0.060  0.009  0.001  0.000 0.000 0.000 0.000 0.000 0.000 0.000 0.000  0  0  0.069     1
40     40 0 0 0 0.105  0.021  0.002  0.000 0.000 0.000 0.000 0.000 0.000 0.000 0.000  0  0  0.128     9
41     41 0 0 0 0.175  0.048  0.004  0.000 0.000 0.000 0.000 0.000 0.000 0.000 0.000  0  0  0.228    16
42     42 0 0 0 0.276  0.104  0.010  0.000 0.001 0.000 0.000 0.000 0.000 0.000 0.000  0  0  0.391    25
43     43 0 0 0 0.410  0.214  0.024  0.001 0.002 0.000 0.000 0.000 0.000 0.000 0.000  0  0  0.650    30
44     44 0 0 0 0.575  0.414  0.054  0.002 0.003 0.000 0.000 0.000 0.000 0.000 0.000  0  0  1.048    51
45     45 0 0 0 0.762  0.760  0.114  0.004 0.005 0.000 0.000 0.000 0.000 0.000 0.000  0  0  1.646    56
46     46 0 0 0 0.954  1.319  0.231  0.008 0.009 0.000 0.000 0.000 0.000 0.000 0.000  0  0  2.521    45
47     47 0 0 0 1.128  2.164  0.445  0.017 0.016 0.000 0.000 0.000 0.000 0.000 0.000  0  0  3.771    56
48     48 0 0 0 1.260  3.356  0.821  0.035 0.027 0.000 0.000 0.000 0.000 0.000 0.000  0  0  5.499    60
49     49 0 0 0 1.328  4.922  1.443  0.069 0.044 0.000 0.000 0.000 0.000 0.000 0.000  0  0  7.807    49
50     50 0 0 0 1.323  6.827  2.422  0.129 0.070 0.000 0.000 0.000 0.000 0.000 0.000  0  0 10.771    62
51     51 0 0 0 1.244  8.953  3.876  0.233 0.109 0.000 0.000 0.000 0.000 0.000 0.000  0  0 14.416    73
52     52 0 0 0 1.105 11.103  5.920  0.403 0.166 0.000 0.000 0.000 0.000 0.000 0.000  0  0 18.698   110
53     53 0 0 0 0.927 13.020  8.627  0.672 0.246 0.000 0.000 0.000 0.000 0.000 0.000  0  0 23.492   148
54     54 0 0 0 0.735 14.438 11.994  1.076 0.355 0.000 0.000 0.000 0.000 0.000 0.000  0  0 28.598   201
55     55 0 0 0 0.550 15.139 15.911  1.659 0.499 0.000 0.000 0.000 0.000 0.000 0.000  0  0 33.758   224
56     56 0 0 0 0.389 15.011 20.137  2.460 0.684 0.000 0.000 0.000 0.000 0.000 0.000  0  0 38.681   200
57     57 0 0 0 0.259 14.074 24.318  3.507 0.914 0.000 0.000 0.000 0.000 0.000 0.000  0  0 43.073   259
58     58 0 0 0 0.164 12.478 28.018  4.809 1.191 0.000 0.000 0.000 0.000 0.000 0.000  0  0 46.660   239
59     59 0 0 0 0.097 10.461 30.801  6.341 1.511 0.001 0.000 0.000 0.000 0.000 0.000  0  0 49.213   235
60     60 0 0 0 0.055  8.293 32.307  8.043 1.870 0.002 0.000 0.000 0.000 0.000 0.000  0  0 50.569   281
61     61 0 0 0 0.029  6.217 32.331  9.811 2.255 0.003 0.000 0.000 0.000 0.000 0.000  0  0 50.646   268
62     62 0 0 0 0.015  4.407 30.870 11.511 2.651 0.006 0.000 0.000 0.000 0.000 0.000  0  0 49.459   263
63     63 0 0 0 0.007  2.954 28.124 12.987 3.037 0.010 0.000 0.000 0.000 0.000 0.000  0  0 47.119   261
64     64 0 0 0 0.003  1.872 24.446 14.094 3.392 0.016 0.000 0.000 0.000 0.000 0.000  0  0 43.823   226
65     65 0 0 0 0.001  1.122 20.274 14.709 3.693 0.026 0.000 0.000 0.000 0.000 0.000  0  0 39.825   244
66     66 0 0 0 0.001  0.636 16.042 14.764 3.918 0.042 0.000 0.000 0.000 0.000 0.000  0  0 35.402   182
67     67 0 0 0 0.000  0.341 12.112 14.252 4.052 0.064 0.000 0.000 0.000 0.000 0.000  0  0 30.821   165
68     68 0 0 0 0.000  0.173  8.724 13.232 4.084 0.094 0.000 0.000 0.000 0.000 0.000  0  0 26.309   167
69     69 0 0 0 0.000  0.083  5.996 11.815 4.013 0.135 0.000 0.000 0.000 0.000 0.000  0  0 22.044   151
70     70 0 0 0 0.000  0.037  3.932 10.147 3.843 0.188 0.000 0.001 0.001 0.001 0.000  0  0 18.149   171
71     71 0 0 0 0.000  0.016  2.460  8.380 3.588 0.254 0.000 0.002 0.001 0.001 0.000  0  0 14.701   108
72     72 0 0 0 0.000  0.007  1.469  6.657 3.264 0.331 0.000 0.003 0.001 0.001 0.000  0  0 11.733   116
73     73 0 0 0 0.000  0.002  0.836  5.086 2.895 0.419 0.000 0.004 0.002 0.002 0.000  0  0  9.247    99
74     74 0 0 0 0.000  0.001  0.455  3.737 2.503 0.515 0.000 0.007 0.003 0.003 0.000  0  0  7.223    67
75     75 0 0 0 0.000  0.000  0.236  2.640 2.109 0.613 0.000 0.011 0.005 0.004 0.000  0  0  5.618    48
76     76 0 0 0 0.000  0.000  0.117  1.794 1.732 0.707 0.001 0.017 0.008 0.005 0.000  0  0  4.380    50
77     77 0 0 0 0.000  0.000  0.055  1.173 1.386 0.790 0.002 0.026 0.011 0.007 0.000  0  0  3.451    39
78     78 0 0 0 0.000  0.000  0.025  0.737 1.082 0.856 0.006 0.039 0.016 0.009 0.000  0  0  2.770    39
79     79 0 0 0 0.000  0.000  0.011  0.446 0.823 0.899 0.016 0.055 0.023 0.012 0.000  0  0  2.284    20
80     80 0 0 0 0.000  0.000  0.004  0.259 0.610 0.916 0.038 0.077 0.032 0.015 0.000  0  0  1.951    36
81     81 0 0 0 0.000  0.000  0.002  0.145 0.441 0.904 0.082 0.104 0.043 0.019 0.000  0  0  1.740    19
82     82 0 0 0 0.000  0.000  0.001  0.078 0.310 0.864 0.157 0.138 0.056 0.024 0.000  0  0  1.630    37
83     83 0 0 0 0.000  0.000  0.000  0.040 0.213 0.802 0.267 0.178 0.073 0.030 0.000  0  0  1.603    25
84     84 0 0 0 0.000  0.000  0.000  0.020 0.143 0.720 0.403 0.222 0.093 0.037 0.000  0  0  1.639    26
85     85 0 0 0 0.000  0.000  0.000  0.010 0.093 0.628 0.541 0.271 0.116 0.045 0.000  0  0  1.703    33
86     86 0 0 0 0.000  0.000  0.000  0.004 0.059 0.530 0.645 0.322 0.141 0.054 0.000  0  0  1.756    23
87     87 0 0 0 0.000  0.000  0.000  0.002 0.037 0.434 0.684 0.373 0.169 0.063 0.000  0  0  1.762    24
88     88 0 0 0 0.000  0.000  0.000  0.001 0.022 0.344 0.645 0.420 0.198 0.073 0.001  0  0  1.705    15
89     89 0 0 0 0.000  0.000  0.000  0.000 0.013 0.265 0.541 0.461 0.227 0.084 0.003  0  0  1.593    22
90     90 0 0 0 0.000  0.000  0.000  0.000 0.007 0.197 0.403 0.493 0.255 0.094 0.006  0  0  1.456    31
91     91 0 0 0 0.000  0.000  0.000  0.000 0.004 0.143 0.267 0.513 0.281 0.104 0.013  0  0  1.325    18
92     92 0 0 0 0.000  0.000  0.000  0.000 0.002 0.100 0.157 0.520 0.304 0.114 0.024  0  0  1.221    23
93     93 0 0 0 0.000  0.000  0.000  0.000 0.001 0.068 0.082 0.513 0.322 0.123 0.042  0  0  1.151    18
94     94 0 0 0 0.000  0.000  0.000  0.000 0.001 0.045 0.038 0.493 0.334 0.130 0.067  0  0  1.108    13
95     95 0 0 0 0.000  0.000  0.000  0.000 0.000 0.028 0.016 0.461 0.340 0.137 0.100  0  0  1.083    13
96     96 0 0 0 0.000  0.000  0.000  0.000 0.000 0.018 0.006 0.420 0.339 0.141 0.138  0  0  1.062    13
97     97 0 0 0 0.000  0.000  0.000  0.000 0.000 0.011 0.002 0.373 0.331 0.143 0.176  0  0  1.036    10
98     98 0 0 0 0.000  0.000  0.000  0.000 0.000 0.006 0.001 0.322 0.317 0.144 0.206  0  0  0.996     6
99     99 0 0 0 0.000  0.000  0.000  0.000 0.000 0.003 0.000 0.271 0.297 0.142 0.223  0  0  0.937     7
100   100 0 0 0 0.000  0.000  0.000  0.000 0.000 0.002 0.000 0.222 0.273 0.138 0.223  0  0  0.859     7
101   101 0 0 0 0.000  0.000  0.000  0.000 0.000 0.001 0.000 0.178 0.246 0.133 0.206  0  0  0.764     3
102   102 0 0 0 0.000  0.000  0.000  0.000 0.000 0.001 0.000 0.138 0.217 0.126 0.176  0  0  0.657     2
103   103 0 0 0 0.000  0.000  0.000  0.000 0.000 0.000 0.000 0.104 0.188 0.117 0.138  0  0  0.548     3
104   104 0 0 0 0.000  0.000  0.000  0.000 0.000 0.000 0.000 0.077 0.159 0.108 0.100  0  0  0.444     2
105   105 0 0 0 0.000  0.000  0.000  0.000 0.000 0.000 0.000 0.055 0.132 0.098 0.067  0  0  0.353     3
106   106 0 0 0 0.000  0.000  0.000  0.000 0.000 0.000 0.000 0.039 0.108 0.087 0.042  0  0  0.275     2
107   107 0 0 0 0.000  0.000  0.000  0.000 0.000 0.000 0.000 0.026 0.086 0.077 0.024  0  0  0.213     1
108   108 0 0 0 0.000  0.000  0.000  0.000 0.000 0.000 0.000 0.017 0.067 0.067 0.013  0  0  0.164     1
109   109 0 0 0 0.000  0.000  0.000  0.000 0.000 0.000 0.000 0.011 0.052 0.057 0.006  0  0  0.126     2
110   110 0 0 0 0.000  0.000  0.000  0.000 0.000 0.000 0.000 0.007 0.039 0.048 0.003  0  0  0.097     0
111   111 0 0 0 0.000  0.000  0.000  0.000 0.000 0.000 0.000 0.004 0.028 0.040 0.001  0  0  0.074     0
112   112 0 0 0 0.000  0.000  0.000  0.000 0.000 0.000 0.000 0.003 0.021 0.033 0.000  0  0  0.056     1
113   113 0 0 0 0.000  0.000  0.000  0.000 0.000 0.000 0.000 0.002 0.015 0.026 0.000  0  0  0.043     0
114   114 0 0 0 0.000  0.000  0.000  0.000 0.000 0.000 0.000 0.001 0.010 0.021 0.000  0  0  0.032     0
115   115 0 0 0 0.000  0.000  0.000  0.000 0.000 0.000 0.000 0.000 0.007 0.016 0.000  0  0  0.024     0
116   116 0 0 0 0.000  0.000  0.000  0.000 0.000 0.000 0.000 0.000 0.005 0.013 0.000  0  0  0.018     0
117   117 0 0 0 0.000  0.000  0.000  0.000 0.000 0.000 0.000 0.000 0.003 0.010 0.000  0  0  0.013     0
118   118 0 0 0 0.000  0.000  0.000  0.000 0.000 0.000 0.000 0.000 0.002 0.007 0.000  0  0  0.009     0
119   119 0 0 0 0.000  0.000  0.000  0.000 0.000 0.000 0.000 0.000 0.001 0.005 0.000  0  0  0.007     0
120   120 0 0 0 0.000  0.000  0.000  0.000 0.000 0.000 0.000 0.000 0.001 0.004 0.000  0  0  0.005     0
121   121 0 0 0 0.000  0.000  0.000  0.000 0.000 0.000 0.000 0.000 0.000 0.003 0.000  0  0  0.003     0
122   122 0 0 0 0.000  0.000  0.000  0.000 0.000 0.000 0.000 0.000 0.000 0.002 0.000  0  0  0.002     0
123   123 0 0 0 0.000  0.000  0.000  0.000 0.000 0.000 0.000 0.000 0.000 0.001 0.000  0  0  0.002     0
124   124 0 0 0 0.000  0.000  0.000  0.000 0.000 0.000 0.000 0.000 0.000 0.001 0.000  0  0  0.001     0
125   125 0 0 0 0.000  0.000  0.000  0.000 0.000 0.000 0.000 0.000 0.000 0.001 0.000  0  0  0.001     0
126   126 0 0 0 0.000  0.000  0.000  0.000 0.000 0.000 0.000 0.000 0.000 0.000 0.000  0  0  0.000     0
127   127 0 0 0 0.000  0.000  0.000  0.000 0.000 0.000 0.000 0.000 0.000 0.000 0.000  0  0  0.000     0
128   128 0 0 0 0.000  0.000  0.000  0.000 0.000 0.000 0.000 0.000 0.000 0.000 0.000  0  0  0.000     0
129   129 0 0 0 0.000  0.000  0.000  0.000 0.000 0.000 0.000 0.000 0.000 0.000 0.000  0  0  0.000     0
130   130 0 0 0 0.000  0.000  0.000  0.000 0.000 0.000 0.000 0.000 0.000 0.000 0.000  0  0  0.000     0
131   131 0 0 0 0.000  0.000  0.000  0.000 0.000 0.000 0.000 0.000 0.000 0.000 0.000  0  0  0.000     0
132   132 0 0 0 0.000  0.000  0.000  0.000 0.000 0.000 0.000 0.000 0.000 0.000 0.000  0  0  0.000     0
133   133 0 0 0 0.000  0.000  0.000  0.000 0.000 0.000 0.000 0.000 0.000 0.000 0.000  0  0  0.000     0
134   134 0 0 0 0.000  0.000  0.000  0.000 0.000 0.000 0.000 0.000 0.000 0.000 0.000  0  0  0.000     0
135   135 0 0 0 0.000  0.000  0.000  0.000 0.000 0.000 0.000 0.000 0.000 0.000 0.000  0  0  0.000     0
136   136 0 0 0 0.000  0.000  0.000  0.000 0.000 0.000 0.000 0.000 0.000 0.000 0.000  0  0  0.000     0
137   137 0 0 0 0.000  0.000  0.000  0.000 0.000 0.000 0.000 0.000 0.000 0.000 0.000  0  0  0.000     0
138   138 0 0 0 0.000  0.000  0.000  0.000 0.000 0.000 0.000 0.000 0.000 0.000 0.000  0  0  0.000     0
139   139 0 0 0 0.000  0.000  0.000  0.000 0.000 0.000 0.000 0.000 0.000 0.000 0.000  0  0  0.000     0
140   140 0 0 0 0.000  0.000  0.000  0.000 0.000 0.000 0.000 0.000 0.000 0.000 0.000  0  0  0.000     0
141   141 0 0 0 0.000  0.000  0.000  0.000 0.000 0.000 0.000 0.000 0.000 0.000 0.000  0  0  0.000     0
142   142 0 0 0 0.000  0.000  0.000  0.000 0.000 0.000 0.000 0.000 0.000 0.000 0.000  0  0  0.000     0
143   143 0 0 0 0.000  0.000  0.000  0.000 0.000 0.000 0.000 0.000 0.000 0.000 0.000  0  0  0.000     0
144   144 0 0 0 0.000  0.000  0.000  0.000 0.000 0.000 0.000 0.000 0.000 0.000 0.000  0  0  0.000     0
145   145 0 0 0 0.000  0.000  0.000  0.000 0.000 0.000 0.000 0.000 0.000 0.000 0.000  0  0  0.000     0
146   146 0 0 0 0.000  0.000  0.000  0.000 0.000 0.000 0.000 0.000 0.000 0.000 0.000  0  0  0.000     0
147   147 0 0 0 0.000  0.000  0.000  0.000 0.000 0.000 0.000 0.000 0.000 0.000 0.000  0  0  0.000     0
148   148 0 0 0 0.000  0.000  0.000  0.000 0.000 0.000 0.000 0.000 0.000 0.000 0.000  0  0  0.000     0
149   149 0 0 0 0.000  0.000  0.000  0.000 0.000 0.000 0.000 0.000 0.000 0.000 0.000  0  0  0.000     0
150   150 0 0 0 0.000  0.000  0.000  0.000 0.000 0.000 0.000 0.000 0.000 0.000 0.000  0  0  0.000     0


 .... [TRUNCATED] 
>>>>>>>>>>>>>> 	 ALD-lykil 	 <<<<<<<<<<<<
 .... [TRUNCATED] 
$ALD
              0        1        2        3        4        5        6        7        8        9       10       11       12       13       14       15
1         0.000    0.000    0.000    0.000    0.000    0.000    0.000    0.000    0.000    0.000    0.000    0.000    0.000    0.000    0.000    0.000
2         0.000    0.000    0.000    0.000    0.000    0.000    0.000    0.000    0.000    0.000    0.000    0.000    0.000    0.000    0.000    0.000
3         0.000    0.000    0.000    0.000    0.000    0.000    0.000    0.000    0.000    0.000    0.000    0.000    0.000    0.000    0.000    0.000
4         0.000    0.000    0.000    0.000    0.000    0.000    0.000    0.000    0.000    0.000    0.000    0.000    0.000    0.000    0.000    0.000
5         0.000    0.000    0.000    0.000    0.000    0.000    0.000    0.000    0.000    0.000    0.000    0.000    0.000    0.000    0.000    0.000
6         0.000    0.000    0.000    0.000    0.000    0.000    0.000    0.000    0.000    0.000    0.000    0.000    0.000    0.000    0.000    0.000
7         0.000    0.000    0.000    0.000    0.000    0.000    0.000    0.000    0.000    0.000    0.000    0.000    0.000    0.000    0.000    0.000
8         0.000    0.000    0.000    0.000    0.000    0.000    0.000    0.000    0.000    0.000    0.000    0.000    0.000    0.000    0.000    0.000
9         0.000    0.000    0.000    0.000    0.000    0.000    0.000    0.000    0.000    0.000    0.000    0.000    0.000    0.000    0.000    0.000
10        0.000    0.000    0.000    0.000    0.000    0.000    0.000    0.000    0.000    0.000    0.000    0.000    0.000    0.000    0.000    0.000
11        0.000    0.000    0.000    0.000    0.000    0.000    0.000    0.000    0.000    0.000    0.000    0.000    0.000    0.000    0.000    0.000
12        0.000    0.000    0.000    0.000    0.000    0.000    0.000    0.000    0.000    0.000    0.000    0.000    0.000    0.000    0.000    0.000
13        0.000    0.000    0.000    0.000    0.000    0.000    0.000    0.000    0.000    0.000    0.000    0.000    0.000    0.000    0.000    0.000
14        0.000    0.000    0.000    0.000    0.000    0.000    0.000    0.000    0.000    0.000    0.000    0.000    0.000    0.000    0.000    0.000
15        0.000    0.000    0.000    0.000    0.000    0.000    0.000    0.000    0.000    0.000    0.000    0.000    0.000    0.000    0.000    0.000
16        0.000    0.000    0.000    0.000    0.000    0.000    0.000    0.000    0.000    0.000    0.000    0.000    0.000    0.000    0.000    0.000
17        0.000    0.000    0.000    0.000    0.000    0.000    0.000    0.000    0.000    0.000    0.000    0.000    0.000    0.000    0.000    0.000
18        0.000    0.000    0.000    0.000    0.000    0.000    0.000    0.000    0.000    0.000    0.000    0.000    0.000    0.000    0.000    0.000
19        0.000    0.000    0.000    0.000    0.000    0.000    0.000    0.000    0.000    0.000    0.000    0.000    0.000    0.000    0.000    0.000
20        0.000    0.000    0.000    0.000    0.000    0.000    0.000    0.000    0.000    0.000    0.000    0.000    0.000    0.000    0.000    0.000
21        0.000    0.000    0.000    0.000    0.000    0.000    0.000    0.000    0.000    0.000    0.000    0.000    0.000    0.000    0.000    0.000
22        0.000    0.000    0.000    0.000    0.000    0.000    0.000    0.000    0.000    0.000    0.000    0.000    0.000    0.000    0.000    0.000
23        0.000    0.000    0.000    0.000    0.000    0.000    0.000    0.000    0.000    0.000    0.000    0.000    0.000    0.000    0.000    0.000
24        0.000    0.000    0.000    0.000    0.000    0.000    0.000    0.000    0.000    0.000    0.000    0.000    0.000    0.000    0.000    0.000
25        0.000    0.000    0.000    0.000    0.000    0.000    0.000    0.000    0.000    0.000    0.000    0.000    0.000    0.000    0.000    0.000
26        0.000    0.000    0.000    0.000    0.000    0.000    0.000    0.000    0.000    0.000    0.000    0.000    0.000    0.000    0.000    0.000
27        0.000    0.000    0.000    0.000    0.000    0.000    0.000    0.000    0.000    0.000    0.000    0.000    0.000    0.000    0.000    0.000
28        0.000    0.000    0.000    0.000    0.000    0.000    0.000    0.000    0.000    0.000    0.000    0.000    0.000    0.000    0.000    0.000
29        0.000    0.000    0.000    0.000    0.000    0.000    0.000    0.000    0.000    0.000    0.000    0.000    0.000    0.000    0.000    0.000
30        0.000    0.000    0.000    0.000    0.000    0.000    0.000    0.000    0.000    0.000    0.000    0.000    0.000    0.000    0.000    0.000
31        0.000    0.000    0.000    0.000    0.000    0.000    0.000    0.000    0.000    0.000    0.000    0.000    0.000    0.000    0.000    0.000
32        0.000    0.000    0.000    0.000    0.000    0.000    0.000    0.000    0.000    0.000    0.000    0.000    0.000    0.000    0.000    0.000
33        0.000    0.000    0.000    0.000    0.000    0.000    0.000    0.000    0.000    0.000    0.000    0.000    0.000    0.000    0.000    0.000
34        0.000    0.000    0.000    0.000    0.000    0.000    0.000    0.000    0.000    0.000    0.000    0.000    0.000    0.000    0.000    0.000
35        0.000    0.000    0.000    0.000    0.000    0.000    0.000    0.000    0.000    0.000    0.000    0.000    0.000    0.000    0.000    0.000
36        0.000    0.000    0.000    0.000    0.000    0.000    0.000    0.000    0.000    0.000    0.000    0.000    0.000    0.000    0.000    0.000
37        0.000    0.000    0.000    0.000    0.000    0.000    0.000    0.000    0.000    0.000    0.000    0.000    0.000    0.000    0.000    0.000
38        0.000    0.000    0.000    0.000    0.000    0.000    0.000    0.000    0.000    0.000    0.000    0.000    0.000    0.000    0.000    0.000
39        0.000    0.000    0.000    0.000    0.000    0.000    0.000    0.000    0.000    0.000    0.000    0.000    0.000    0.000    0.000    0.000
40        0.000    0.000    0.000    0.000    9.000    0.000    0.000    0.000    0.000    0.000    0.000    0.000    0.000    0.000    0.000    0.000
41        0.000    0.000    0.000    0.000    0.000    0.000    0.000    0.000    0.000    0.000    0.000    0.000    0.000    0.000    0.000    0.000
42        0.000    0.000    0.000   25.000    0.000    0.000    0.000    0.000    0.000    0.000    0.000    0.000    0.000    0.000    0.000    0.000
43        0.000    0.000    0.000    0.000    0.000    0.000    0.000    0.000    0.000    0.000    0.000    0.000    0.000    0.000    0.000    0.000
44        0.000    0.000    0.000   25.500   25.500    0.000    0.000    0.000    0.000    0.000    0.000    0.000    0.000    0.000    0.000    0.000
45        0.000    0.000    0.000    0.000    0.000    0.000    0.000    0.000    0.000    0.000    0.000    0.000    0.000    0.000    0.000    0.000
46        0.000    0.000    0.000    0.000   45.000    0.000    0.000    0.000    0.000    0.000    0.000    0.000    0.000    0.000    0.000    0.000
47        0.000    0.000    0.000   22.400   33.600    0.000    0.000    0.000    0.000    0.000    0.000    0.000    0.000    0.000    0.000    0.000
48        0.000    0.000    0.000   22.500   22.500   15.000    0.000    0.000    0.000    0.000    0.000    0.000    0.000    0.000    0.000    0.000
49        0.000    0.000    0.000    9.800   19.600   19.600    0.000    0.000    0.000    0.000    0.000    0.000    0.000    0.000    0.000    0.000
50        0.000    0.000    0.000    8.857   35.429   17.714    0.000    0.000    0.000    0.000    0.000    0.000    0.000    0.000    0.000    0.000
51        0.000    0.000    0.000    0.000   54.750   18.250    0.000    0.000    0.000    0.000    0.000    0.000    0.000    0.000    0.000    0.000
52        0.000    0.000    0.000   16.500   55.000   27.500    5.500    5.500    0.000    0.000    0.000    0.000    0.000    0.000    0.000    0.000
53        0.000    0.000    0.000    0.000   81.655   61.241    5.103    0.000    0.000    0.000    0.000    0.000    0.000    0.000    0.000    0.000
54        0.000    0.000    0.000    0.000  129.214   64.607    7.179    0.000    0.000    0.000    0.000    0.000    0.000    0.000    0.000    0.000
55        0.000    0.000    0.000    5.744  103.385   91.897   17.231    5.744    0.000    0.000    0.000    0.000    0.000    0.000    0.000    0.000
56        0.000    0.000    0.000    0.000   84.848  115.152    0.000    0.000    0.000    0.000    0.000    0.000    0.000    0.000    0.000    0.000
57        0.000    0.000    0.000    0.000   90.650  148.925   12.950    6.475    0.000    0.000    0.000    0.000    0.000    0.000    0.000    0.000
58        0.000    0.000    0.000    4.878   68.286  126.816   29.265    9.755    0.000    0.000    0.000    0.000    0.000    0.000    0.000    0.000
59        0.000    0.000    0.000    0.000   57.642  146.321   26.604    4.434    0.000    0.000    0.000    0.000    0.000    0.000    0.000    0.000
60        0.000    0.000    0.000    0.000   38.759  188.948   38.759   14.534    0.000    0.000    0.000    0.000    0.000    0.000    0.000    0.000
61        0.000    0.000    0.000    0.000   10.113  197.208   50.566   10.113    0.000    0.000    0.000    0.000    0.000    0.000    0.000    0.000
62        0.000    0.000    0.000    0.000    5.977  161.386   89.659    5.977    0.000    0.000    0.000    0.000    0.000    0.000    0.000    0.000
63        0.000    0.000    0.000    0.000   10.653  143.816   85.224   21.306    0.000    0.000    0.000    0.000    0.000    0.000    0.000    0.000
64        0.000    0.000    0.000    0.000   13.294  146.235   59.824    6.647    0.000    0.000    0.000    0.000    0.000    0.000    0.000    0.000
65        0.000    0.000    0.000    0.000   12.513  131.385   75.077   25.026    0.000    0.000    0.000    0.000    0.000    0.000    0.000    0.000
66        0.000    0.000    0.000    0.000   11.742   58.710   93.935   17.613    0.000    0.000    0.000    0.000    0.000    0.000    0.000    0.000
67        0.000    0.000    0.000    0.000    0.000   52.500   82.500   30.000    0.000    0.000    0.000    0.000    0.000    0.000    0.000    0.000
68        0.000    0.000    0.000    0.000    6.423   64.231   64.231   32.115    0.000    0.000    0.000    0.000    0.000    0.000    0.000    0.000
69        0.000    0.000    0.000    0.000    0.000   47.457   86.286   17.257    0.000    0.000    0.000    0.000    0.000    0.000    0.000    0.000
70        0.000    0.000    0.000    0.000    0.000   41.276   94.345   35.379    0.000    0.000    0.000    0.000    0.000    0.000    0.000    0.000
71        0.000    0.000    0.000    0.000    0.000    9.000   63.000   27.000    9.000    0.000    0.000    0.000    0.000    0.000    0.000    0.000
72        0.000    0.000    0.000    0.000    0.000    6.824   40.941   54.588   13.647    0.000    0.000    0.000    0.000    0.000    0.000    0.000
73        0.000    0.000    0.000    0.000    0.000   11.000   66.000   22.000    0.000    0.000    0.000    0.000    0.000    0.000    0.000    0.000
74        0.000    0.000    0.000    0.000    0.000   16.750   16.750   33.500    0.000    0.000    0.000    0.000    0.000    0.000    0.000    0.000
75        0.000    0.000    0.000    0.000    0.000    0.000   24.000   24.000    0.000    0.000    0.000    0.000    0.000    0.000    0.000    0.000
76        0.000    0.000    0.000    0.000    0.000    0.000    0.000    0.000   50.000    0.000    0.000    0.000    0.000    0.000    0.000    0.000
77        0.000    0.000    0.000    0.000    0.000    0.000   26.000   13.000    0.000    0.000    0.000    0.000    0.000    0.000    0.000    0.000
78        0.000    0.000    0.000    0.000    0.000    0.000   13.000   13.000   13.000    0.000    0.000    0.000    0.000    0.000    0.000    0.000
79        0.000    0.000    0.000    0.000    0.000    0.000    0.000   20.000    0.000    0.000    0.000    0.000    0.000    0.000    0.000    0.000
80        0.000    0.000    0.000    0.000    0.000    0.000    0.000    0.000    0.000    0.000   36.000    0.000    0.000    0.000    0.000    0.000
81        0.000    0.000    0.000    0.000    0.000    0.000    0.000    0.000   19.000    0.000    0.000    0.000    0.000    0.000    0.000    0.000
82        0.000    0.000    0.000    0.000    0.000    0.000    0.000   12.333   24.667    0.000    0.000    0.000    0.000    0.000    0.000    0.000
83        0.000    0.000    0.000    0.000    0.000    0.000    0.000    0.000    0.000   25.000    0.000    0.000    0.000    0.000    0.000    0.000
84        0.000    0.000    0.000    0.000    0.000    0.000    0.000    0.000    0.000    0.000    0.000    0.000    0.000    0.000    0.000    0.000
85        0.000    0.000    0.000    0.000    0.000    0.000    0.000    6.600   19.800    6.600    0.000    0.000    0.000    0.000    0.000    0.000
86        0.000    0.000    0.000    0.000    0.000    0.000    0.000    0.000   23.000    0.000    0.000    0.000    0.000    0.000    0.000    0.000
87        0.000    0.000    0.000    0.000    0.000    0.000   24.000    0.000    0.000    0.000    0.000    0.000    0.000    0.000    0.000    0.000
88        0.000    0.000    0.000    0.000    0.000    0.000    0.000    0.000    0.000   15.000    0.000    0.000    0.000    0.000    0.000    0.000
89        0.000    0.000    0.000    0.000    0.000    0.000    0.000    0.000    0.000    7.333   14.667    0.000    0.000    0.000    0.000    0.000
90        0.000    0.000    0.000    0.000    0.000    0.000    0.000    0.000    0.000   15.500    0.000   15.500    0.000    0.000    0.000    0.000
91        0.000    0.000    0.000    0.000    0.000    0.000    0.000    0.000    0.000    0.000    0.000    9.000    9.000    0.000    0.000    0.000
92        0.000    0.000    0.000    0.000    0.000    0.000    0.000    0.000    0.000    0.000   11.500   11.500    0.000    0.000    0.000    0.000
93        0.000    0.000    0.000    0.000    0.000    0.000    0.000    0.000    0.000    0.000   18.000    0.000    0.000    0.000    0.000    0.000
94        0.000    0.000    0.000    0.000    0.000    0.000    0.000    0.000    0.000    0.000    0.000   13.000    0.000    0.000    0.000    0.000
95        0.000    0.000    0.000    0.000    0.000    0.000    0.000    0.000    0.000    0.000    0.000    0.000   13.000    0.000    0.000    0.000
96        0.000    0.000    0.000    0.000    0.000    0.000    0.000    0.000    0.000    0.000    6.500    6.500    0.000    0.000    0.000    0.000
97        0.000    0.000    0.000    0.000    0.000    0.000    0.000    0.000    0.000    0.000    0.000    0.000    0.000   10.000    0.000    0.000
98        0.000    0.000    0.000    0.000    0.000    0.000    0.000    0.000    0.000    0.000    6.000    0.000    0.000    0.000    0.000    0.000
99        0.000    0.000    0.000    0.000    0.000    0.000    0.000    0.000    0.000    0.000    7.000    0.000    0.000    0.000    0.000    0.000
100       0.000    0.000    0.000    0.000    0.000    0.000    0.000    0.000    0.000    0.000    0.000    0.000    0.000    0.000    0.000    0.000
101       0.000    0.000    0.000    0.000    0.000    0.000    0.000    0.000    0.000    0.000    0.000    0.000    0.000    0.000    0.000    0.000
102       0.000    0.000    0.000    0.000    0.000    0.000    0.000    0.000    0.000    0.000    0.000    0.000    0.000    2.000    0.000    0.000
103       0.000    0.000    0.000    0.000    0.000    0.000    0.000    0.000    0.000    0.000    0.000    0.000    0.000    0.000    0.000    0.000
104       0.000    0.000    0.000    0.000    0.000    0.000    0.000    0.000    0.000    0.000    0.000    0.000    0.000    0.000    0.000    0.000
105       0.000    0.000    0.000    0.000    0.000    0.000    0.000    0.000    0.000    0.000    0.000    0.000    0.000    0.000    0.000    0.000
106       0.000    0.000    0.000    0.000    0.000    0.000    0.000    0.000    0.000    0.000    0.000    0.000    0.000    0.000    0.000    0.000
107       0.000    0.000    0.000    0.000    0.000    0.000    0.000    0.000    0.000    0.000    0.000    0.000    1.000    0.000    0.000    0.000
108       0.000    0.000    0.000    0.000    0.000    0.000    0.000    0.000    0.000    0.000    0.000    0.000    0.000    0.000    0.000    0.000
109       0.000    0.000    0.000    0.000    0.000    0.000    0.000    0.000    0.000    0.000    0.000    2.000    0.000    0.000    0.000    0.000
110       0.000    0.000    0.000    0.000    0.000    0.000    0.000    0.000    0.000    0.000    0.000    0.000    0.000    0.000    0.000    0.000
111       0.000    0.000    0.000    0.000    0.000    0.000    0.000    0.000    0.000    0.000    0.000    0.000    0.000    0.000    0.000    0.000
112       0.000    0.000    0.000    0.000    0.000    0.000    0.000    0.000    0.000    0.000    0.000    0.000    0.000    0.000    0.000    0.000
113       0.000    0.000    0.000    0.000    0.000    0.000    0.000    0.000    0.000    0.000    0.000    0.000    0.000    0.000    0.000    0.000
114       0.000    0.000    0.000    0.000    0.000    0.000    0.000    0.000    0.000    0.000    0.000    0.000    0.000    0.000    0.000    0.000
115       0.000    0.000    0.000    0.000    0.000    0.000    0.000    0.000    0.000    0.000    0.000    0.000    0.000    0.000    0.000    0.000
116       0.000    0.000    0.000    0.000    0.000    0.000    0.000    0.000    0.000    0.000    0.000    0.000    0.000    0.000    0.000    0.000
117       0.000    0.000    0.000    0.000    0.000    0.000    0.000    0.000    0.000    0.000    0.000    0.000    0.000    0.000    0.000    0.000
118       0.000    0.000    0.000    0.000    0.000    0.000    0.000    0.000    0.000    0.000    0.000    0.000    0.000    0.000    0.000    0.000
119       0.000    0.000    0.000    0.000    0.000    0.000    0.000    0.000    0.000    0.000    0.000    0.000    0.000    0.000    0.000    0.000
120       0.000    0.000    0.000    0.000    0.000    0.000    0.000    0.000    0.000    0.000    0.000    0.000    0.000    0.000    0.000    0.000
121       0.000    0.000    0.000    0.000    0.000    0.000    0.000    0.000    0.000    0.000    0.000    0.000    0.000    0.000    0.000    0.000
122       0.000    0.000    0.000    0.000    0.000    0.000    0.000    0.000    0.000    0.000    0.000    0.000    0.000    0.000    0.000    0.000
123       0.000    0.000    0.000    0.000    0.000    0.000    0.000    0.000    0.000    0.000    0.000    0.000    0.000    0.000    0.000    0.000
124       0.000    0.000    0.000    0.000    0.000    0.000    0.000    0.000    0.000    0.000    0.000    0.000    0.000    0.000    0.000    0.000
125       0.000    0.000    0.000    0.000    0.000    0.000    0.000    0.000    0.000    0.000    0.000    0.000    0.000    0.000    0.000    0.000
126       0.000    0.000    0.000    0.000    0.000    0.000    0.000    0.000    0.000    0.000    0.000    0.000    0.000    0.000    0.000    0.000
127       0.000    0.000    0.000    0.000    0.000    0.000    0.000    0.000    0.000    0.000    0.000    0.000    0.000    0.000    0.000    0.000
128       0.000    0.000    0.000    0.000    0.000    0.000    0.000    0.000    0.000    0.000    0.000    0.000    0.000    0.000    0.000    0.000
129       0.000    0.000    0.000    0.000    0.000    0.000    0.000    0.000    0.000    0.000    0.000    0.000    0.000    0.000    0.000    0.000
130       0.000    0.000    0.000    0.000    0.000    0.000    0.000    0.000    0.000    0.000    0.000    0.000    0.000    0.000    0.000    0.000
131       0.000    0.000    0.000    0.000    0.000    0.000    0.000    0.000    0.000    0.000    0.000    0.000    0.000    0.000    0.000    0.000
132       0.000    0.000    0.000    0.000    0.000    0.000    0.000    0.000    0.000    0.000    0.000    0.000    0.000    0.000    0.000    0.000
133       0.000    0.000    0.000    0.000    0.000    0.000    0.000    0.000    0.000    0.000    0.000    0.000    0.000    0.000    0.000    0.000
134       0.000    0.000    0.000    0.000    0.000    0.000    0.000    0.000    0.000    0.000    0.000    0.000    0.000    0.000    0.000    0.000
135       0.000    0.000    0.000    0.000    0.000    0.000    0.000    0.000    0.000    0.000    0.000    0.000    0.000    0.000    0.000    0.000
136       0.000    0.000    0.000    0.000    0.000    0.000    0.000    0.000    0.000    0.000    0.000    0.000    0.000    0.000    0.000    0.000
137       0.000    0.000    0.000    0.000    0.000    0.000    0.000    0.000    0.000    0.000    0.000    0.000    0.000    0.000    0.000    0.000
138       0.000    0.000    0.000    0.000    0.000    0.000    0.000    0.000    0.000    0.000    0.000    0.000    0.000    0.000    0.000    0.000
139       0.000    0.000    0.000    0.000    0.000    0.000    0.000    0.000    0.000    0.000    0.000    0.000    0.000    0.000    0.000    0.000
140       0.000    0.000    0.000    0.000    0.000    0.000    0.000    0.000    0.000    0.000    0.000    0.000    0.000    0.000    0.000    0.000
141       0.000    0.000    0.000    0.000    0.000    0.000    0.000    0.000    0.000    0.000    0.000    0.000    0.000    0.000    0.000    0.000
142       0.000    0.000    0.000    0.000    0.000    0.000    0.000    0.000    0.000    0.000    0.000    0.000    0.000    0.000    0.000    0.000
143       0.000    0.000    0.000    0.000    0.000    0.000    0.000    0.000    0.000    0.000    0.000    0.000    0.000    0.000    0.000    0.000
144       0.000    0.000    0.000    0.000    0.000    0.000    0.000    0.000    0.000    0.000    0.000    0.000    0.000    0.000    0.000    0.000
145       0.000    0.000    0.000    0.000    0.000    0.000    0.000    0.000    0.000    0.000    0.000    0.000    0.000    0.000    0.000    0.000
146       0.000    0.000    0.000    0.000    0.000    0.000    0.000    0.000    0.000    0.000    0.000    0.000    0.000    0.000    0.000    0.000
147       0.000    0.000    0.000    0.000    0.000    0.000    0.000    0.000    0.000    0.000    0.000    0.000    0.000    0.000    0.000    0.000
148       0.000    0.000    0.000    0.000    0.000    0.000    0.000    0.000    0.000    0.000    0.000    0.000    0.000    0.000    0.000    0.000
149       0.000    0.000    0.000    0.000    0.000    0.000    0.000    0.000    0.000    0.000    0.000    0.000    0.000    0.000    0.000    0.000
150       0.000    0.000    0.000    0.000    0.000    0.000    0.000    0.000    0.000    0.000    0.000    0.000    0.000    0.000    0.000    0.000
Sum       0.000    0.000    0.000  141.178 1025.532 2129.749 1197.929  473.898  172.114   69.433   99.667   57.500   23.000   12.000    0.000    0.000
mW        0.000    0.000    0.000    0.896    1.328    1.807    2.388    2.690    3.863    4.902    5.309    6.002    6.213    6.954    0.000    0.000
mL        0.000    0.000    0.000   47.206   54.313   60.603   66.792   69.677   79.347   86.441   88.459   92.804   93.957   97.833    0.000    0.000
pA        0.000    0.000    0.000    0.026    0.190    0.394    0.222    0.088    0.032    0.013    0.018    0.011    0.004    0.002    0.000    0.000
tot.mW 2143.187 2143.187 2143.187 2143.187 2143.187 2143.187 2143.187 2143.187 2143.187 2143.187 2143.187 2143.187 2143.187 2143.187 2143.187 2143.187
tot.mL   63.234   63.234   63.234   63.234   63.234   63.234   63.234   63.234   63.234   63.234   63.234   63.234   63.234   63.234   63.234   63.234
          Matad      Sum
1         0.000    0.000
2         0.000    0.000
3         0.000    0.000
4         0.000    0.000
5         0.000    0.000
6         0.000    0.000
7         0.000    0.000
8         0.000    0.000
9         0.000    0.000
10        0.000    0.000
11        0.000    0.000
12        0.000    0.000
13        0.000    0.000
14        0.000    0.000
15        0.000    0.000
16        0.000    0.000
17        0.000    0.000
18        0.000    0.000
19        0.000    0.000
20        0.000    0.000
21        0.000    0.000
22        0.000    0.000
23        0.000    0.000
24        0.000    0.000
25        0.000    0.000
26        0.000    0.000
27        0.000    0.000
28        0.000    0.000
29        0.000    0.000
30        0.000    0.000
31        0.000    0.000
32        0.000    0.000
33        0.000    0.000
34        0.000    0.000
35        0.000    0.000
36        0.000    0.000
37        0.000    0.000
38        0.000    0.000
39        1.000    0.000
40        9.000    9.000
41       16.000    0.000
42       25.000   25.000
43       30.000    0.000
44       51.000   51.000
45       56.000    0.000
46       45.000   45.000
47       56.000   56.000
48       60.000   60.000
49       49.000   49.000
50       62.000   62.000
51       73.000   73.000
52      110.000  110.000
53      148.000  148.000
54      201.000  201.000
55      224.000  224.000
56      200.000  200.000
57      259.000  259.000
58      239.000  239.000
59      235.000  235.000
60      281.000  281.000
61      268.000  268.000
62      263.000  263.000
63      261.000  261.000
64      226.000  226.000
65      244.000  244.000
66      182.000  182.000
67      165.000  165.000
68      167.000  167.000
69      151.000  151.000
70      171.000  171.000
71      108.000  108.000
72      116.000  116.000
73       99.000   99.000
74       67.000   67.000
75       48.000   48.000
76       50.000   50.000
77       39.000   39.000
78       39.000   39.000
79       20.000   20.000
80       36.000   36.000
81       19.000   19.000
82       37.000   37.000
83       25.000   25.000
84       26.000    0.000
85       33.000   33.000
86       23.000   23.000
87       24.000   24.000
88       15.000   15.000
89       22.000   22.000
90       31.000   31.000
91       18.000   18.000
92       23.000   23.000
93       18.000   18.000
94       13.000   13.000
95       13.000   13.000
96       13.000   13.000
97       10.000   10.000
98        6.000    6.000
99        7.000    7.000
100       7.000    0.000
101       3.000    0.000
102       2.000    2.000
103       3.000    0.000
104       2.000    0.000
105       3.000    0.000
106       2.000    0.000
107       1.000    1.000
108       1.000    0.000
109       2.000    2.000
110       0.000    0.000
111       0.000    0.000
112       1.000    0.000
113       0.000    0.000
114       0.000    0.000
115       0.000    0.000
116       0.000    0.000
117       0.000    0.000
118       0.000    0.000
119       0.000    0.000
120       0.000    0.000
121       0.000    0.000
122       0.000    0.000
123       0.000    0.000
124       0.000    0.000
125       0.000    0.000
126       0.000    0.000
127       0.000    0.000
128       0.000    0.000
129       0.000    0.000
130       0.000    0.000
131       0.000    0.000
132       0.000    0.000
133       0.000    0.000
134       0.000    0.000
135       0.000    0.000
136       0.000    0.000
137       0.000    0.000
138       0.000    0.000
139       0.000    0.000
140       0.000    0.000
141       0.000    0.000
142       0.000    0.000
143       0.000    0.000
144       0.000    0.000
145       0.000    0.000
146       0.000    0.000
147       0.000    0.000
148       0.000    0.000
149       0.000    0.000
150       0.000    0.000
Sum    5553.000 5402.000
mW        0.000    0.000
mL        0.000    0.000
pA        0.000    0.000
tot.mW 2143.187 2143.187
tot.mL   63.234   63.234

$ALD.j
              0        1        2        3        4        5        6        7        8        9       10       11       12       13       14       15
1         0.000    0.000    0.000    0.000    0.000    0.000    0.000    0.000    0.000    0.000    0.000    0.000    0.000    0.000    0.000    0.000
2         0.000    0.000    0.000    0.000    0.000    0.000    0.000    0.000    0.000    0.000    0.000    0.000    0.000    0.000    0.000    0.000
3         0.000    0.000    0.000    0.000    0.000    0.000    0.000    0.000    0.000    0.000    0.000    0.000    0.000    0.000    0.000    0.000
4         0.000    0.000    0.000    0.000    0.000    0.000    0.000    0.000    0.000    0.000    0.000    0.000    0.000    0.000    0.000    0.000
5         0.000    0.000    0.000    0.000    0.000    0.000    0.000    0.000    0.000    0.000    0.000    0.000    0.000    0.000    0.000    0.000
6         0.000    0.000    0.000    0.000    0.000    0.000    0.000    0.000    0.000    0.000    0.000    0.000    0.000    0.000    0.000    0.000
7         0.000    0.000    0.000    0.000    0.000    0.000    0.000    0.000    0.000    0.000    0.000    0.000    0.000    0.000    0.000    0.000
8         0.000    0.000    0.000    0.000    0.000    0.000    0.000    0.000    0.000    0.000    0.000    0.000    0.000    0.000    0.000    0.000
9         0.000    0.000    0.000    0.000    0.000    0.000    0.000    0.000    0.000    0.000    0.000    0.000    0.000    0.000    0.000    0.000
10        0.000    0.000    0.000    0.000    0.000    0.000    0.000    0.000    0.000    0.000    0.000    0.000    0.000    0.000    0.000    0.000
11        0.000    0.000    0.000    0.000    0.000    0.000    0.000    0.000    0.000    0.000    0.000    0.000    0.000    0.000    0.000    0.000
12        0.000    0.000    0.000    0.000    0.000    0.000    0.000    0.000    0.000    0.000    0.000    0.000    0.000    0.000    0.000    0.000
13        0.000    0.000    0.000    0.000    0.000    0.000    0.000    0.000    0.000    0.000    0.000    0.000    0.000    0.000    0.000    0.000
14        0.000    0.000    0.000    0.000    0.000    0.000    0.000    0.000    0.000    0.000    0.000    0.000    0.000    0.000    0.000    0.000
15        0.000    0.000    0.000    0.000    0.000    0.000    0.000    0.000    0.000    0.000    0.000    0.000    0.000    0.000    0.000    0.000
16        0.000    0.000    0.000    0.000    0.000    0.000    0.000    0.000    0.000    0.000    0.000    0.000    0.000    0.000    0.000    0.000
17        0.000    0.000    0.000    0.000    0.000    0.000    0.000    0.000    0.000    0.000    0.000    0.000    0.000    0.000    0.000    0.000
18        0.000    0.000    0.000    0.000    0.000    0.000    0.000    0.000    0.000    0.000    0.000    0.000    0.000    0.000    0.000    0.000
19        0.000    0.000    0.000    0.000    0.000    0.000    0.000    0.000    0.000    0.000    0.000    0.000    0.000    0.000    0.000    0.000
20        0.000    0.000    0.000    0.000    0.000    0.000    0.000    0.000    0.000    0.000    0.000    0.000    0.000    0.000    0.000    0.000
21        0.000    0.000    0.000    0.000    0.000    0.000    0.000    0.000    0.000    0.000    0.000    0.000    0.000    0.000    0.000    0.000
22        0.000    0.000    0.000    0.000    0.000    0.000    0.000    0.000    0.000    0.000    0.000    0.000    0.000    0.000    0.000    0.000
23        0.000    0.000    0.000    0.000    0.000    0.000    0.000    0.000    0.000    0.000    0.000    0.000    0.000    0.000    0.000    0.000
24        0.000    0.000    0.000    0.000    0.000    0.000    0.000    0.000    0.000    0.000    0.000    0.000    0.000    0.000    0.000    0.000
25        0.000    0.000    0.000    0.000    0.000    0.000    0.000    0.000    0.000    0.000    0.000    0.000    0.000    0.000    0.000    0.000
26        0.000    0.000    0.000    0.000    0.000    0.000    0.000    0.000    0.000    0.000    0.000    0.000    0.000    0.000    0.000    0.000
27        0.000    0.000    0.000    0.000    0.000    0.000    0.000    0.000    0.000    0.000    0.000    0.000    0.000    0.000    0.000    0.000
28        0.000    0.000    0.000    0.000    0.000    0.000    0.000    0.000    0.000    0.000    0.000    0.000    0.000    0.000    0.000    0.000
29        0.000    0.000    0.000    0.000    0.000    0.000    0.000    0.000    0.000    0.000    0.000    0.000    0.000    0.000    0.000    0.000
30        0.000    0.000    0.000    0.000    0.000    0.000    0.000    0.000    0.000    0.000    0.000    0.000    0.000    0.000    0.000    0.000
31        0.000    0.000    0.000    0.000    0.000    0.000    0.000    0.000    0.000    0.000    0.000    0.000    0.000    0.000    0.000    0.000
32        0.000    0.000    0.000    0.000    0.000    0.000    0.000    0.000    0.000    0.000    0.000    0.000    0.000    0.000    0.000    0.000
33        0.000    0.000    0.000    0.000    0.000    0.000    0.000    0.000    0.000    0.000    0.000    0.000    0.000    0.000    0.000    0.000
34        0.000    0.000    0.000    0.000    0.000    0.000    0.000    0.000    0.000    0.000    0.000    0.000    0.000    0.000    0.000    0.000
35        0.000    0.000    0.000    0.000    0.000    0.000    0.000    0.000    0.000    0.000    0.000    0.000    0.000    0.000    0.000    0.000
36        0.000    0.000    0.000    0.000    0.000    0.000    0.000    0.000    0.000    0.000    0.000    0.000    0.000    0.000    0.000    0.000
37        0.000    0.000    0.000    0.000    0.000    0.000    0.000    0.000    0.000    0.000    0.000    0.000    0.000    0.000    0.000    0.000
38        0.000    0.000    0.000    0.000    0.000    0.000    0.000    0.000    0.000    0.000    0.000    0.000    0.000    0.000    0.000    0.000
39        0.000    0.000    0.000    0.864    0.125    0.009    0.000    0.001    0.000    0.000    0.000    0.000    0.000    0.000    0.000    0.000
40        0.000    0.000    0.000    7.396    1.470    0.116    0.003    0.014    0.000    0.000    0.000    0.000    0.000    0.000    0.000    0.000
41        0.000    0.000    0.000   12.299    3.367    0.297    0.008    0.029    0.000    0.000    0.000    0.000    0.000    0.000    0.000    0.000
42        0.000    0.000    0.000   17.617    6.651    0.662    0.018    0.051    0.000    0.000    0.000    0.000    0.000    0.000    0.000    0.000
43        0.000    0.000    0.000   18.920    9.862    1.114    0.032    0.071    0.000    0.000    0.000    0.000    0.000    0.000    0.000    0.000
44        0.000    0.000    0.000   27.994   20.173    2.613    0.081    0.140    0.000    0.000    0.000    0.000    0.000    0.000    0.000    0.000
45        0.000    0.000    0.000   25.942   25.875    3.876    0.129    0.177    0.000    0.000    0.000    0.000    0.000    0.000    0.000    0.000
46        0.000    0.000    0.000   17.031   23.540    4.116    0.148    0.165    0.000    0.000    0.000    0.000    0.000    0.000    0.000    0.000
47        0.000    0.000    0.000   16.755   32.133    6.616    0.259    0.237    0.000    0.000    0.000    0.000    0.000    0.000    0.000    0.000
48        0.000    0.000    0.000   13.745   36.619    8.958    0.386    0.292    0.000    0.000    0.000    0.000    0.000    0.000    0.000    0.000
49        0.000    0.000    0.000    8.337   30.894    9.060    0.433    0.276    0.000    0.000    0.000    0.000    0.000    0.000    0.000    0.000
50        0.000    0.000    0.000    7.615   39.297   13.940    0.743    0.404    0.000    0.000    0.000    0.000    0.000    0.000    0.000    0.000
51        0.000    0.000    0.000    6.301   45.337   19.629    1.178    0.554    0.000    0.000    0.000    0.000    0.000    0.000    0.000    0.000
52        0.000    0.000    0.000    6.503   65.319   34.829    2.371    0.978    0.000    0.000    0.000    0.000    0.000    0.000    0.000    0.000
53        0.000    0.000    0.000    5.843   82.028   54.349    4.231    1.550    0.000    0.000    0.000    0.000    0.000    0.000    0.000    0.000
54        0.000    0.000    0.000    5.165  101.476   84.299    7.565    2.495    0.000    0.000    0.000    0.000    0.000    0.000    0.000    0.000
55        0.000    0.000    0.000    3.649  100.456  105.573   11.009    3.313    0.000    0.000    0.000    0.000    0.000    0.000    0.000    0.000
56        0.000    0.000    0.000    2.010   77.614  104.120   12.717    3.538    0.001    0.000    0.000    0.000    0.000    0.000    0.000    0.000
57        0.000    0.000    0.000    1.560   84.629  146.225   21.087    5.498    0.001    0.000    0.000    0.000    0.000    0.000    0.000    0.000
58        0.000    0.000    0.000    0.838   63.914  143.516   24.631    6.099    0.002    0.000    0.000    0.000    0.000    0.000    0.000    0.000
59        0.000    0.000    0.000    0.465   49.952  147.080   30.281    7.217    0.004    0.000    0.000    0.000    0.000    0.000    0.000    0.000
60        0.000    0.000    0.000    0.304   46.081  179.519   44.694   10.392    0.010    0.000    0.000    0.000    0.000    0.000    0.000    0.000
61        0.000    0.000    0.000    0.154   32.895  171.082   51.918   11.934    0.017    0.000    0.000    0.000    0.000    0.000    0.000    0.000
62        0.000    0.000    0.000    0.078   23.432  164.155   61.208   14.097    0.030    0.000    0.000    0.000    0.000    0.000    0.000    0.000
63        0.000    0.000    0.000    0.038   16.361  155.782   71.940   16.825    0.054    0.000    0.000    0.000    0.000    0.000    0.000    0.000
64        0.000    0.000    0.000    0.016    9.655  126.069   72.682   17.494    0.084    0.000    0.000    0.000    0.000    0.000    0.000    0.000
65        0.000    0.000    0.000    0.008    6.875  124.213   90.118   22.623    0.162    0.000    0.000    0.000    0.000    0.000    0.000    0.000
66        0.000    0.000    0.000    0.003    3.269   82.472   75.900   20.141    0.214    0.000    0.000    0.000    0.001    0.000    0.000    0.000
67        0.000    0.000    0.000    0.001    1.824   64.840   76.300   21.691    0.341    0.000    0.001    0.001    0.001    0.000    0.000    0.000
68        0.000    0.000    0.000    0.000    1.096   55.380   83.995   25.926    0.598    0.000    0.002    0.001    0.002    0.000    0.000    0.000
69        0.000    0.000    0.000    0.000    0.567   41.074   80.935   27.489    0.926    0.000    0.003    0.002    0.003    0.000    0.000    0.000
70        0.000    0.000    0.000    0.000    0.353   37.046   95.600   36.210    1.772    0.000    0.008    0.005    0.005    0.000    0.000    0.000
71        0.000    0.000    0.000    0.000    0.118   18.073   61.567   26.356    1.862    0.000    0.011    0.006    0.006    0.000    0.000    0.000
72        0.000    0.000    0.000    0.000    0.064   14.519   65.816   32.274    3.275    0.000    0.026    0.014    0.012    0.000    0.000    0.000
73        0.000    0.000    0.000    0.000    0.027    8.955   54.445   30.993    4.491    0.000    0.046    0.024    0.019    0.000    0.000    0.000
74        0.000    0.000    0.000    0.000    0.008    4.217   34.662   23.215    4.777    0.000    0.066    0.032    0.023    0.000    0.000    0.000
75        0.000    0.000    0.000    0.000    0.003    2.014   22.560   18.016    5.235    0.001    0.096    0.045    0.030    0.000    0.000    0.000
76        0.000    0.000    0.000    0.000    0.001    1.331   20.483   19.768    8.067    0.006    0.199    0.089    0.056    0.000    0.000    0.000
77        0.000    0.000    0.000    0.000    0.000    0.622   13.257   15.669    8.930    0.022    0.297    0.129    0.075    0.000    0.000    0.000
78        0.000    0.000    0.000    0.000    0.000    0.349   10.382   15.232   12.056    0.082    0.544    0.230    0.124    0.000    0.000    0.000
79        0.000    0.000    0.000    0.000    0.000    0.093    3.903    7.203    7.874    0.139    0.484    0.201    0.102    0.000    0.000    0.000
80        0.000    0.000    0.000    0.000    0.000    0.081    4.782   11.252   16.894    0.707    1.421    0.583    0.279    0.000    0.000    0.000
81        0.000    0.000    0.000    0.000    0.000    0.019    1.583    4.812    9.868    0.899    1.141    0.466    0.212    0.000    0.000    0.000
82        0.000    0.000    0.000    0.000    0.000    0.014    1.770    7.047   19.628    3.570    3.134    1.281    0.556    0.000    0.000    0.000
83        0.000    0.000    0.000    0.000    0.000    0.004    0.629    3.322   12.498    4.163    2.769    1.141    0.475    0.000    0.000    0.000
84        0.000    0.000    0.000    0.000    0.000    0.001    0.318    2.262   11.429    6.393    3.529    1.474    0.593    0.000    0.000    0.000
85        0.000    0.000    0.000    0.000    0.000    0.000    0.186    1.801   12.160   10.477    5.258    2.241    0.876    0.001    0.000    0.000
86        0.000    0.000    0.000    0.000    0.000    0.000    0.058    0.774    6.941    8.449    4.223    1.848    0.705    0.002    0.000    0.000
87        0.000    0.000    0.000    0.000    0.000    0.000    0.027    0.499    5.909    9.319    5.082    2.298    0.862    0.006    0.000    0.000
88        0.000    0.000    0.000    0.000    0.000    0.000    0.007    0.195    3.029    5.677    3.699    1.739    0.645    0.010    0.000    0.000
89        0.000    0.000    0.000    0.000    0.000    0.000    0.005    0.180    3.655    7.466    6.369    3.133    1.155    0.038    0.000    0.000
90        0.000    0.000    0.000    0.000    0.000    0.000    0.003    0.159    4.201    8.578   10.492    5.435    2.003    0.130    0.000    0.000
91        0.000    0.000    0.000    0.000    0.000    0.000    0.001    0.057    1.937    3.627    6.967    3.824    1.417    0.170    0.000    0.000
92        0.000    0.000    0.000    0.000    0.000    0.000    0.000    0.043    1.881    2.961    9.789    5.730    2.148    0.448    0.000    0.000
93        0.000    0.000    0.000    0.000    0.000    0.000    0.000    0.019    1.060    1.288    8.022    5.038    1.921    0.651    0.000    0.000
94        0.000    0.000    0.000    0.000    0.000    0.000    0.000    0.007    0.523    0.449    5.780    3.920    1.530    0.789    0.000    0.000
95        0.000    0.000    0.000    0.000    0.000    0.000    0.000    0.004    0.342    0.190    5.538    4.082    1.639    1.205    0.000    0.000
96        0.000    0.000    0.000    0.000    0.000    0.000    0.000    0.002    0.215    0.071    5.146    4.148    1.725    1.693    0.000    0.000
97        0.000    0.000    0.000    0.000    0.000    0.000    0.000    0.001    0.102    0.018    3.603    3.196    1.384    1.697    0.000    0.000
98        0.000    0.000    0.000    0.000    0.000    0.000    0.000    0.000    0.037    0.003    1.943    1.908    0.865    1.243    0.000    0.000
99        0.000    0.000    0.000    0.000    0.000    0.000    0.000    0.000    0.026    0.001    2.027    2.218    1.060    1.668    0.000    0.000
100       0.000    0.000    0.000    0.000    0.000    0.000    0.000    0.000    0.015    0.000    1.813    2.225    1.126    1.821    0.000    0.000
101       0.000    0.000    0.000    0.000    0.000    0.000    0.000    0.000    0.004    0.000    0.698    0.967    0.521    0.810    0.000    0.000
102       0.000    0.000    0.000    0.000    0.000    0.000    0.000    0.000    0.002    0.000    0.420    0.661    0.382    0.535    0.000    0.000
103       0.000    0.000    0.000    0.000    0.000    0.000    0.000    0.000    0.001    0.000    0.572    1.029    0.641    0.757    0.000    0.000
104       0.000    0.000    0.000    0.000    0.000    0.000    0.000    0.000    0.001    0.000    0.347    0.717    0.484    0.452    0.000    0.000
105       0.000    0.000    0.000    0.000    0.000    0.000    0.000    0.000    0.000    0.000    0.471    1.126    0.830    0.573    0.000    0.000
106       0.000    0.000    0.000    0.000    0.000    0.000    0.000    0.000    0.000    0.000    0.281    0.783    0.633    0.303    0.000    0.000
107       0.000    0.000    0.000    0.000    0.000    0.000    0.000    0.000    0.000    0.000    0.124    0.404    0.360    0.112    0.000    0.000
108       0.000    0.000    0.000    0.000    0.000    0.000    0.000    0.000    0.000    0.000    0.107    0.411    0.406    0.077    0.000    0.000
109       0.000    0.000    0.000    0.000    0.000    0.000    0.000    0.000    0.000    0.000    0.179    0.819    0.905    0.097    0.000    0.000
110       0.000    0.000    0.000    0.000    0.000    0.000    0.000    0.000    0.000    0.000    0.000    0.000    0.000    0.000    0.000    0.000
111       0.000    0.000    0.000    0.000    0.000    0.000    0.000    0.000    0.000    0.000    0.000    0.000    0.000    0.000    0.000    0.000
112       0.000    0.000    0.000    0.000    0.000    0.000    0.000    0.000    0.000    0.000    0.046    0.365    0.581    0.008    0.000    0.000
113       0.000    0.000    0.000    0.000    0.000    0.000    0.000    0.000    0.000    0.000    0.000    0.000    0.000    0.000    0.000    0.000
114       0.000    0.000    0.000    0.000    0.000    0.000    0.000    0.000    0.000    0.000    0.000    0.000    0.000    0.000    0.000    0.000
115       0.000    0.000    0.000    0.000    0.000    0.000    0.000    0.000    0.000    0.000    0.000    0.000    0.000    0.000    0.000    0.000
116       0.000    0.000    0.000    0.000    0.000    0.000    0.000    0.000    0.000    0.000    0.000    0.000    0.000    0.000    0.000    0.000
117       0.000    0.000    0.000    0.000    0.000    0.000    0.000    0.000    0.000    0.000    0.000    0.000    0.000    0.000    0.000    0.000
118       0.000    0.000    0.000    0.000    0.000    0.000    0.000    0.000    0.000    0.000    0.000    0.000    0.000    0.000    0.000    0.000
119       0.000    0.000    0.000    0.000    0.000    0.000    0.000    0.000    0.000    0.000    0.000    0.000    0.000    0.000    0.000    0.000
120       0.000    0.000    0.000    0.000    0.000    0.000    0.000    0.000    0.000    0.000    0.000    0.000    0.000    0.000    0.000    0.000
121       0.000    0.000    0.000    0.000    0.000    0.000    0.000    0.000    0.000    0.000    0.000    0.000    0.000    0.000    0.000    0.000
122       0.000    0.000    0.000    0.000    0.000    0.000    0.000    0.000    0.000    0.000    0.000    0.000    0.000    0.000    0.000    0.000
123       0.000    0.000    0.000    0.000    0.000    0.000    0.000    0.000    0.000    0.000    0.000    0.000    0.000    0.000    0.000    0.000
124       0.000    0.000    0.000    0.000    0.000    0.000    0.000    0.000    0.000    0.000    0.000    0.000    0.000    0.000    0.000    0.000
125       0.000    0.000    0.000    0.000    0.000    0.000    0.000    0.000    0.000    0.000    0.000    0.000    0.000    0.000    0.000    0.000
126       0.000    0.000    0.000    0.000    0.000    0.000    0.000    0.000    0.000    0.000    0.000    0.000    0.000    0.000    0.000    0.000
127       0.000    0.000    0.000    0.000    0.000    0.000    0.000    0.000    0.000    0.000    0.000    0.000    0.000    0.000    0.000    0.000
128       0.000    0.000    0.000    0.000    0.000    0.000    0.000    0.000    0.000    0.000    0.000    0.000    0.000    0.000    0.000    0.000
129       0.000    0.000    0.000    0.000    0.000    0.000    0.000    0.000    0.000    0.000    0.000    0.000    0.000    0.000    0.000    0.000
130       0.000    0.000    0.000    0.000    0.000    0.000    0.000    0.000    0.000    0.000    0.000    0.000    0.000    0.000    0.000    0.000
131       0.000    0.000    0.000    0.000    0.000    0.000    0.000    0.000    0.000    0.000    0.000    0.000    0.000    0.000    0.000    0.000
132       0.000    0.000    0.000    0.000    0.000    0.000    0.000    0.000    0.000    0.000    0.000    0.000    0.000    0.000    0.000    0.000
133       0.000    0.000    0.000    0.000    0.000    0.000    0.000    0.000    0.000    0.000    0.000    0.000    0.000    0.000    0.000    0.000
134       0.000    0.000    0.000    0.000    0.000    0.000    0.000    0.000    0.000    0.000    0.000    0.000    0.000    0.000    0.000    0.000
135       0.000    0.000    0.000    0.000    0.000    0.000    0.000    0.000    0.000    0.000    0.000    0.000    0.000    0.000    0.000    0.000
136       0.000    0.000    0.000    0.000    0.000    0.000    0.000    0.000    0.000    0.000    0.000    0.000    0.000    0.000    0.000    0.000
137       0.000    0.000    0.000    0.000    0.000    0.000    0.000    0.000    0.000    0.000    0.000    0.000    0.000    0.000    0.000    0.000
138       0.000    0.000    0.000    0.000    0.000    0.000    0.000    0.000    0.000    0.000    0.000    0.000    0.000    0.000    0.000    0.000
139       0.000    0.000    0.000    0.000    0.000    0.000    0.000    0.000    0.000    0.000    0.000    0.000    0.000    0.000    0.000    0.000
140       0.000    0.000    0.000    0.000    0.000    0.000    0.000    0.000    0.000    0.000    0.000    0.000    0.000    0.000    0.000    0.000
141       0.000    0.000    0.000    0.000    0.000    0.000    0.000    0.000    0.000    0.000    0.000    0.000    0.000    0.000    0.000    0.000
142       0.000    0.000    0.000    0.000    0.000    0.000    0.000    0.000    0.000    0.000    0.000    0.000    0.000    0.000    0.000    0.000
143       0.000    0.000    0.000    0.000    0.000    0.000    0.000    0.000    0.000    0.000    0.000    0.000    0.000    0.000    0.000    0.000
144       0.000    0.000    0.000    0.000    0.000    0.000    0.000    0.000    0.000    0.000    0.000    0.000    0.000    0.000    0.000    0.000
145       0.000    0.000    0.000    0.000    0.000    0.000    0.000    0.000    0.000    0.000    0.000    0.000    0.000    0.000    0.000    0.000
146       0.000    0.000    0.000    0.000    0.000    0.000    0.000    0.000    0.000    0.000    0.000    0.000    0.000    0.000    0.000    0.000
147       0.000    0.000    0.000    0.000    0.000    0.000    0.000    0.000    0.000    0.000    0.000    0.000    0.000    0.000    0.000    0.000
148       0.000    0.000    0.000    0.000    0.000    0.000    0.000    0.000    0.000    0.000    0.000    0.000    0.000    0.000    0.000    0.000
149       0.000    0.000    0.000    0.000    0.000    0.000    0.000    0.000    0.000    0.000    0.000    0.000    0.000    0.000    0.000    0.000
150       0.000    0.000    0.000    0.000    0.000    0.000    0.000    0.000    0.000    0.000    0.000    0.000    0.000    0.000    0.000    0.000
Sum       0.000    0.000    0.000  207.452 1043.363 2142.921 1219.043  479.085  173.144   74.557  102.773   65.986   29.379   15.296    0.000    0.000
mW        0.000    0.000    0.000    0.833    1.316    1.799    2.369    2.700    4.109    4.975    5.648    6.098    6.389    7.078    0.000    0.000
mL        0.000    0.000    0.000   45.949   54.121   60.512   66.645   69.736   81.141   86.909   90.420   92.608   93.692   97.500    0.000    0.000
pA        0.000    0.000    0.000    0.037    0.188    0.386    0.220    0.086    0.031    0.013    0.019    0.012    0.005    0.003    0.000    0.000
tot.mW 2151.018 2151.018 2151.018 2151.018 2151.018 2151.018 2151.018 2151.018 2151.018 2151.018 2151.018 2151.018 2151.018 2151.018 2151.018 2151.018
tot.mL   63.127   63.127   63.127   63.127   63.127   63.127   63.127   63.127   63.127   63.127   63.127   63.127   63.127   63.127   63.127   63.127
          Matad      Sum
1         0.000    0.000
2         0.000    0.000
3         0.000    0.000
4         0.000    0.000
5         0.000    0.000
6         0.000    0.000
7         0.000    0.000
8         0.000    0.000
9         0.000    0.000
10        0.000    0.000
11        0.000    0.000
12        0.000    0.000
13        0.000    0.000
14        0.000    0.000
15        0.000    0.000
16        0.000    0.000
17        0.000    0.000
18        0.000    0.000
19        0.000    0.000
20        0.000    0.000
21        0.000    0.000
22        0.000    0.000
23        0.000    0.000
24        0.000    0.000
25        0.000    0.000
26        0.000    0.000
27        0.000    0.000
28        0.000    0.000
29        0.000    0.000
30        0.000    0.000
31        0.000    0.000
32        0.000    0.000
33        0.000    0.000
34        0.000    0.000
35        0.000    0.000
36        0.000    0.000
37        0.000    0.000
38        0.000    0.000
39        1.000    1.000
40        9.000    9.000
41       16.000   16.000
42       25.000   25.000
43       30.000   30.000
44       51.000   51.000
45       56.000   56.000
46       45.000   45.000
47       56.000   56.000
48       60.000   60.000
49       49.000   49.000
50       62.000   62.000
51       73.000   73.000
52      110.000  110.000
53      148.000  148.000
54      201.000  201.000
55      224.000  224.000
56      200.000  200.000
57      259.000  259.000
58      239.000  239.000
59      235.000  235.000
60      281.000  281.000
61      268.000  268.000
62      263.000  263.000
63      261.000  261.000
64      226.000  226.000
65      244.000  244.000
66      182.000  182.000
67      165.000  165.000
68      167.000  167.000
69      151.000  151.000
70      171.000  171.000
71      108.000  108.000
72      116.000  116.000
73       99.000   99.000
74       67.000   67.000
75       48.000   48.000
76       50.000   50.000
77       39.000   39.000
78       39.000   39.000
79       20.000   20.000
80       36.000   36.000
81       19.000   19.000
82       37.000   37.000
83       25.000   25.000
84       26.000   26.000
85       33.000   33.000
86       23.000   23.000
87       24.000   24.000
88       15.000   15.000
89       22.000   22.000
90       31.000   31.000
91       18.000   18.000
92       23.000   23.000
93       18.000   18.000
94       13.000   13.000
95       13.000   13.000
96       13.000   13.000
97       10.000   10.000
98        6.000    6.000
99        7.000    7.000
100       7.000    7.000
101       3.000    3.000
102       2.000    2.000
103       3.000    3.000
104       2.000    2.000
105       3.000    3.000
106       2.000    2.000
107       1.000    1.000
108       1.000    1.000
109       2.000    2.000
110       0.000    0.000
111       0.000    0.000
112       1.000    1.000
113       0.000    0.000
114       0.000    0.000
115       0.000    0.000
116       0.000    0.000
117       0.000    0.000
118       0.000    0.000
119       0.000    0.000
120       0.000    0.000
121       0.000    0.000
122       0.000    0.000
123       0.000    0.000
124       0.000    0.000
125       0.000    0.000
126       0.000    0.000
127       0.000    0.000
128       0.000    0.000
129       0.000    0.000
130       0.000    0.000
131       0.000    0.000
132       0.000    0.000
133       0.000    0.000
134       0.000    0.000
135       0.000    0.000
136       0.000    0.000
137       0.000    0.000
138       0.000    0.000
139       0.000    0.000
140       0.000    0.000
141       0.000    0.000
142       0.000    0.000
143       0.000    0.000
144       0.000    0.000
145       0.000    0.000
146       0.000    0.000
147       0.000    0.000
148       0.000    0.000
149       0.000    0.000
150       0.000    0.000
Sum    5553.000 5553.000
mW        0.000    0.000
mL        0.000    0.000
pA        0.000    0.000
tot.mW 2151.018 2151.018
tot.mL   63.127   63.127


 .... [TRUNCATED] 
>>>>>>>>>>>>>>>>>>>>>>>>>>>>>>>>>>>>>>>>>>>>>>>>>>>>>>>>>>>>>> 
 > Dato                :  Tue Dec  9 11:08:45 2014 
 > Slag                :  UP 
 > ?r                  :  2014 
 > Ti?arskei?          :  FEB-DEC 
 > Skipab?lk/-ar       :  20 21 
 > Skipab?lk/-ar (l?n) :  0 
 > ICES-?ki            :  VB1 
 <<<<<<<<<<<<<<<<<<<<<<<<<<<<<<<<<<<<<<<<<<<<<<<<<<<<<<<<<<<<<< 

$URSLITID
   aldur tal_matad tal_fiskad midal_longd midal_vekt roknad_veida
0      0         0          0        0.00      0.000            0
1      1         0          0        0.00      0.000            0
2      2         0          0        0.00      0.000            0
3      3       141       1084       47.21      0.896          972
4      4      1026       7874       54.31      1.328        10460
5      5      2130      16351       60.60      1.807        29542
6      6      1198       9197       66.79      2.388        21961
7      7       474       3638       69.68      2.690         9786
8      8       172       1321       79.35      3.863         5104
9      9        69        533       86.44      4.902         2613
10    10       100        765       88.46      5.309         4062
11    11        58        441       92.80      6.002         2650
12    12        23        177       93.96      6.213         1097
13    13        12         92       97.83      6.954          641
14    14         0          0        0.00      0.000            0
15    15         0          0        0.00      0.000            0
17   Sum      5403      41473       63.23      2.143        88888

$URSLITID.j
   aldur tal_matad tal_fiskad midal_longd midal_vekt roknad_veida
0      0         0          0        0.00      0.000            0
1      1         0          0        0.00      0.000            0
2      2         0          0        0.00      0.000            0
3      3       207       1544       45.95      0.833         1287
4      4      1043       7764       54.12      1.316        10222
5      5      2143      15947       60.51      1.799        28690
6      6      1219       9072       66.65      2.369        21492
7      7       479       3565       69.74      2.700         9626
8      8       173       1288       81.14      4.109         5295
9      9        75        555       86.91      4.975         2760
10    10       103        765       90.42      5.648         4320
11    11        66        491       92.61      6.098         2994
12    12        29        219       93.69      6.389         1397
13    13        15        114       97.50      7.078          806
14    14         0          0        0.00      0.000            0
15    15         0          0        0.00      0.000            0
17   Sum      5552      41324       63.13      2.151        88889


 .... [TRUNCATED] 
