
 .... [TRUNCATED] 
<<<<<<<<<<<<<<<<<<<<<<<<<<<<<<<<<<<<<<<<<<<<<<<<<<<<<<<<<<<<<<<<<<<<<<<< 
 > Dato                                      :  Mon Dec  1 14:00:49 2014 
 > Slag                                      :  UP 
 > Ár                                        :  2014 
 > Skipabólk/-ar                             :  19 20 21 
 > Byrjanar og enda mánaŵ fyri ALK/ALD       :  JAN-DEC 
 > Skipabólk/-ar, sum longdir eru lántar frá :  0 
 > Skipabólk/-ar, sum vektir eru lántar frá  :  0 
 > Skipabólk/-ar, sum aldrar eru lántar frá  :  0 
 > ICES-øki                                  :  VB1 
 <<<<<<<<<<<<<<<<<<<<<<<<<<<<<<<<<<<<<<<<<<<<<<<<<<<<<<<<<<<<<<<<<<<<<<<<
 .... [TRUNCATED] 
>>>>>>>>>>>>>>>>>>>>>>>>>>>>>>>>>>>>> 
> Alpha	 = 0.01373555
> Beta	 = 2.870216
> R^2	 = 0.9772313
> N	 = 10260
> Veida (kg.)	  = 0
> Rundveida (kg.) = 0
<<<<<<<<<<<<<<<<<<<<<<<<<<<<<<<<<<<<<
 .... [TRUNCATED] 
>>>>>>>>>>>>>> 	 ALK-lykil 	 <<<<<<<<<<<<
 .... [TRUNCATED] 
$ALK
    longd 0 1 2 3  4  5  6  7 8 9 10 11 12 13 14 15 Sum Matad
1       1 0 0 0 0  0  0  0  0 0 0  0  0  0  0  0  0   0     0
2       2 0 0 0 0  0  0  0  0 0 0  0  0  0  0  0  0   0     0
3       3 0 0 0 0  0  0  0  0 0 0  0  0  0  0  0  0   0     0
4       4 0 0 0 0  0  0  0  0 0 0  0  0  0  0  0  0   0     0
5       5 0 0 0 0  0  0  0  0 0 0  0  0  0  0  0  0   0     0
6       6 0 0 0 0  0  0  0  0 0 0  0  0  0  0  0  0   0     0
7       7 0 0 0 0  0  0  0  0 0 0  0  0  0  0  0  0   0     0
8       8 0 0 0 0  0  0  0  0 0 0  0  0  0  0  0  0   0     0
9       9 0 0 0 0  0  0  0  0 0 0  0  0  0  0  0  0   0     0
10     10 0 0 0 0  0  0  0  0 0 0  0  0  0  0  0  0   0     0
11     11 0 0 0 0  0  0  0  0 0 0  0  0  0  0  0  0   0     0
12     12 0 0 0 0  0  0  0  0 0 0  0  0  0  0  0  0   0     0
13     13 0 0 0 0  0  0  0  0 0 0  0  0  0  0  0  0   0     0
14     14 0 0 0 0  0  0  0  0 0 0  0  0  0  0  0  0   0     0
15     15 0 0 0 0  0  0  0  0 0 0  0  0  0  0  0  0   0     0
16     16 0 0 0 0  0  0  0  0 0 0  0  0  0  0  0  0   0     0
17     17 0 0 0 0  0  0  0  0 0 0  0  0  0  0  0  0   0     0
18     18 0 0 0 0  0  0  0  0 0 0  0  0  0  0  0  0   0     0
19     19 0 0 0 0  0  0  0  0 0 0  0  0  0  0  0  0   0     0
20     20 0 0 0 0  0  0  0  0 0 0  0  0  0  0  0  0   0     0
21     21 0 0 0 0  0  0  0  0 0 0  0  0  0  0  0  0   0     0
22     22 0 0 0 0  0  0  0  0 0 0  0  0  0  0  0  0   0     0
23     23 0 0 0 0  0  0  0  0 0 0  0  0  0  0  0  0   0     0
24     24 0 0 0 0  0  0  0  0 0 0  0  0  0  0  0  0   0     0
25     25 0 0 0 0  0  0  0  0 0 0  0  0  0  0  0  0   0     0
26     26 0 0 0 0  0  0  0  0 0 0  0  0  0  0  0  0   0     0
27     27 0 0 0 0  0  0  0  0 0 0  0  0  0  0  0  0   0     0
28     28 0 0 0 0  0  0  0  0 0 0  0  0  0  0  0  0   0     0
29     29 0 0 0 0  0  0  0  0 0 0  0  0  0  0  0  0   0     0
30     30 0 0 0 0  0  0  0  0 0 0  0  0  0  0  0  0   0     0
31     31 0 0 0 0  0  0  0  0 0 0  0  0  0  0  0  0   0     0
32     32 0 0 0 0  0  0  0  0 0 0  0  0  0  0  0  0   0     0
33     33 0 0 0 0  0  0  0  0 0 0  0  0  0  0  0  0   0     0
34     34 0 0 0 0  0  0  0  0 0 0  0  0  0  0  0  0   0     0
35     35 0 0 0 0  0  0  0  0 0 0  0  0  0  0  0  0   0     0
36     36 0 0 0 0  0  0  0  0 0 0  0  0  0  0  0  0   0     0
37     37 0 0 0 0  0  0  0  0 0 0  0  0  0  0  0  0   0     0
38     38 0 0 0 0  0  0  0  0 0 0  0  0  0  0  0  0   0     0
39     39 0 0 0 0  0  0  0  0 0 0  0  0  0  0  0  0   0     1
40     40 0 0 0 0  1  0  0  0 0 0  0  0  0  0  0  0   1    14
41     41 0 0 0 1  0  0  0  0 0 0  0  0  0  0  0  0   1    32
42     42 0 0 0 1  0  0  0  0 0 0  0  0  0  0  0  0   1    45
43     43 0 0 0 0  0  0  0  0 0 0  0  0  0  0  0  0   0    83
44     44 0 0 0 2  1  0  0  0 0 0  0  0  0  0  0  0   3   120
45     45 0 0 0 0  0  0  0  0 0 0  0  0  0  0  0  0   0   147
46     46 0 0 0 0  1  0  0  0 0 0  0  0  0  0  0  0   1   151
47     47 0 0 0 2  3  1  0  0 0 0  0  0  0  0  0  0   6   171
48     48 0 0 0 4  7  2  0  0 0 0  0  0  0  0  0  0  13   176
49     49 0 0 0 4  5  3  0  0 0 0  0  0  0  0  0  0  12   195
50     50 0 0 0 1 13  3  0  0 0 0  0  0  0  0  0  0  17   274
51     51 0 0 0 4 26  5  0  0 0 0  0  0  0  0  0  0  35   318
52     52 0 0 0 3 25 11  1  1 0 0  0  0  0  0  0  0  41   422
53     53 0 0 0 4 38 19  3  0 0 0  0  0  0  0  0  0  64   506
54     54 0 0 0 1 46 22  2  0 0 0  0  0  0  0  0  0  71   604
55     55 0 0 0 5 30 35  5  1 0 0  0  0  0  0  0  0  76   651
56     56 0 0 0 1 36 42  4  0 0 0  0  0  0  0  0  0  83   642
57     57 0 0 0 3 32 49  5  3 0 0  0  0  0  0  0  0  92   770
58     58 0 0 0 1 24 58 12  3 0 0  0  0  0  0  0  0  98   728
59     59 0 0 0 0 31 73 16  3 0 0  0  0  0  0  0  0 123   696
60     60 0 0 0 0 18 75 13  3 0 0  0  0  0  0  0  0 109   803
61     61 0 0 0 0 12 77 21  5 1 0  0  0  0  0  0  0 116   799
62     62 0 0 0 0  4 65 22  4 0 0  0  0  0  0  0  0  95   744
63     63 0 0 0 0  5 50 30  6 0 0  0  0  0  0  0  0  91   685
64     64 0 0 0 0  5 50 18  6 0 0  0  0  0  0  0  0  79   627
65     65 0 0 0 0  4 38 30 11 0 0  0  0  0  0  0  0  83   645
66     66 0 0 0 0  4 15 28  9 1 0  0  0  0  0  0  0  57   493
67     67 0 0 0 0  1 20 33 12 0 0  0  0  0  0  0  0  66   464
68     68 0 0 0 0  2 17 19 10 0 0  0  0  0  0  0  0  48   422
69     69 0 0 0 0  0 18 28 11 0 0  0  0  0  0  0  0  57   393
70     70 0 0 0 0  0  9 21 14 0 0  0  0  0  0  0  0  44   395
71     71 0 0 0 0  0  3 13  8 1 0  0  0  0  0  0  0  25   300
72     72 0 0 0 0  0  3 13  9 2 0  0  0  0  0  0  0  27   270
73     73 0 0 0 0  0  2 13  5 0 0  0  0  0  0  0  0  20   252
74     74 0 0 0 0  0  1  7  6 0 0  0  0  0  0  0  0  14   175
75     75 0 0 0 0  0  0  6  4 0 0  0  0  0  0  0  0  10   148
76     76 0 0 0 0  0  0  4  2 2 0  0  0  0  0  0  0   8   145
77     77 0 0 0 0  0  0  3  4 0 0  0  0  0  0  0  0   7   109
78     78 0 0 0 0  0  0  2  4 2 0  0  0  0  0  0  0   8    96
79     79 0 0 0 0  0  0  1  3 0 0  0  0  0  0  0  0   4    67
80     80 0 0 0 0  0  0  1  0 0 0  1  0  0  0  0  0   2    93
81     81 0 0 0 0  0  0  1  3 2 0  0  0  0  0  0  0   6    74
82     82 0 0 0 0  0  0  1  3 3 0  0  0  0  0  0  0   7    89
83     83 0 0 0 0  0  0  0  3 2 1  0  0  0  0  0  0   6    80
84     84 0 0 0 0  0  0  0  1 0 0  0  0  0  0  0  0   1    71
85     85 0 0 0 0  0  0  0  1 5 2  0  0  0  0  0  0   8    79
86     86 0 0 0 0  0  0  0  1 2 1  0  0  0  0  0  0   4    62
87     87 0 0 0 0  0  0  1  0 0 3  0  0  0  0  0  0   4    85
88     88 0 0 0 0  0  0  0  0 0 5  0  1  0  0  0  0   6    60
89     89 0 0 0 0  0  0  0  0 1 2  3  0  0  0  0  0   6    68
90     90 0 0 0 0  0  0  0  0 1 2  0  1  0  0  0  0   4    91
91     91 0 0 0 0  0  0  0  0 0 2  2  2  2  0  0  0   8    71
92     92 0 0 0 0  0  0  0  0 0 1  1  1  1  1  0  0   5    85
93     93 0 0 0 0  0  0  0  0 0 0  2  3  0  0  0  0   5    67
94     94 0 0 0 0  0  0  0  0 0 0  0  1  1  0  0  0   2    55
95     95 0 0 0 0  0  0  0  0 0 0  1  1  3  0  0  0   5    65
96     96 0 0 0 0  0  0  0  0 0 0  2  1  1  0  0  0   4    44
97     97 0 0 0 0  0  0  0  0 0 0  0  0  2  1  0  0   3    40
98     98 0 0 0 0  0  0  0  0 0 0  1  0  0  0  0  0   1    15
99     99 0 0 0 0  0  0  0  0 0 0  1  0  0  0  0  0   1    21
100   100 0 0 0 0  0  0  0  0 0 0  0  0  0  0  0  0   0    21
101   101 0 0 0 0  0  0  0  0 0 0  0  0  0  0  0  0   0     6
102   102 0 0 0 0  0  0  0  0 0 0  0  0  0  1  0  0   1     6
103   103 0 0 0 0  0  0  0  0 0 0  0  0  0  0  0  0   0     9
104   104 0 0 0 0  0  0  0  0 0 0  0  0  0  0  0  0   0     4
105   105 0 0 0 0  0  0  0  0 0 0  0  0  0  0  0  0   0     8
106   106 0 0 0 0  0  0  0  0 0 0  0  0  0  0  0  0   0     4
107   107 0 0 0 0  0  0  0  0 0 0  0  0  1  0  0  0   1     3
108   108 0 0 0 0  0  0  0  0 0 0  0  0  1  0  0  0   1     2
109   109 0 0 0 0  0  0  0  0 0 0  0  1  1  0  0  0   2     4
110   110 0 0 0 0  0  0  0  0 0 0  0  0  0  0  0  0   0     1
111   111 0 0 0 0  0  0  0  0 0 0  0  0  0  0  0  0   0     0
112   112 0 0 0 0  0  0  0  0 0 0  0  0  0  0  1  0   1     2
113   113 0 0 0 0  0  0  0  0 0 0  0  0  0  0  0  0   0     0
114   114 0 0 0 0  0  0  0  0 0 0  0  0  0  0  0  0   0     0
115   115 0 0 0 0  0  0  0  0 0 0  0  0  0  0  0  0   0     0
116   116 0 0 0 0  0  0  0  0 0 0  0  0  0  0  0  0   0     1
117   117 0 0 0 0  0  0  0  0 0 0  0  0  0  0  0  0   0     0
118   118 0 0 0 0  0  0  0  0 0 0  0  0  0  0  0  0   0     0
119   119 0 0 0 0  0  0  0  0 0 0  0  0  0  0  0  0   0     0
120   120 0 0 0 0  0  0  0  0 0 0  0  0  0  0  0  0   0     0
121   121 0 0 0 0  0  0  0  0 0 0  0  0  0  0  0  0   0     0
122   122 0 0 0 0  0  0  0  0 0 0  0  0  0  0  0  0   0     0
123   123 0 0 0 0  0  0  0  0 0 0  0  0  0  0  0  0   0     0
124   124 0 0 0 0  0  0  0  0 0 0  0  0  0  0  0  0   0     0
125   125 0 0 0 0  0  0  0  0 0 0  0  0  0  0  0  0   0     0
126   126 0 0 0 0  0  0  0  0 0 0  0  0  0  0  0  0   0     0
127   127 0 0 0 0  0  0  0  0 0 0  0  0  0  0  0  0   0     0
128   128 0 0 0 0  0  0  0  0 0 0  0  0  0  0  0  0   0     0
129   129 0 0 0 0  0  0  0  0 0 0  0  0  0  0  0  0   0     0
130   130 0 0 0 0  0  0  0  0 0 0  0  0  0  0  0  0   0     0
131   131 0 0 0 0  0  0  0  0 0 0  0  0  0  0  0  0   0     0
132   132 0 0 0 0  0  0  0  0 0 0  0  0  0  0  0  0   0     0
133   133 0 0 0 0  0  0  0  0 0 0  0  0  0  0  0  0   0     0
134   134 0 0 0 0  0  0  0  0 0 0  0  0  0  0  0  0   0     0
135   135 0 0 0 0  0  0  0  0 0 0  0  0  0  0  0  0   0     0
136   136 0 0 0 0  0  0  0  0 0 0  0  0  0  0  0  0   0     0
137   137 0 0 0 0  0  0  0  0 0 0  0  0  0  0  0  0   0     0
138   138 0 0 0 0  0  0  0  0 0 0  0  0  0  0  0  0   0     0
139   139 0 0 0 0  0  0  0  0 0 0  0  0  0  0  0  0   0     0
140   140 0 0 0 0  0  0  0  0 0 0  0  0  0  0  0  0   0     0
141   141 0 0 0 0  0  0  0  0 0 0  0  0  0  0  0  0   0     0
142   142 0 0 0 0  0  0  0  0 0 0  0  0  0  0  0  0   0     0
143   143 0 0 0 0  0  0  0  0 0 0  0  0  0  0  0  0   0     0
144   144 0 0 0 0  0  0  0  0 0 0  0  0  0  0  0  0   0     0
145   145 0 0 0 0  0  0  0  0 0 0  0  0  0  0  0  0   0     0
146   146 0 0 0 0  0  0  0  0 0 0  0  0  0  0  0  0   0     0
147   147 0 0 0 0  0  0  0  0 0 0  0  0  0  0  0  0   0     0
148   148 0 0 0 0  0  0  0  0 0 0  0  0  0  0  0  0   0     0
149   149 0 0 0 0  0  0  0  0 0 0  0  0  0  0  0  0   0     0
150   150 0 0 0 0  0  0  0  0 0 0  0  0  0  0  0  0   0     0

$ALK.j
    longd 0 1 2     3      4      5      6     7     8     9    10    11    12    13 14 15     Sum Matad
1       1 0 0 0 0.000  0.000  0.000  0.000 0.000 0.000 0.000 0.000 0.000 0.000 0.000  0  0   0.000     0
2       2 0 0 0 0.000  0.000  0.000  0.000 0.000 0.000 0.000 0.000 0.000 0.000 0.000  0  0   0.000     0
3       3 0 0 0 0.000  0.000  0.000  0.000 0.000 0.000 0.000 0.000 0.000 0.000 0.000  0  0   0.000     0
4       4 0 0 0 0.000  0.000  0.000  0.000 0.000 0.000 0.000 0.000 0.000 0.000 0.000  0  0   0.000     0
5       5 0 0 0 0.000  0.000  0.000  0.000 0.000 0.000 0.000 0.000 0.000 0.000 0.000  0  0   0.000     0
6       6 0 0 0 0.000  0.000  0.000  0.000 0.000 0.000 0.000 0.000 0.000 0.000 0.000  0  0   0.000     0
7       7 0 0 0 0.000  0.000  0.000  0.000 0.000 0.000 0.000 0.000 0.000 0.000 0.000  0  0   0.000     0
8       8 0 0 0 0.000  0.000  0.000  0.000 0.000 0.000 0.000 0.000 0.000 0.000 0.000  0  0   0.000     0
9       9 0 0 0 0.000  0.000  0.000  0.000 0.000 0.000 0.000 0.000 0.000 0.000 0.000  0  0   0.000     0
10     10 0 0 0 0.000  0.000  0.000  0.000 0.000 0.000 0.000 0.000 0.000 0.000 0.000  0  0   0.000     0
11     11 0 0 0 0.000  0.000  0.000  0.000 0.000 0.000 0.000 0.000 0.000 0.000 0.000  0  0   0.000     0
12     12 0 0 0 0.000  0.000  0.000  0.000 0.000 0.000 0.000 0.000 0.000 0.000 0.000  0  0   0.000     0
13     13 0 0 0 0.000  0.000  0.000  0.000 0.000 0.000 0.000 0.000 0.000 0.000 0.000  0  0   0.000     0
14     14 0 0 0 0.000  0.000  0.000  0.000 0.000 0.000 0.000 0.000 0.000 0.000 0.000  0  0   0.000     0
15     15 0 0 0 0.000  0.000  0.000  0.000 0.000 0.000 0.000 0.000 0.000 0.000 0.000  0  0   0.000     0
16     16 0 0 0 0.000  0.000  0.000  0.000 0.000 0.000 0.000 0.000 0.000 0.000 0.000  0  0   0.000     0
17     17 0 0 0 0.000  0.000  0.000  0.000 0.000 0.000 0.000 0.000 0.000 0.000 0.000  0  0   0.000     0
18     18 0 0 0 0.000  0.000  0.000  0.000 0.000 0.000 0.000 0.000 0.000 0.000 0.000  0  0   0.000     0
19     19 0 0 0 0.000  0.000  0.000  0.000 0.000 0.000 0.000 0.000 0.000 0.000 0.000  0  0   0.000     0
20     20 0 0 0 0.000  0.000  0.000  0.000 0.000 0.000 0.000 0.000 0.000 0.000 0.000  0  0   0.000     0
21     21 0 0 0 0.000  0.000  0.000  0.000 0.000 0.000 0.000 0.000 0.000 0.000 0.000  0  0   0.000     0
22     22 0 0 0 0.000  0.000  0.000  0.000 0.000 0.000 0.000 0.000 0.000 0.000 0.000  0  0   0.000     0
23     23 0 0 0 0.000  0.000  0.000  0.000 0.000 0.000 0.000 0.000 0.000 0.000 0.000  0  0   0.000     0
24     24 0 0 0 0.000  0.000  0.000  0.000 0.000 0.000 0.000 0.000 0.000 0.000 0.000  0  0   0.000     0
25     25 0 0 0 0.000  0.000  0.000  0.000 0.000 0.000 0.000 0.000 0.000 0.000 0.000  0  0   0.000     0
26     26 0 0 0 0.000  0.000  0.000  0.000 0.000 0.000 0.000 0.000 0.000 0.000 0.000  0  0   0.000     0
27     27 0 0 0 0.000  0.000  0.000  0.000 0.000 0.000 0.000 0.000 0.000 0.000 0.000  0  0   0.000     0
28     28 0 0 0 0.000  0.000  0.000  0.000 0.000 0.000 0.000 0.000 0.000 0.000 0.000  0  0   0.000     0
29     29 0 0 0 0.000  0.000  0.000  0.000 0.000 0.000 0.000 0.000 0.000 0.000 0.000  0  0   0.000     0
30     30 0 0 0 0.000  0.000  0.000  0.000 0.000 0.000 0.000 0.000 0.000 0.000 0.000  0  0   0.000     0
31     31 0 0 0 0.000  0.000  0.000  0.000 0.000 0.000 0.000 0.000 0.000 0.000 0.000  0  0   0.000     0
32     32 0 0 0 0.000  0.000  0.000  0.000 0.000 0.000 0.000 0.000 0.000 0.000 0.000  0  0   0.000     0
33     33 0 0 0 0.000  0.000  0.000  0.000 0.000 0.000 0.000 0.000 0.000 0.000 0.000  0  0   0.000     0
34     34 0 0 0 0.001  0.000  0.000  0.000 0.000 0.000 0.000 0.000 0.000 0.000 0.000  0  0   0.001     0
35     35 0 0 0 0.003  0.000  0.000  0.000 0.000 0.000 0.000 0.000 0.000 0.000 0.000  0  0   0.003     0
36     36 0 0 0 0.007  0.000  0.000  0.000 0.000 0.000 0.000 0.000 0.000 0.000 0.000  0  0   0.007     0
37     37 0 0 0 0.015  0.001  0.000  0.000 0.000 0.000 0.000 0.000 0.000 0.000 0.000  0  0   0.017     0
38     38 0 0 0 0.032  0.004  0.000  0.000 0.000 0.000 0.000 0.000 0.000 0.000 0.000  0  0   0.036     0
39     39 0 0 0 0.063  0.011  0.001  0.000 0.000 0.000 0.000 0.000 0.000 0.000 0.000  0  0   0.075     1
40     40 0 0 0 0.120  0.028  0.002  0.000 0.001 0.000 0.000 0.000 0.000 0.000 0.000  0  0   0.151    14
41     41 0 0 0 0.214  0.069  0.005  0.001 0.001 0.000 0.000 0.000 0.000 0.000 0.000  0  0   0.290    32
42     42 0 0 0 0.363  0.158  0.012  0.002 0.002 0.000 0.000 0.000 0.000 0.000 0.000  0  0   0.537    45
43     43 0 0 0 0.581  0.344  0.030  0.004 0.004 0.000 0.000 0.000 0.000 0.000 0.000  0  0   0.963    83
44     44 0 0 0 0.880  0.704  0.072  0.009 0.006 0.000 0.000 0.000 0.000 0.000 0.000  0  0   1.672   120
45     45 0 0 0 1.263  1.357  0.162  0.018 0.011 0.000 0.000 0.000 0.000 0.000 0.000  0  0   2.812   147
46     46 0 0 0 1.714  2.464  0.348  0.036 0.020 0.000 0.000 0.000 0.000 0.000 0.000  0  0   4.582   151
47     47 0 0 0 2.203  4.215  0.707  0.070 0.033 0.000 0.000 0.000 0.000 0.000 0.000  0  0   7.229   171
48     48 0 0 0 2.679  6.794  1.367  0.130 0.055 0.000 0.000 0.000 0.000 0.000 0.000  0  0  11.025   176
49     49 0 0 0 3.084 10.317  2.510  0.234 0.089 0.000 0.000 0.000 0.000 0.000 0.000  0  0  16.234   195
50     50 0 0 0 3.359 14.759  4.380  0.406 0.141 0.000 0.000 0.000 0.000 0.000 0.000  0  0  23.045   274
51     51 0 0 0 3.463 19.892  7.261  0.683 0.217 0.000 0.000 0.000 0.000 0.000 0.000  0  0  31.517   318
52     52 0 0 0 3.379 25.259 11.438  1.109 0.326 0.001 0.000 0.000 0.000 0.000 0.000  0  0  41.512   422
53     53 0 0 0 3.121 30.216 17.120  1.742 0.479 0.001 0.000 0.000 0.000 0.000 0.000  0  0  52.679   506
54     54 0 0 0 2.727 34.054 24.347  2.643 0.689 0.002 0.000 0.000 0.000 0.000 0.000  0  0  64.462   604
55     55 0 0 0 2.256 36.158 32.900  3.877 0.967 0.003 0.000 0.000 0.000 0.000 0.000  0  0  76.160   651
56     56 0 0 0 1.766 36.169 42.240  5.497 1.325 0.005 0.000 0.000 0.000 0.000 0.000  0  0  87.002   642
57     57 0 0 0 1.309 34.086 51.529  7.532 1.775 0.008 0.000 0.000 0.000 0.000 0.000  0  0  96.239   770
58     58 0 0 0 0.918 30.264 59.728  9.975 2.324 0.012 0.000 0.000 0.000 0.000 0.000  0  0 103.220   728
59     59 0 0 0 0.609 25.315 65.780 12.768 2.971 0.018 0.000 0.000 0.000 0.000 0.000  0  0 107.462   696
60     60 0 0 0 0.383 19.949 68.835 15.797 3.713 0.027 0.000 0.000 0.000 0.000 0.000  0  0 108.704   803
61     61 0 0 0 0.227 14.811 68.441 18.890 4.532 0.040 0.000 0.000 0.000 0.000 0.000  0  0 106.941   799
62     62 0 0 0 0.128 10.360 64.657 21.833 5.405 0.057 0.000 0.000 0.000 0.000 0.000  0  0 102.440   744
63     63 0 0 0 0.068  6.827 58.038 24.390 6.297 0.081 0.000 0.000 0.000 0.000 0.000  0  0  95.701   685
64     64 0 0 0 0.034  4.238 49.500 26.334 7.169 0.112 0.000 0.000 0.000 0.000 0.000  0  0  87.388   627
65     65 0 0 0 0.016  2.479 40.113 27.482 7.974 0.152 0.000 0.000 0.000 0.000 0.000  0  0  78.217   645
66     66 0 0 0 0.007  1.366 30.886 27.720 8.665 0.203 0.000 0.000 0.000 0.000 0.000  0  0  68.847   493
67     67 0 0 0 0.003  0.709 22.596 27.024 9.200 0.264 0.000 0.000 0.000 0.000 0.000  0  0  59.797   464
68     68 0 0 0 0.001  0.347 15.708 25.464 9.543 0.338 0.000 0.000 0.000 0.000 0.000  0  0  51.402   422
69     69 0 0 0 0.000  0.160 10.375 23.191 9.672 0.425 0.000 0.000 0.000 0.000 0.000  0  0  43.823   393
70     70 0 0 0 0.000  0.069  6.511 20.415 9.577 0.522 0.000 0.000 0.000 0.000 0.000  0  0  37.094   395
71     71 0 0 0 0.000  0.028  3.882 17.369 9.265 0.630 0.000 0.000 0.000 0.000 0.000  0  0  31.175   300
72     72 0 0 0 0.000  0.011  2.200 14.283 8.757 0.745 0.000 0.000 0.000 0.000 0.000  0  0  25.996   270
73     73 0 0 0 0.000  0.004  1.184 11.352 8.087 0.864 0.000 0.000 0.000 0.000 0.000  0  0  21.492   252
74     74 0 0 0 0.000  0.001  0.606  8.721 7.296 0.982 0.000 0.001 0.001 0.001 0.000  0  0  17.609   175
75     75 0 0 0 0.000  0.000  0.294  6.475 6.432 1.095 0.000 0.002 0.002 0.002 0.000  0  0  14.301   148
76     76 0 0 0 0.000  0.000  0.136  4.647 5.539 1.197 0.000 0.004 0.003 0.003 0.000  0  0  11.528   145
77     77 0 0 0 0.000  0.000  0.060  3.223 4.661 1.282 0.000 0.008 0.006 0.004 0.000  0  0   9.244   109
78     78 0 0 0 0.000  0.000  0.025  2.161 3.832 1.347 0.000 0.015 0.011 0.007 0.000  0  0   7.397    96
79     79 0 0 0 0.000  0.000  0.010  1.400 3.078 1.387 0.001 0.027 0.018 0.012 0.000  0  0   5.933    67
80     80 0 0 0 0.000  0.000  0.004  0.877 2.415 1.401 0.007 0.046 0.030 0.018 0.001  0  0   4.800    93
81     81 0 0 0 0.000  0.000  0.001  0.531 1.852 1.387 0.030 0.076 0.049 0.028 0.001  0  0   3.957    74
82     82 0 0 0 0.000  0.000  0.000  0.311 1.387 1.347 0.106 0.122 0.076 0.042 0.003  0  0   3.393    89
83     83 0 0 0 0.000  0.000  0.000  0.176 1.015 1.282 0.303 0.185 0.114 0.060 0.005  0  0   3.140    80
84     84 0 0 0 0.000  0.000  0.000  0.096 0.726 1.197 0.717 0.270 0.165 0.086 0.008  0  0   3.263    71
85     85 0 0 0 0.000  0.000  0.000  0.051 0.507 1.095 1.401 0.377 0.229 0.118 0.013  0  0   3.792    79
86     86 0 0 0 0.000  0.000  0.000  0.026 0.346 0.982 2.262 0.504 0.309 0.159 0.021  0  0   4.609    62
87     87 0 0 0 0.000  0.000  0.000  0.013 0.231 0.864 3.014 0.645 0.400 0.209 0.032  0  0   5.409    85
88     88 0 0 0 0.000  0.000  0.000  0.006 0.150 0.745 3.317 0.791 0.501 0.268 0.047  0  0   5.826    60
89     89 0 0 0 0.000  0.000  0.000  0.003 0.096 0.630 3.014 0.929 0.605 0.335 0.067  0  0   5.679    68
90     90 0 0 0 0.000  0.000  0.000  0.001 0.060 0.522 2.262 1.045 0.705 0.409 0.090  0  0   5.093    91
91     91 0 0 0 0.000  0.000  0.000  0.001 0.036 0.425 1.401 1.125 0.792 0.487 0.117  0  0   4.383    71
92     92 0 0 0 0.000  0.000  0.000  0.000 0.021 0.338 0.717 1.161 0.859 0.565 0.145  0  0   3.806    85
93     93 0 0 0 0.000  0.000  0.000  0.000 0.012 0.264 0.303 1.147 0.898 0.639 0.174  0  0   3.437    67
94     94 0 0 0 0.000  0.000  0.000  0.000 0.007 0.203 0.106 1.084 0.906 0.705 0.200  0  0   3.211    55
95     95 0 0 0 0.000  0.000  0.000  0.000 0.004 0.152 0.030 0.982 0.882 0.759 0.221  0  0   3.031    65
96     96 0 0 0 0.000  0.000  0.000  0.000 0.002 0.112 0.007 0.852 0.828 0.797 0.235  0  0   2.834    44
97     97 0 0 0 0.000  0.000  0.000  0.000 0.001 0.081 0.001 0.708 0.751 0.817 0.239  0  0   2.598    40
98     98 0 0 0 0.000  0.000  0.000  0.000 0.001 0.057 0.000 0.563 0.656 0.816 0.235  0  0   2.328    15
99     99 0 0 0 0.000  0.000  0.000  0.000 0.000 0.040 0.000 0.429 0.553 0.795 0.221  0  0   2.038    21
100   100 0 0 0 0.000  0.000  0.000  0.000 0.000 0.027 0.000 0.313 0.450 0.756 0.200  0  0   1.746    21
101   101 0 0 0 0.000  0.000  0.000  0.000 0.000 0.018 0.000 0.219 0.353 0.701 0.174  0  0   1.464     6
102   102 0 0 0 0.000  0.000  0.000  0.000 0.000 0.012 0.000 0.146 0.267 0.633 0.145  0  0   1.204     6
103   103 0 0 0 0.000  0.000  0.000  0.000 0.000 0.008 0.000 0.094 0.195 0.559 0.117  0  0   0.972     9
104   104 0 0 0 0.000  0.000  0.000  0.000 0.000 0.005 0.000 0.058 0.138 0.481 0.090  0  0   0.770     4
105   105 0 0 0 0.000  0.000  0.000  0.000 0.000 0.003 0.000 0.034 0.093 0.403 0.067  0  0   0.600     8
106   106 0 0 0 0.000  0.000  0.000  0.000 0.000 0.002 0.000 0.019 0.061 0.330 0.047  0  0   0.459     4
107   107 0 0 0 0.000  0.000  0.000  0.000 0.000 0.001 0.000 0.010 0.039 0.263 0.032  0  0   0.346     3
108   108 0 0 0 0.000  0.000  0.000  0.000 0.000 0.001 0.000 0.005 0.024 0.205 0.021  0  0   0.256     2
109   109 0 0 0 0.000  0.000  0.000  0.000 0.000 0.000 0.000 0.003 0.014 0.156 0.013  0  0   0.186     4
110   110 0 0 0 0.000  0.000  0.000  0.000 0.000 0.000 0.000 0.001 0.008 0.115 0.008  0  0   0.133     1
111   111 0 0 0 0.000  0.000  0.000  0.000 0.000 0.000 0.000 0.001 0.004 0.083 0.005  0  0   0.093     0
112   112 0 0 0 0.000  0.000  0.000  0.000 0.000 0.000 0.000 0.000 0.002 0.059 0.003  1  0   1.064     2
113   113 0 0 0 0.000  0.000  0.000  0.000 0.000 0.000 0.000 0.000 0.001 0.040 0.001  0  0   0.043     0
114   114 0 0 0 0.000  0.000  0.000  0.000 0.000 0.000 0.000 0.000 0.001 0.027 0.001  0  0   0.028     0
115   115 0 0 0 0.000  0.000  0.000  0.000 0.000 0.000 0.000 0.000 0.000 0.018 0.000  0  0   0.018     0
116   116 0 0 0 0.000  0.000  0.000  0.000 0.000 0.000 0.000 0.000 0.000 0.011 0.000  0  0   0.012     1
117   117 0 0 0 0.000  0.000  0.000  0.000 0.000 0.000 0.000 0.000 0.000 0.007 0.000  0  0   0.007     0
118   118 0 0 0 0.000  0.000  0.000  0.000 0.000 0.000 0.000 0.000 0.000 0.004 0.000  0  0   0.004     0
119   119 0 0 0 0.000  0.000  0.000  0.000 0.000 0.000 0.000 0.000 0.000 0.003 0.000  0  0   0.003     0
120   120 0 0 0 0.000  0.000  0.000  0.000 0.000 0.000 0.000 0.000 0.000 0.001 0.000  0  0   0.001     0
121   121 0 0 0 0.000  0.000  0.000  0.000 0.000 0.000 0.000 0.000 0.000 0.001 0.000  0  0   0.001     0
122   122 0 0 0 0.000  0.000  0.000  0.000 0.000 0.000 0.000 0.000 0.000 0.000 0.000  0  0   0.000     0
123   123 0 0 0 0.000  0.000  0.000  0.000 0.000 0.000 0.000 0.000 0.000 0.000 0.000  0  0   0.000     0
124   124 0 0 0 0.000  0.000  0.000  0.000 0.000 0.000 0.000 0.000 0.000 0.000 0.000  0  0   0.000     0
125   125 0 0 0 0.000  0.000  0.000  0.000 0.000 0.000 0.000 0.000 0.000 0.000 0.000  0  0   0.000     0
126   126 0 0 0 0.000  0.000  0.000  0.000 0.000 0.000 0.000 0.000 0.000 0.000 0.000  0  0   0.000     0
127   127 0 0 0 0.000  0.000  0.000  0.000 0.000 0.000 0.000 0.000 0.000 0.000 0.000  0  0   0.000     0
128   128 0 0 0 0.000  0.000  0.000  0.000 0.000 0.000 0.000 0.000 0.000 0.000 0.000  0  0   0.000     0
129   129 0 0 0 0.000  0.000  0.000  0.000 0.000 0.000 0.000 0.000 0.000 0.000 0.000  0  0   0.000     0
130   130 0 0 0 0.000  0.000  0.000  0.000 0.000 0.000 0.000 0.000 0.000 0.000 0.000  0  0   0.000     0
131   131 0 0 0 0.000  0.000  0.000  0.000 0.000 0.000 0.000 0.000 0.000 0.000 0.000  0  0   0.000     0
132   132 0 0 0 0.000  0.000  0.000  0.000 0.000 0.000 0.000 0.000 0.000 0.000 0.000  0  0   0.000     0
133   133 0 0 0 0.000  0.000  0.000  0.000 0.000 0.000 0.000 0.000 0.000 0.000 0.000  0  0   0.000     0
134   134 0 0 0 0.000  0.000  0.000  0.000 0.000 0.000 0.000 0.000 0.000 0.000 0.000  0  0   0.000     0
135   135 0 0 0 0.000  0.000  0.000  0.000 0.000 0.000 0.000 0.000 0.000 0.000 0.000  0  0   0.000     0
136   136 0 0 0 0.000  0.000  0.000  0.000 0.000 0.000 0.000 0.000 0.000 0.000 0.000  0  0   0.000     0
137   137 0 0 0 0.000  0.000  0.000  0.000 0.000 0.000 0.000 0.000 0.000 0.000 0.000  0  0   0.000     0
138   138 0 0 0 0.000  0.000  0.000  0.000 0.000 0.000 0.000 0.000 0.000 0.000 0.000  0  0   0.000     0
139   139 0 0 0 0.000  0.000  0.000  0.000 0.000 0.000 0.000 0.000 0.000 0.000 0.000  0  0   0.000     0
140   140 0 0 0 0.000  0.000  0.000  0.000 0.000 0.000 0.000 0.000 0.000 0.000 0.000  0  0   0.000     0
141   141 0 0 0 0.000  0.000  0.000  0.000 0.000 0.000 0.000 0.000 0.000 0.000 0.000  0  0   0.000     0
142   142 0 0 0 0.000  0.000  0.000  0.000 0.000 0.000 0.000 0.000 0.000 0.000 0.000  0  0   0.000     0
143   143 0 0 0 0.000  0.000  0.000  0.000 0.000 0.000 0.000 0.000 0.000 0.000 0.000  0  0   0.000     0
144   144 0 0 0 0.000  0.000  0.000  0.000 0.000 0.000 0.000 0.000 0.000 0.000 0.000  0  0   0.000     0
145   145 0 0 0 0.000  0.000  0.000  0.000 0.000 0.000 0.000 0.000 0.000 0.000 0.000  0  0   0.000     0
146   146 0 0 0 0.000  0.000  0.000  0.000 0.000 0.000 0.000 0.000 0.000 0.000 0.000  0  0   0.000     0
147   147 0 0 0 0.000  0.000  0.000  0.000 0.000 0.000 0.000 0.000 0.000 0.000 0.000  0  0   0.000     0
148   148 0 0 0 0.000  0.000  0.000  0.000 0.000 0.000 0.000 0.000 0.000 0.000 0.000  0  0   0.000     0
149   149 0 0 0 0.000  0.000  0.000  0.000 0.000 0.000 0.000 0.000 0.000 0.000 0.000  0  0   0.000     0
150   150 0 0 0 0.000  0.000  0.000  0.000 0.000 0.000 0.000 0.000 0.000 0.000 0.000  0  0   0.000     0


 .... [TRUNCATED] 
>>>>>>>>>>>>>> 	 ALD-lykil 	 <<<<<<<<<<<<
 .... [TRUNCATED] 
$ALD
              0        1        2        3        4        5        6        7        8        9       10       11       12       13       14       15
1         0.000    0.000    0.000    0.000    0.000    0.000    0.000    0.000    0.000    0.000    0.000    0.000    0.000    0.000    0.000    0.000
2         0.000    0.000    0.000    0.000    0.000    0.000    0.000    0.000    0.000    0.000    0.000    0.000    0.000    0.000    0.000    0.000
3         0.000    0.000    0.000    0.000    0.000    0.000    0.000    0.000    0.000    0.000    0.000    0.000    0.000    0.000    0.000    0.000
4         0.000    0.000    0.000    0.000    0.000    0.000    0.000    0.000    0.000    0.000    0.000    0.000    0.000    0.000    0.000    0.000
5         0.000    0.000    0.000    0.000    0.000    0.000    0.000    0.000    0.000    0.000    0.000    0.000    0.000    0.000    0.000    0.000
6         0.000    0.000    0.000    0.000    0.000    0.000    0.000    0.000    0.000    0.000    0.000    0.000    0.000    0.000    0.000    0.000
7         0.000    0.000    0.000    0.000    0.000    0.000    0.000    0.000    0.000    0.000    0.000    0.000    0.000    0.000    0.000    0.000
8         0.000    0.000    0.000    0.000    0.000    0.000    0.000    0.000    0.000    0.000    0.000    0.000    0.000    0.000    0.000    0.000
9         0.000    0.000    0.000    0.000    0.000    0.000    0.000    0.000    0.000    0.000    0.000    0.000    0.000    0.000    0.000    0.000
10        0.000    0.000    0.000    0.000    0.000    0.000    0.000    0.000    0.000    0.000    0.000    0.000    0.000    0.000    0.000    0.000
11        0.000    0.000    0.000    0.000    0.000    0.000    0.000    0.000    0.000    0.000    0.000    0.000    0.000    0.000    0.000    0.000
12        0.000    0.000    0.000    0.000    0.000    0.000    0.000    0.000    0.000    0.000    0.000    0.000    0.000    0.000    0.000    0.000
13        0.000    0.000    0.000    0.000    0.000    0.000    0.000    0.000    0.000    0.000    0.000    0.000    0.000    0.000    0.000    0.000
14        0.000    0.000    0.000    0.000    0.000    0.000    0.000    0.000    0.000    0.000    0.000    0.000    0.000    0.000    0.000    0.000
15        0.000    0.000    0.000    0.000    0.000    0.000    0.000    0.000    0.000    0.000    0.000    0.000    0.000    0.000    0.000    0.000
16        0.000    0.000    0.000    0.000    0.000    0.000    0.000    0.000    0.000    0.000    0.000    0.000    0.000    0.000    0.000    0.000
17        0.000    0.000    0.000    0.000    0.000    0.000    0.000    0.000    0.000    0.000    0.000    0.000    0.000    0.000    0.000    0.000
18        0.000    0.000    0.000    0.000    0.000    0.000    0.000    0.000    0.000    0.000    0.000    0.000    0.000    0.000    0.000    0.000
19        0.000    0.000    0.000    0.000    0.000    0.000    0.000    0.000    0.000    0.000    0.000    0.000    0.000    0.000    0.000    0.000
20        0.000    0.000    0.000    0.000    0.000    0.000    0.000    0.000    0.000    0.000    0.000    0.000    0.000    0.000    0.000    0.000
21        0.000    0.000    0.000    0.000    0.000    0.000    0.000    0.000    0.000    0.000    0.000    0.000    0.000    0.000    0.000    0.000
22        0.000    0.000    0.000    0.000    0.000    0.000    0.000    0.000    0.000    0.000    0.000    0.000    0.000    0.000    0.000    0.000
23        0.000    0.000    0.000    0.000    0.000    0.000    0.000    0.000    0.000    0.000    0.000    0.000    0.000    0.000    0.000    0.000
24        0.000    0.000    0.000    0.000    0.000    0.000    0.000    0.000    0.000    0.000    0.000    0.000    0.000    0.000    0.000    0.000
25        0.000    0.000    0.000    0.000    0.000    0.000    0.000    0.000    0.000    0.000    0.000    0.000    0.000    0.000    0.000    0.000
26        0.000    0.000    0.000    0.000    0.000    0.000    0.000    0.000    0.000    0.000    0.000    0.000    0.000    0.000    0.000    0.000
27        0.000    0.000    0.000    0.000    0.000    0.000    0.000    0.000    0.000    0.000    0.000    0.000    0.000    0.000    0.000    0.000
28        0.000    0.000    0.000    0.000    0.000    0.000    0.000    0.000    0.000    0.000    0.000    0.000    0.000    0.000    0.000    0.000
29        0.000    0.000    0.000    0.000    0.000    0.000    0.000    0.000    0.000    0.000    0.000    0.000    0.000    0.000    0.000    0.000
30        0.000    0.000    0.000    0.000    0.000    0.000    0.000    0.000    0.000    0.000    0.000    0.000    0.000    0.000    0.000    0.000
31        0.000    0.000    0.000    0.000    0.000    0.000    0.000    0.000    0.000    0.000    0.000    0.000    0.000    0.000    0.000    0.000
32        0.000    0.000    0.000    0.000    0.000    0.000    0.000    0.000    0.000    0.000    0.000    0.000    0.000    0.000    0.000    0.000
33        0.000    0.000    0.000    0.000    0.000    0.000    0.000    0.000    0.000    0.000    0.000    0.000    0.000    0.000    0.000    0.000
34        0.000    0.000    0.000    0.000    0.000    0.000    0.000    0.000    0.000    0.000    0.000    0.000    0.000    0.000    0.000    0.000
35        0.000    0.000    0.000    0.000    0.000    0.000    0.000    0.000    0.000    0.000    0.000    0.000    0.000    0.000    0.000    0.000
36        0.000    0.000    0.000    0.000    0.000    0.000    0.000    0.000    0.000    0.000    0.000    0.000    0.000    0.000    0.000    0.000
37        0.000    0.000    0.000    0.000    0.000    0.000    0.000    0.000    0.000    0.000    0.000    0.000    0.000    0.000    0.000    0.000
38        0.000    0.000    0.000    0.000    0.000    0.000    0.000    0.000    0.000    0.000    0.000    0.000    0.000    0.000    0.000    0.000
39        0.000    0.000    0.000    0.000    0.000    0.000    0.000    0.000    0.000    0.000    0.000    0.000    0.000    0.000    0.000    0.000
40        0.000    0.000    0.000    0.000   14.000    0.000    0.000    0.000    0.000    0.000    0.000    0.000    0.000    0.000    0.000    0.000
41        0.000    0.000    0.000   32.000    0.000    0.000    0.000    0.000    0.000    0.000    0.000    0.000    0.000    0.000    0.000    0.000
42        0.000    0.000    0.000   45.000    0.000    0.000    0.000    0.000    0.000    0.000    0.000    0.000    0.000    0.000    0.000    0.000
43        0.000    0.000    0.000    0.000    0.000    0.000    0.000    0.000    0.000    0.000    0.000    0.000    0.000    0.000    0.000    0.000
44        0.000    0.000    0.000   80.000   40.000    0.000    0.000    0.000    0.000    0.000    0.000    0.000    0.000    0.000    0.000    0.000
45        0.000    0.000    0.000    0.000    0.000    0.000    0.000    0.000    0.000    0.000    0.000    0.000    0.000    0.000    0.000    0.000
46        0.000    0.000    0.000    0.000  151.000    0.000    0.000    0.000    0.000    0.000    0.000    0.000    0.000    0.000    0.000    0.000
47        0.000    0.000    0.000   57.000   85.500   28.500    0.000    0.000    0.000    0.000    0.000    0.000    0.000    0.000    0.000    0.000
48        0.000    0.000    0.000   54.154   94.769   27.077    0.000    0.000    0.000    0.000    0.000    0.000    0.000    0.000    0.000    0.000
49        0.000    0.000    0.000   65.000   81.250   48.750    0.000    0.000    0.000    0.000    0.000    0.000    0.000    0.000    0.000    0.000
50        0.000    0.000    0.000   16.118  209.529   48.353    0.000    0.000    0.000    0.000    0.000    0.000    0.000    0.000    0.000    0.000
51        0.000    0.000    0.000   36.343  236.229   45.429    0.000    0.000    0.000    0.000    0.000    0.000    0.000    0.000    0.000    0.000
52        0.000    0.000    0.000   30.878  257.317  113.220   10.293   10.293    0.000    0.000    0.000    0.000    0.000    0.000    0.000    0.000
53        0.000    0.000    0.000   31.625  300.438  150.219   23.719    0.000    0.000    0.000    0.000    0.000    0.000    0.000    0.000    0.000
54        0.000    0.000    0.000    8.507  391.324  187.155   17.014    0.000    0.000    0.000    0.000    0.000    0.000    0.000    0.000    0.000
55        0.000    0.000    0.000   42.829  256.974  299.803   42.829    8.566    0.000    0.000    0.000    0.000    0.000    0.000    0.000    0.000
56        0.000    0.000    0.000    7.735  278.458  324.867   30.940    0.000    0.000    0.000    0.000    0.000    0.000    0.000    0.000    0.000
57        0.000    0.000    0.000   25.109  267.826  410.109   41.848   25.109    0.000    0.000    0.000    0.000    0.000    0.000    0.000    0.000
58        0.000    0.000    0.000    7.429  178.286  430.857   89.143   22.286    0.000    0.000    0.000    0.000    0.000    0.000    0.000    0.000
59        0.000    0.000    0.000    0.000  175.415  413.073   90.537   16.976    0.000    0.000    0.000    0.000    0.000    0.000    0.000    0.000
60        0.000    0.000    0.000    0.000  132.606  552.523   95.771   22.101    0.000    0.000    0.000    0.000    0.000    0.000    0.000    0.000
61        0.000    0.000    0.000    0.000   82.655  530.371  144.647   34.440    6.888    0.000    0.000    0.000    0.000    0.000    0.000    0.000
62        0.000    0.000    0.000    0.000   31.326  509.053  172.295   31.326    0.000    0.000    0.000    0.000    0.000    0.000    0.000    0.000
63        0.000    0.000    0.000    0.000   37.637  376.374  225.824   45.165    0.000    0.000    0.000    0.000    0.000    0.000    0.000    0.000
64        0.000    0.000    0.000    0.000   39.684  396.835  142.861   47.620    0.000    0.000    0.000    0.000    0.000    0.000    0.000    0.000
65        0.000    0.000    0.000    0.000   31.084  295.301  233.133   85.482    0.000    0.000    0.000    0.000    0.000    0.000    0.000    0.000
66        0.000    0.000    0.000    0.000   34.596  129.737  242.175   77.842    8.649    0.000    0.000    0.000    0.000    0.000    0.000    0.000
67        0.000    0.000    0.000    0.000    7.030  140.606  232.000   84.364    0.000    0.000    0.000    0.000    0.000    0.000    0.000    0.000
68        0.000    0.000    0.000    0.000   17.583  149.458  167.042   87.917    0.000    0.000    0.000    0.000    0.000    0.000    0.000    0.000
69        0.000    0.000    0.000    0.000    0.000  124.105  193.053   75.842    0.000    0.000    0.000    0.000    0.000    0.000    0.000    0.000
70        0.000    0.000    0.000    0.000    0.000   80.795  188.523  125.682    0.000    0.000    0.000    0.000    0.000    0.000    0.000    0.000
71        0.000    0.000    0.000    0.000    0.000   36.000  156.000   96.000   12.000    0.000    0.000    0.000    0.000    0.000    0.000    0.000
72        0.000    0.000    0.000    0.000    0.000   30.000  130.000   90.000   20.000    0.000    0.000    0.000    0.000    0.000    0.000    0.000
73        0.000    0.000    0.000    0.000    0.000   25.200  163.800   63.000    0.000    0.000    0.000    0.000    0.000    0.000    0.000    0.000
74        0.000    0.000    0.000    0.000    0.000   12.500   87.500   75.000    0.000    0.000    0.000    0.000    0.000    0.000    0.000    0.000
75        0.000    0.000    0.000    0.000    0.000    0.000   88.800   59.200    0.000    0.000    0.000    0.000    0.000    0.000    0.000    0.000
76        0.000    0.000    0.000    0.000    0.000    0.000   72.500   36.250   36.250    0.000    0.000    0.000    0.000    0.000    0.000    0.000
77        0.000    0.000    0.000    0.000    0.000    0.000   46.714   62.286    0.000    0.000    0.000    0.000    0.000    0.000    0.000    0.000
78        0.000    0.000    0.000    0.000    0.000    0.000   24.000   48.000   24.000    0.000    0.000    0.000    0.000    0.000    0.000    0.000
79        0.000    0.000    0.000    0.000    0.000    0.000   16.750   50.250    0.000    0.000    0.000    0.000    0.000    0.000    0.000    0.000
80        0.000    0.000    0.000    0.000    0.000    0.000   46.500    0.000    0.000    0.000   46.500    0.000    0.000    0.000    0.000    0.000
81        0.000    0.000    0.000    0.000    0.000    0.000   12.333   37.000   24.667    0.000    0.000    0.000    0.000    0.000    0.000    0.000
82        0.000    0.000    0.000    0.000    0.000    0.000   12.714   38.143   38.143    0.000    0.000    0.000    0.000    0.000    0.000    0.000
83        0.000    0.000    0.000    0.000    0.000    0.000    0.000   40.000   26.667   13.333    0.000    0.000    0.000    0.000    0.000    0.000
84        0.000    0.000    0.000    0.000    0.000    0.000    0.000   71.000    0.000    0.000    0.000    0.000    0.000    0.000    0.000    0.000
85        0.000    0.000    0.000    0.000    0.000    0.000    0.000    9.875   49.375   19.750    0.000    0.000    0.000    0.000    0.000    0.000
86        0.000    0.000    0.000    0.000    0.000    0.000    0.000   15.500   31.000   15.500    0.000    0.000    0.000    0.000    0.000    0.000
87        0.000    0.000    0.000    0.000    0.000    0.000   21.250    0.000    0.000   63.750    0.000    0.000    0.000    0.000    0.000    0.000
88        0.000    0.000    0.000    0.000    0.000    0.000    0.000    0.000    0.000   50.000    0.000   10.000    0.000    0.000    0.000    0.000
89        0.000    0.000    0.000    0.000    0.000    0.000    0.000    0.000   11.333   22.667   34.000    0.000    0.000    0.000    0.000    0.000
90        0.000    0.000    0.000    0.000    0.000    0.000    0.000    0.000   22.750   45.500    0.000   22.750    0.000    0.000    0.000    0.000
91        0.000    0.000    0.000    0.000    0.000    0.000    0.000    0.000    0.000   17.750   17.750   17.750   17.750    0.000    0.000    0.000
92        0.000    0.000    0.000    0.000    0.000    0.000    0.000    0.000    0.000   17.000   17.000   17.000   17.000   17.000    0.000    0.000
93        0.000    0.000    0.000    0.000    0.000    0.000    0.000    0.000    0.000    0.000   26.800   40.200    0.000    0.000    0.000    0.000
94        0.000    0.000    0.000    0.000    0.000    0.000    0.000    0.000    0.000    0.000    0.000   27.500   27.500    0.000    0.000    0.000
95        0.000    0.000    0.000    0.000    0.000    0.000    0.000    0.000    0.000    0.000   13.000   13.000   39.000    0.000    0.000    0.000
96        0.000    0.000    0.000    0.000    0.000    0.000    0.000    0.000    0.000    0.000   22.000   11.000   11.000    0.000    0.000    0.000
97        0.000    0.000    0.000    0.000    0.000    0.000    0.000    0.000    0.000    0.000    0.000    0.000   26.667   13.333    0.000    0.000
98        0.000    0.000    0.000    0.000    0.000    0.000    0.000    0.000    0.000    0.000   15.000    0.000    0.000    0.000    0.000    0.000
99        0.000    0.000    0.000    0.000    0.000    0.000    0.000    0.000    0.000    0.000   21.000    0.000    0.000    0.000    0.000    0.000
100       0.000    0.000    0.000    0.000    0.000    0.000    0.000    0.000    0.000    0.000    0.000    0.000    0.000    0.000    0.000    0.000
101       0.000    0.000    0.000    0.000    0.000    0.000    0.000    0.000    0.000    0.000    0.000    0.000    0.000    0.000    0.000    0.000
102       0.000    0.000    0.000    0.000    0.000    0.000    0.000    0.000    0.000    0.000    0.000    0.000    0.000    6.000    0.000    0.000
103       0.000    0.000    0.000    0.000    0.000    0.000    0.000    0.000    0.000    0.000    0.000    0.000    0.000    0.000    0.000    0.000
104       0.000    0.000    0.000    0.000    0.000    0.000    0.000    0.000    0.000    0.000    0.000    0.000    0.000    0.000    0.000    0.000
105       0.000    0.000    0.000    0.000    0.000    0.000    0.000    0.000    0.000    0.000    0.000    0.000    0.000    0.000    0.000    0.000
106       0.000    0.000    0.000    0.000    0.000    0.000    0.000    0.000    0.000    0.000    0.000    0.000    0.000    0.000    0.000    0.000
107       0.000    0.000    0.000    0.000    0.000    0.000    0.000    0.000    0.000    0.000    0.000    0.000    3.000    0.000    0.000    0.000
108       0.000    0.000    0.000    0.000    0.000    0.000    0.000    0.000    0.000    0.000    0.000    0.000    2.000    0.000    0.000    0.000
109       0.000    0.000    0.000    0.000    0.000    0.000    0.000    0.000    0.000    0.000    0.000    2.000    2.000    0.000    0.000    0.000
110       0.000    0.000    0.000    0.000    0.000    0.000    0.000    0.000    0.000    0.000    0.000    0.000    0.000    0.000    0.000    0.000
111       0.000    0.000    0.000    0.000    0.000    0.000    0.000    0.000    0.000    0.000    0.000    0.000    0.000    0.000    0.000    0.000
112       0.000    0.000    0.000    0.000    0.000    0.000    0.000    0.000    0.000    0.000    0.000    0.000    0.000    0.000    2.000    0.000
113       0.000    0.000    0.000    0.000    0.000    0.000    0.000    0.000    0.000    0.000    0.000    0.000    0.000    0.000    0.000    0.000
114       0.000    0.000    0.000    0.000    0.000    0.000    0.000    0.000    0.000    0.000    0.000    0.000    0.000    0.000    0.000    0.000
115       0.000    0.000    0.000    0.000    0.000    0.000    0.000    0.000    0.000    0.000    0.000    0.000    0.000    0.000    0.000    0.000
116       0.000    0.000    0.000    0.000    0.000    0.000    0.000    0.000    0.000    0.000    0.000    0.000    0.000    0.000    0.000    0.000
117       0.000    0.000    0.000    0.000    0.000    0.000    0.000    0.000    0.000    0.000    0.000    0.000    0.000    0.000    0.000    0.000
118       0.000    0.000    0.000    0.000    0.000    0.000    0.000    0.000    0.000    0.000    0.000    0.000    0.000    0.000    0.000    0.000
119       0.000    0.000    0.000    0.000    0.000    0.000    0.000    0.000    0.000    0.000    0.000    0.000    0.000    0.000    0.000    0.000
120       0.000    0.000    0.000    0.000    0.000    0.000    0.000    0.000    0.000    0.000    0.000    0.000    0.000    0.000    0.000    0.000
121       0.000    0.000    0.000    0.000    0.000    0.000    0.000    0.000    0.000    0.000    0.000    0.000    0.000    0.000    0.000    0.000
122       0.000    0.000    0.000    0.000    0.000    0.000    0.000    0.000    0.000    0.000    0.000    0.000    0.000    0.000    0.000    0.000
123       0.000    0.000    0.000    0.000    0.000    0.000    0.000    0.000    0.000    0.000    0.000    0.000    0.000    0.000    0.000    0.000
124       0.000    0.000    0.000    0.000    0.000    0.000    0.000    0.000    0.000    0.000    0.000    0.000    0.000    0.000    0.000    0.000
125       0.000    0.000    0.000    0.000    0.000    0.000    0.000    0.000    0.000    0.000    0.000    0.000    0.000    0.000    0.000    0.000
126       0.000    0.000    0.000    0.000    0.000    0.000    0.000    0.000    0.000    0.000    0.000    0.000    0.000    0.000    0.000    0.000
127       0.000    0.000    0.000    0.000    0.000    0.000    0.000    0.000    0.000    0.000    0.000    0.000    0.000    0.000    0.000    0.000
128       0.000    0.000    0.000    0.000    0.000    0.000    0.000    0.000    0.000    0.000    0.000    0.000    0.000    0.000    0.000    0.000
129       0.000    0.000    0.000    0.000    0.000    0.000    0.000    0.000    0.000    0.000    0.000    0.000    0.000    0.000    0.000    0.000
130       0.000    0.000    0.000    0.000    0.000    0.000    0.000    0.000    0.000    0.000    0.000    0.000    0.000    0.000    0.000    0.000
131       0.000    0.000    0.000    0.000    0.000    0.000    0.000    0.000    0.000    0.000    0.000    0.000    0.000    0.000    0.000    0.000
132       0.000    0.000    0.000    0.000    0.000    0.000    0.000    0.000    0.000    0.000    0.000    0.000    0.000    0.000    0.000    0.000
133       0.000    0.000    0.000    0.000    0.000    0.000    0.000    0.000    0.000    0.000    0.000    0.000    0.000    0.000    0.000    0.000
134       0.000    0.000    0.000    0.000    0.000    0.000    0.000    0.000    0.000    0.000    0.000    0.000    0.000    0.000    0.000    0.000
135       0.000    0.000    0.000    0.000    0.000    0.000    0.000    0.000    0.000    0.000    0.000    0.000    0.000    0.000    0.000    0.000
136       0.000    0.000    0.000    0.000    0.000    0.000    0.000    0.000    0.000    0.000    0.000    0.000    0.000    0.000    0.000    0.000
137       0.000    0.000    0.000    0.000    0.000    0.000    0.000    0.000    0.000    0.000    0.000    0.000    0.000    0.000    0.000    0.000
138       0.000    0.000    0.000    0.000    0.000    0.000    0.000    0.000    0.000    0.000    0.000    0.000    0.000    0.000    0.000    0.000
139       0.000    0.000    0.000    0.000    0.000    0.000    0.000    0.000    0.000    0.000    0.000    0.000    0.000    0.000    0.000    0.000
140       0.000    0.000    0.000    0.000    0.000    0.000    0.000    0.000    0.000    0.000    0.000    0.000    0.000    0.000    0.000    0.000
141       0.000    0.000    0.000    0.000    0.000    0.000    0.000    0.000    0.000    0.000    0.000    0.000    0.000    0.000    0.000    0.000
142       0.000    0.000    0.000    0.000    0.000    0.000    0.000    0.000    0.000    0.000    0.000    0.000    0.000    0.000    0.000    0.000
143       0.000    0.000    0.000    0.000    0.000    0.000    0.000    0.000    0.000    0.000    0.000    0.000    0.000    0.000    0.000    0.000
144       0.000    0.000    0.000    0.000    0.000    0.000    0.000    0.000    0.000    0.000    0.000    0.000    0.000    0.000    0.000    0.000
145       0.000    0.000    0.000    0.000    0.000    0.000    0.000    0.000    0.000    0.000    0.000    0.000    0.000    0.000    0.000    0.000
146       0.000    0.000    0.000    0.000    0.000    0.000    0.000    0.000    0.000    0.000    0.000    0.000    0.000    0.000    0.000    0.000
147       0.000    0.000    0.000    0.000    0.000    0.000    0.000    0.000    0.000    0.000    0.000    0.000    0.000    0.000    0.000    0.000
148       0.000    0.000    0.000    0.000    0.000    0.000    0.000    0.000    0.000    0.000    0.000    0.000    0.000    0.000    0.000    0.000
149       0.000    0.000    0.000    0.000    0.000    0.000    0.000    0.000    0.000    0.000    0.000    0.000    0.000    0.000    0.000    0.000
150       0.000    0.000    0.000    0.000    0.000    0.000    0.000    0.000    0.000    0.000    0.000    0.000    0.000    0.000    0.000    0.000
Sum       0.000    0.000    0.000  539.726 3432.516 5916.269 3262.505 1592.512  311.722  265.250  213.050  161.200  145.917   36.333    2.000    0.000
mW        0.000    0.000    0.000    0.977    1.333    1.794    2.438    2.904    4.157    5.253    5.776    6.088    6.552    6.644   10.460    0.000
mL        0.000    0.000    0.000   48.564   54.260   60.233   66.917   71.028   80.788   88.061   90.668   92.692   95.049   95.472  112.000    0.000
pA        0.000    0.000    0.000    0.034    0.216    0.373    0.205    0.100    0.020    0.017    0.013    0.010    0.009    0.002    0.000    0.000
tot.mW 2167.221 2167.221 2167.221 2167.221 2167.221 2167.221 2167.221 2167.221 2167.221 2167.221 2167.221 2167.221 2167.221 2167.221 2167.221 2167.221
tot.mL   63.014   63.014   63.014   63.014   63.014   63.014   63.014   63.014   63.014   63.014   63.014   63.014   63.014   63.014   63.014   63.014
           Matad       Sum
1          0.000     0.000
2          0.000     0.000
3          0.000     0.000
4          0.000     0.000
5          0.000     0.000
6          0.000     0.000
7          0.000     0.000
8          0.000     0.000
9          0.000     0.000
10         0.000     0.000
11         0.000     0.000
12         0.000     0.000
13         0.000     0.000
14         0.000     0.000
15         0.000     0.000
16         0.000     0.000
17         0.000     0.000
18         0.000     0.000
19         0.000     0.000
20         0.000     0.000
21         0.000     0.000
22         0.000     0.000
23         0.000     0.000
24         0.000     0.000
25         0.000     0.000
26         0.000     0.000
27         0.000     0.000
28         0.000     0.000
29         0.000     0.000
30         0.000     0.000
31         0.000     0.000
32         0.000     0.000
33         0.000     0.000
34         0.000     0.000
35         0.000     0.000
36         0.000     0.000
37         0.000     0.000
38         0.000     0.000
39         1.000     0.000
40        14.000    14.000
41        32.000    32.000
42        45.000    45.000
43        83.000     0.000
44       120.000   120.000
45       147.000     0.000
46       151.000   151.000
47       171.000   171.000
48       176.000   176.000
49       195.000   195.000
50       274.000   274.000
51       318.000   318.000
52       422.000   422.000
53       506.000   506.000
54       604.000   604.000
55       651.000   651.000
56       642.000   642.000
57       770.000   770.000
58       728.000   728.000
59       696.000   696.000
60       803.000   803.000
61       799.000   799.000
62       744.000   744.000
63       685.000   685.000
64       627.000   627.000
65       645.000   645.000
66       493.000   493.000
67       464.000   464.000
68       422.000   422.000
69       393.000   393.000
70       395.000   395.000
71       300.000   300.000
72       270.000   270.000
73       252.000   252.000
74       175.000   175.000
75       148.000   148.000
76       145.000   145.000
77       109.000   109.000
78        96.000    96.000
79        67.000    67.000
80        93.000    93.000
81        74.000    74.000
82        89.000    89.000
83        80.000    80.000
84        71.000    71.000
85        79.000    79.000
86        62.000    62.000
87        85.000    85.000
88        60.000    60.000
89        68.000    68.000
90        91.000    91.000
91        71.000    71.000
92        85.000    85.000
93        67.000    67.000
94        55.000    55.000
95        65.000    65.000
96        44.000    44.000
97        40.000    40.000
98        15.000    15.000
99        21.000    21.000
100       21.000     0.000
101        6.000     0.000
102        6.000     6.000
103        9.000     0.000
104        4.000     0.000
105        8.000     0.000
106        4.000     0.000
107        3.000     3.000
108        2.000     2.000
109        4.000     4.000
110        1.000     0.000
111        0.000     0.000
112        2.000     2.000
113        0.000     0.000
114        0.000     0.000
115        0.000     0.000
116        1.000     0.000
117        0.000     0.000
118        0.000     0.000
119        0.000     0.000
120        0.000     0.000
121        0.000     0.000
122        0.000     0.000
123        0.000     0.000
124        0.000     0.000
125        0.000     0.000
126        0.000     0.000
127        0.000     0.000
128        0.000     0.000
129        0.000     0.000
130        0.000     0.000
131        0.000     0.000
132        0.000     0.000
133        0.000     0.000
134        0.000     0.000
135        0.000     0.000
136        0.000     0.000
137        0.000     0.000
138        0.000     0.000
139        0.000     0.000
140        0.000     0.000
141        0.000     0.000
142        0.000     0.000
143        0.000     0.000
144        0.000     0.000
145        0.000     0.000
146        0.000     0.000
147        0.000     0.000
148        0.000     0.000
149        0.000     0.000
150        0.000     0.000
Sum    16164.000 15879.000
mW         0.000     0.000
mL         0.000     0.000
pA         0.000     0.000
tot.mW  2167.221  2167.221
tot.mL    63.014    63.014

$ALD.j
              0        1        2        3        4        5        6        7        8        9       10       11       12       13       14       15
1         0.000    0.000    0.000    0.000    0.000    0.000    0.000    0.000    0.000    0.000    0.000    0.000    0.000    0.000    0.000    0.000
2         0.000    0.000    0.000    0.000    0.000    0.000    0.000    0.000    0.000    0.000    0.000    0.000    0.000    0.000    0.000    0.000
3         0.000    0.000    0.000    0.000    0.000    0.000    0.000    0.000    0.000    0.000    0.000    0.000    0.000    0.000    0.000    0.000
4         0.000    0.000    0.000    0.000    0.000    0.000    0.000    0.000    0.000    0.000    0.000    0.000    0.000    0.000    0.000    0.000
5         0.000    0.000    0.000    0.000    0.000    0.000    0.000    0.000    0.000    0.000    0.000    0.000    0.000    0.000    0.000    0.000
6         0.000    0.000    0.000    0.000    0.000    0.000    0.000    0.000    0.000    0.000    0.000    0.000    0.000    0.000    0.000    0.000
7         0.000    0.000    0.000    0.000    0.000    0.000    0.000    0.000    0.000    0.000    0.000    0.000    0.000    0.000    0.000    0.000
8         0.000    0.000    0.000    0.000    0.000    0.000    0.000    0.000    0.000    0.000    0.000    0.000    0.000    0.000    0.000    0.000
9         0.000    0.000    0.000    0.000    0.000    0.000    0.000    0.000    0.000    0.000    0.000    0.000    0.000    0.000    0.000    0.000
10        0.000    0.000    0.000    0.000    0.000    0.000    0.000    0.000    0.000    0.000    0.000    0.000    0.000    0.000    0.000    0.000
11        0.000    0.000    0.000    0.000    0.000    0.000    0.000    0.000    0.000    0.000    0.000    0.000    0.000    0.000    0.000    0.000
12        0.000    0.000    0.000    0.000    0.000    0.000    0.000    0.000    0.000    0.000    0.000    0.000    0.000    0.000    0.000    0.000
13        0.000    0.000    0.000    0.000    0.000    0.000    0.000    0.000    0.000    0.000    0.000    0.000    0.000    0.000    0.000    0.000
14        0.000    0.000    0.000    0.000    0.000    0.000    0.000    0.000    0.000    0.000    0.000    0.000    0.000    0.000    0.000    0.000
15        0.000    0.000    0.000    0.000    0.000    0.000    0.000    0.000    0.000    0.000    0.000    0.000    0.000    0.000    0.000    0.000
16        0.000    0.000    0.000    0.000    0.000    0.000    0.000    0.000    0.000    0.000    0.000    0.000    0.000    0.000    0.000    0.000
17        0.000    0.000    0.000    0.000    0.000    0.000    0.000    0.000    0.000    0.000    0.000    0.000    0.000    0.000    0.000    0.000
18        0.000    0.000    0.000    0.000    0.000    0.000    0.000    0.000    0.000    0.000    0.000    0.000    0.000    0.000    0.000    0.000
19        0.000    0.000    0.000    0.000    0.000    0.000    0.000    0.000    0.000    0.000    0.000    0.000    0.000    0.000    0.000    0.000
20        0.000    0.000    0.000    0.000    0.000    0.000    0.000    0.000    0.000    0.000    0.000    0.000    0.000    0.000    0.000    0.000
21        0.000    0.000    0.000    0.000    0.000    0.000    0.000    0.000    0.000    0.000    0.000    0.000    0.000    0.000    0.000    0.000
22        0.000    0.000    0.000    0.000    0.000    0.000    0.000    0.000    0.000    0.000    0.000    0.000    0.000    0.000    0.000    0.000
23        0.000    0.000    0.000    0.000    0.000    0.000    0.000    0.000    0.000    0.000    0.000    0.000    0.000    0.000    0.000    0.000
24        0.000    0.000    0.000    0.000    0.000    0.000    0.000    0.000    0.000    0.000    0.000    0.000    0.000    0.000    0.000    0.000
25        0.000    0.000    0.000    0.000    0.000    0.000    0.000    0.000    0.000    0.000    0.000    0.000    0.000    0.000    0.000    0.000
26        0.000    0.000    0.000    0.000    0.000    0.000    0.000    0.000    0.000    0.000    0.000    0.000    0.000    0.000    0.000    0.000
27        0.000    0.000    0.000    0.000    0.000    0.000    0.000    0.000    0.000    0.000    0.000    0.000    0.000    0.000    0.000    0.000
28        0.000    0.000    0.000    0.000    0.000    0.000    0.000    0.000    0.000    0.000    0.000    0.000    0.000    0.000    0.000    0.000
29        0.000    0.000    0.000    0.000    0.000    0.000    0.000    0.000    0.000    0.000    0.000    0.000    0.000    0.000    0.000    0.000
30        0.000    0.000    0.000    0.000    0.000    0.000    0.000    0.000    0.000    0.000    0.000    0.000    0.000    0.000    0.000    0.000
31        0.000    0.000    0.000    0.000    0.000    0.000    0.000    0.000    0.000    0.000    0.000    0.000    0.000    0.000    0.000    0.000
32        0.000    0.000    0.000    0.000    0.000    0.000    0.000    0.000    0.000    0.000    0.000    0.000    0.000    0.000    0.000    0.000
33        0.000    0.000    0.000    0.000    0.000    0.000    0.000    0.000    0.000    0.000    0.000    0.000    0.000    0.000    0.000    0.000
34        0.000    0.000    0.000    0.000    0.000    0.000    0.000    0.000    0.000    0.000    0.000    0.000    0.000    0.000    0.000    0.000
35        0.000    0.000    0.000    0.000    0.000    0.000    0.000    0.000    0.000    0.000    0.000    0.000    0.000    0.000    0.000    0.000
36        0.000    0.000    0.000    0.000    0.000    0.000    0.000    0.000    0.000    0.000    0.000    0.000    0.000    0.000    0.000    0.000
37        0.000    0.000    0.000    0.000    0.000    0.000    0.000    0.000    0.000    0.000    0.000    0.000    0.000    0.000    0.000    0.000
38        0.000    0.000    0.000    0.000    0.000    0.000    0.000    0.000    0.000    0.000    0.000    0.000    0.000    0.000    0.000    0.000
39        0.000    0.000    0.000    0.843    0.144    0.008    0.002    0.003    0.000    0.000    0.000    0.000    0.000    0.000    0.000    0.000
40        0.000    0.000    0.000   11.150    2.613    0.156    0.032    0.048    0.000    0.000    0.000    0.000    0.000    0.000    0.000    0.000
41        0.000    0.000    0.000   23.688    7.597    0.512    0.091    0.112    0.000    0.000    0.000    0.000    0.000    0.000    0.000    0.000
42        0.000    0.000    0.000   30.386   13.276    1.020    0.157    0.161    0.000    0.000    0.000    0.000    0.000    0.000    0.000    0.000
43        0.000    0.000    0.000   50.059   29.657    2.620    0.356    0.308    0.000    0.000    0.000    0.000    0.000    0.000    0.000    0.000
44        0.000    0.000    0.000   63.194   50.534    5.174    0.633    0.464    0.000    0.000    0.000    0.000    0.000    0.000    0.000    0.000
45        0.000    0.000    0.000   66.022   70.939    8.490    0.951    0.599    0.000    0.000    0.000    0.000    0.000    0.000    0.000    0.000
46        0.000    0.000    0.000   56.499   81.197   11.456    1.194    0.653    0.001    0.000    0.000    0.000    0.000    0.000    0.000    0.000
47        0.000    0.000    0.000   52.113   99.715   16.728    1.651    0.792    0.001    0.000    0.000    0.000    0.000    0.000    0.000    0.000
48        0.000    0.000    0.000   42.768  108.457   21.818    2.073    0.883    0.001    0.000    0.000    0.000    0.000    0.000    0.000    0.000
49        0.000    0.000    0.000   37.041  123.928   30.150    2.807    1.072    0.001    0.000    0.000    0.000    0.000    0.000    0.000    0.000
50        0.000    0.000    0.000   39.939  175.483   52.072    4.831    1.673    0.002    0.000    0.000    0.000    0.000    0.000    0.000    0.000
51        0.000    0.000    0.000   34.943  200.712   73.263    6.891    2.187    0.004    0.000    0.000    0.000    0.000    0.000    0.000    0.000
52        0.000    0.000    0.000   34.352  256.772  116.277   11.278    3.315    0.006    0.000    0.000    0.000    0.000    0.000    0.000    0.000
53        0.000    0.000    0.000   29.975  290.234  164.444   16.732    4.605    0.010    0.000    0.000    0.000    0.000    0.000    0.000    0.000
54        0.000    0.000    0.000   25.556  319.077  228.129   24.769    6.453    0.017    0.000    0.000    0.000    0.000    0.000    0.000    0.000
55        0.000    0.000    0.000   19.285  309.067  281.219   33.142    8.262    0.025    0.000    0.000    0.000    0.000    0.000    0.000    0.000
56        0.000    0.000    0.000   13.034  266.896  311.695   40.561    9.779    0.035    0.000    0.000    0.000    0.000    0.000    0.000    0.000
57        0.000    0.000    0.000   10.471  272.721  412.281   60.261   14.205    0.061    0.000    0.000    0.000    0.000    0.000    0.000    0.000
58        0.000    0.000    0.000    6.473  213.449  421.255   70.352   16.389    0.083    0.000    0.000    0.000    0.000    0.000    0.000    0.000
59        0.000    0.000    0.000    3.945  163.957  426.039   82.697   19.246    0.117    0.000    0.000    0.000    0.000    0.000    0.000    0.000
60        0.000    0.000    0.000    2.826  147.368  508.487  116.694   27.425    0.200    0.000    0.000    0.000    0.000    0.000    0.000    0.000
61        0.000    0.000    0.000    1.699  110.660  511.348  141.136   33.859    0.297    0.000    0.000    0.000    0.000    0.000    0.000    0.000
62        0.000    0.000    0.000    0.929   75.241  469.591  158.569   39.253    0.416    0.000    0.000    0.000    0.000    0.000    0.000    0.000
63        0.000    0.000    0.000    0.488   48.864  415.418  174.575   45.076    0.579    0.000    0.000    0.000    0.000    0.000    0.000    0.000
64        0.000    0.000    0.000    0.246   30.409  355.157  188.945   51.438    0.804    0.000    0.000    0.000    0.000    0.000    0.000    0.000
65        0.000    0.000    0.000    0.135   20.442  330.787  226.625   65.756    1.254    0.000    0.000    0.000    0.000    0.000    0.000    0.000
66        0.000    0.000    0.000    0.053    9.781  221.170  198.496   62.050    1.450    0.000    0.000    0.000    0.000    0.000    0.000    0.000
67        0.000    0.000    0.000    0.025    5.503  175.338  209.696   71.388    2.051    0.000    0.000    0.000    0.000    0.000    0.000    0.000
68        0.000    0.000    0.000    0.010    2.847  128.957  209.058   78.349    2.778    0.000    0.000    0.000    0.000    0.000    0.000    0.000
69        0.000    0.000    0.000    0.004    1.433   93.039  207.979   86.736    3.807    0.000    0.000    0.000    0.000    0.000    0.000    0.000
70        0.000    0.000    0.000    0.002    0.739   69.330  217.386  101.980    5.562    0.000    0.000    0.000    0.001    0.000    0.000    0.000
71        0.000    0.000    0.000    0.001    0.273   37.360  167.144   89.157    6.063    0.000    0.001    0.001    0.001    0.000    0.000    0.000
72        0.000    0.000    0.000    0.000    0.114   22.845  148.345   90.952    7.738    0.000    0.002    0.002    0.003    0.000    0.000    0.000
73        0.000    0.000    0.000    0.000    0.047   13.883  133.107   94.819   10.130    0.000    0.005    0.005    0.006    0.000    0.000    0.000
74        0.000    0.000    0.000    0.000    0.013    6.019   86.670   72.511    9.761    0.000    0.009    0.008    0.009    0.000    0.000    0.000
75        0.000    0.000    0.000    0.000    0.005    3.046   67.010   66.557   11.330    0.000    0.020    0.017    0.016    0.000    0.000    0.000
76        0.000    0.000    0.000    0.000    0.002    1.709   58.448   69.669   15.049    0.000    0.049    0.040    0.033    0.000    0.000    0.000
77        0.000    0.000    0.000    0.000    0.000    0.703   38.007   54.957   15.118    0.000    0.091    0.069    0.052    0.001    0.000    0.000
78        0.000    0.000    0.000    0.000    0.000    0.323   28.044   49.726   17.480    0.003    0.190    0.137    0.095    0.002    0.000    0.000
79        0.000    0.000    0.000    0.000    0.000    0.111   15.812   34.753   15.666    0.016    0.300    0.206    0.132    0.004    0.000    0.000
80        0.000    0.000    0.000    0.000    0.000    0.072   16.993   46.796   27.149    0.140    0.892    0.589    0.354    0.014    0.000    0.000
81        0.000    0.000    0.000    0.000    0.000    0.025    9.929   34.634   25.949    0.569    1.429    0.916    0.522    0.027    0.000    0.000
82        0.000    0.000    0.000    0.000    0.000    0.012    8.149   36.390   35.336    2.771    3.188    1.994    1.091    0.070    0.000    0.000
83        0.000    0.000    0.000    0.000    0.000    0.004    4.475   25.866   32.665    7.716    4.714    2.901    1.538    0.121    0.000    0.000
84        0.000    0.000    0.000    0.000    0.000    0.001    2.089   15.794   26.032   15.597    5.870    3.580    1.861    0.177    0.000    0.000
85        0.000    0.000    0.000    0.000    0.000    0.000    1.057   10.566   22.811   29.195    7.849    4.780    2.462    0.280    0.000    0.000
86        0.000    0.000    0.000    0.000    0.000    0.000    0.348    4.657   13.214   30.425    6.777    4.151    2.142    0.286    0.000    0.000
87        0.000    0.000    0.000    0.000    0.000    0.000    0.201    3.628   13.577   47.367   10.139    6.291    3.288    0.509    0.000    0.000
88        0.000    0.000    0.000    0.000    0.000    0.000    0.063    1.549    7.673   34.158    8.148    5.160    2.762    0.488    0.000    0.000
89        0.000    0.000    0.000    0.000    0.000    0.000    0.034    1.146    7.544   36.092   11.126    7.245    4.016    0.797    0.000    0.000
90        0.000    0.000    0.000    0.000    0.000    0.000    0.022    1.064    9.331   40.406   18.670   12.592    7.309    1.605    0.000    0.000
91        0.000    0.000    0.000    0.000    0.000    0.000    0.009    0.586    6.877   22.697   18.231   12.830    7.883    1.887    0.000    0.000
92        0.000    0.000    0.000    0.000    0.000    0.000    0.005    0.480    7.555   16.009   25.923   19.177   12.609    3.242    0.000    0.000
93        0.000    0.000    0.000    0.000    0.000    0.000    0.002    0.243    5.153    5.903   22.349   17.508   12.455    3.388    0.000    0.000
94        0.000    0.000    0.000    0.000    0.000    0.000    0.001    0.121    3.469    1.809   18.574   15.522   12.080    3.424    0.000    0.000
95        0.000    0.000    0.000    0.000    0.000    0.000    0.000    0.084    3.262    0.652   21.064   18.917   16.283    4.738    0.000    0.000
96        0.000    0.000    0.000    0.000    0.000    0.000    0.000    0.033    1.739    0.112   13.230   12.862   12.381    3.643    0.000    0.000
97        0.000    0.000    0.000    0.000    0.000    0.000    0.000    0.017    1.245    0.022   10.898   11.556   12.576    3.685    0.000    0.000
98        0.000    0.000    0.000    0.000    0.000    0.000    0.000    0.004    0.369    0.001    3.629    4.227    5.258    1.512    0.000    0.000
99        0.000    0.000    0.000    0.000    0.000    0.000    0.000    0.003    0.410    0.000    4.420    5.698    8.193    2.277    0.000    0.000
100       0.000    0.000    0.000    0.000    0.000    0.000    0.000    0.002    0.325    0.000    3.765    5.412    9.091    2.405    0.000    0.000
101       0.000    0.000    0.000    0.000    0.000    0.000    0.000    0.000    0.074    0.000    0.896    1.447    2.871    0.712    0.000    0.000
102       0.000    0.000    0.000    0.000    0.000    0.000    0.000    0.000    0.059    0.000    0.729    1.332    3.157    0.723    0.000    0.000
103       0.000    0.000    0.000    0.000    0.000    0.000    0.000    0.000    0.070    0.000    0.868    1.808    5.175    1.079    0.000    0.000
104       0.000    0.000    0.000    0.000    0.000    0.000    0.000    0.000    0.025    0.000    0.299    0.714    2.496    0.467    0.000    0.000
105       0.000    0.000    0.000    0.000    0.000    0.000    0.000    0.000    0.039    0.000    0.451    1.246    5.377    0.887    0.000    0.000
106       0.000    0.000    0.000    0.000    0.000    0.000    0.000    0.000    0.015    0.000    0.166    0.534    2.873    0.412    0.000    0.000
107       0.000    0.000    0.000    0.000    0.000    0.000    0.000    0.000    0.009    0.000    0.089    0.336    2.285    0.281    0.000    0.000
108       0.000    0.000    0.000    0.000    0.000    0.000    0.000    0.000    0.005    0.000    0.041    0.185    1.603    0.166    0.000    0.000
109       0.000    0.000    0.000    0.000    0.000    0.000    0.000    0.000    0.007    0.000    0.056    0.299    3.348    0.289    0.000    0.000
110       0.000    0.000    0.000    0.000    0.000    0.000    0.000    0.000    0.001    0.000    0.009    0.060    0.868    0.061    0.000    0.000
111       0.000    0.000    0.000    0.000    0.000    0.000    0.000    0.000    0.000    0.000    0.000    0.000    0.000    0.000    0.000    0.000
112       0.000    0.000    0.000    0.000    0.000    0.000    0.000    0.000    0.000    0.000    0.000    0.004    0.110    0.005    1.880    0.000
113       0.000    0.000    0.000    0.000    0.000    0.000    0.000    0.000    0.000    0.000    0.000    0.000    0.000    0.000    0.000    0.000
114       0.000    0.000    0.000    0.000    0.000    0.000    0.000    0.000    0.000    0.000    0.000    0.000    0.000    0.000    0.000    0.000
115       0.000    0.000    0.000    0.000    0.000    0.000    0.000    0.000    0.000    0.000    0.000    0.000    0.000    0.000    0.000    0.000
116       0.000    0.000    0.000    0.000    0.000    0.000    0.000    0.000    0.000    0.000    0.000    0.011    0.973    0.015    0.000    0.000
117       0.000    0.000    0.000    0.000    0.000    0.000    0.000    0.000    0.000    0.000    0.000    0.000    0.000    0.000    0.000    0.000
118       0.000    0.000    0.000    0.000    0.000    0.000    0.000    0.000    0.000    0.000    0.000    0.000    0.000    0.000    0.000    0.000
119       0.000    0.000    0.000    0.000    0.000    0.000    0.000    0.000    0.000    0.000    0.000    0.000    0.000    0.000    0.000    0.000
120       0.000    0.000    0.000    0.000    0.000    0.000    0.000    0.000    0.000    0.000    0.000    0.000    0.000    0.000    0.000    0.000
121       0.000    0.000    0.000    0.000    0.000    0.000    0.000    0.000    0.000    0.000    0.000    0.000    0.000    0.000    0.000    0.000
122       0.000    0.000    0.000    0.000    0.000    0.000    0.000    0.000    0.000    0.000    0.000    0.000    0.000    0.000    0.000    0.000
123       0.000    0.000    0.000    0.000    0.000    0.000    0.000    0.000    0.000    0.000    0.000    0.000    0.000    0.000    0.000    0.000
124       0.000    0.000    0.000    0.000    0.000    0.000    0.000    0.000    0.000    0.000    0.000    0.000    0.000    0.000    0.000    0.000
125       0.000    0.000    0.000    0.000    0.000    0.000    0.000    0.000    0.000    0.000    0.000    0.000    0.000    0.000    0.000    0.000
126       0.000    0.000    0.000    0.000    0.000    0.000    0.000    0.000    0.000    0.000    0.000    0.000    0.000    0.000    0.000    0.000
127       0.000    0.000    0.000    0.000    0.000    0.000    0.000    0.000    0.000    0.000    0.000    0.000    0.000    0.000    0.000    0.000
128       0.000    0.000    0.000    0.000    0.000    0.000    0.000    0.000    0.000    0.000    0.000    0.000    0.000    0.000    0.000    0.000
129       0.000    0.000    0.000    0.000    0.000    0.000    0.000    0.000    0.000    0.000    0.000    0.000    0.000    0.000    0.000    0.000
130       0.000    0.000    0.000    0.000    0.000    0.000    0.000    0.000    0.000    0.000    0.000    0.000    0.000    0.000    0.000    0.000
131       0.000    0.000    0.000    0.000    0.000    0.000    0.000    0.000    0.000    0.000    0.000    0.000    0.000    0.000    0.000    0.000
132       0.000    0.000    0.000    0.000    0.000    0.000    0.000    0.000    0.000    0.000    0.000    0.000    0.000    0.000    0.000    0.000
133       0.000    0.000    0.000    0.000    0.000    0.000    0.000    0.000    0.000    0.000    0.000    0.000    0.000    0.000    0.000    0.000
134       0.000    0.000    0.000    0.000    0.000    0.000    0.000    0.000    0.000    0.000    0.000    0.000    0.000    0.000    0.000    0.000
135       0.000    0.000    0.000    0.000    0.000    0.000    0.000    0.000    0.000    0.000    0.000    0.000    0.000    0.000    0.000    0.000
136       0.000    0.000    0.000    0.000    0.000    0.000    0.000    0.000    0.000    0.000    0.000    0.000    0.000    0.000    0.000    0.000
137       0.000    0.000    0.000    0.000    0.000    0.000    0.000    0.000    0.000    0.000    0.000    0.000    0.000    0.000    0.000    0.000
138       0.000    0.000    0.000    0.000    0.000    0.000    0.000    0.000    0.000    0.000    0.000    0.000    0.000    0.000    0.000    0.000
139       0.000    0.000    0.000    0.000    0.000    0.000    0.000    0.000    0.000    0.000    0.000    0.000    0.000    0.000    0.000    0.000
140       0.000    0.000    0.000    0.000    0.000    0.000    0.000    0.000    0.000    0.000    0.000    0.000    0.000    0.000    0.000    0.000
141       0.000    0.000    0.000    0.000    0.000    0.000    0.000    0.000    0.000    0.000    0.000    0.000    0.000    0.000    0.000    0.000
142       0.000    0.000    0.000    0.000    0.000    0.000    0.000    0.000    0.000    0.000    0.000    0.000    0.000    0.000    0.000    0.000
143       0.000    0.000    0.000    0.000    0.000    0.000    0.000    0.000    0.000    0.000    0.000    0.000    0.000    0.000    0.000    0.000
144       0.000    0.000    0.000    0.000    0.000    0.000    0.000    0.000    0.000    0.000    0.000    0.000    0.000    0.000    0.000    0.000
145       0.000    0.000    0.000    0.000    0.000    0.000    0.000    0.000    0.000    0.000    0.000    0.000    0.000    0.000    0.000    0.000
146       0.000    0.000    0.000    0.000    0.000    0.000    0.000    0.000    0.000    0.000    0.000    0.000    0.000    0.000    0.000    0.000
147       0.000    0.000    0.000    0.000    0.000    0.000    0.000    0.000    0.000    0.000    0.000    0.000    0.000    0.000    0.000    0.000
148       0.000    0.000    0.000    0.000    0.000    0.000    0.000    0.000    0.000    0.000    0.000    0.000    0.000    0.000    0.000    0.000
149       0.000    0.000    0.000    0.000    0.000    0.000    0.000    0.000    0.000    0.000    0.000    0.000    0.000    0.000    0.000    0.000
150       0.000    0.000    0.000    0.000    0.000    0.000    0.000    0.000    0.000    0.000    0.000    0.000    0.000    0.000    0.000    0.000
Sum       0.000    0.000    0.000  658.155 3510.168 5949.539 3196.585 1561.281  379.889  291.662  225.155  182.367  167.636   39.683    1.880    0.000
mW        0.000    0.000    0.000    0.932    1.323    1.787    2.392    2.867    4.247    5.233    5.926    6.143    6.740    6.690   10.460    0.000
mL        0.000    0.000    0.000   47.709   54.090   60.148   66.533   70.735   81.421   87.915   91.629   92.813   95.647   95.407  112.000    0.000
pA        0.000    0.000    0.000    0.041    0.217    0.368    0.198    0.097    0.024    0.018    0.014    0.011    0.010    0.002    0.000    0.000
tot.mW 2166.644 2166.644 2166.644 2166.644 2166.644 2166.644 2166.644 2166.644 2166.644 2166.644 2166.644 2166.644 2166.644 2166.644 2166.644 2166.644
tot.mL   62.878   62.878   62.878   62.878   62.878   62.878   62.878   62.878   62.878   62.878   62.878   62.878   62.878   62.878   62.878   62.878
           Matad       Sum
1          0.000     0.000
2          0.000     0.000
3          0.000     0.000
4          0.000     0.000
5          0.000     0.000
6          0.000     0.000
7          0.000     0.000
8          0.000     0.000
9          0.000     0.000
10         0.000     0.000
11         0.000     0.000
12         0.000     0.000
13         0.000     0.000
14         0.000     0.000
15         0.000     0.000
16         0.000     0.000
17         0.000     0.000
18         0.000     0.000
19         0.000     0.000
20         0.000     0.000
21         0.000     0.000
22         0.000     0.000
23         0.000     0.000
24         0.000     0.000
25         0.000     0.000
26         0.000     0.000
27         0.000     0.000
28         0.000     0.000
29         0.000     0.000
30         0.000     0.000
31         0.000     0.000
32         0.000     0.000
33         0.000     0.000
34         0.000     0.000
35         0.000     0.000
36         0.000     0.000
37         0.000     0.000
38         0.000     0.000
39         1.000     1.000
40        14.000    14.000
41        32.000    32.000
42        45.000    45.000
43        83.000    83.000
44       120.000   120.000
45       147.000   147.000
46       151.000   151.000
47       171.000   171.000
48       176.000   176.000
49       195.000   195.000
50       274.000   274.000
51       318.000   318.000
52       422.000   422.000
53       506.000   506.000
54       604.000   604.000
55       651.000   651.000
56       642.000   642.000
57       770.000   770.000
58       728.000   728.000
59       696.000   696.000
60       803.000   803.000
61       799.000   799.000
62       744.000   744.000
63       685.000   685.000
64       627.000   627.000
65       645.000   645.000
66       493.000   493.000
67       464.000   464.000
68       422.000   422.000
69       393.000   393.000
70       395.000   395.000
71       300.000   300.000
72       270.000   270.000
73       252.000   252.000
74       175.000   175.000
75       148.000   148.000
76       145.000   145.000
77       109.000   109.000
78        96.000    96.000
79        67.000    67.000
80        93.000    93.000
81        74.000    74.000
82        89.000    89.000
83        80.000    80.000
84        71.000    71.000
85        79.000    79.000
86        62.000    62.000
87        85.000    85.000
88        60.000    60.000
89        68.000    68.000
90        91.000    91.000
91        71.000    71.000
92        85.000    85.000
93        67.000    67.000
94        55.000    55.000
95        65.000    65.000
96        44.000    44.000
97        40.000    40.000
98        15.000    15.000
99        21.000    21.000
100       21.000    21.000
101        6.000     6.000
102        6.000     6.000
103        9.000     9.000
104        4.000     4.000
105        8.000     8.000
106        4.000     4.000
107        3.000     3.000
108        2.000     2.000
109        4.000     4.000
110        1.000     1.000
111        0.000     0.000
112        2.000     2.000
113        0.000     0.000
114        0.000     0.000
115        0.000     0.000
116        1.000     1.000
117        0.000     0.000
118        0.000     0.000
119        0.000     0.000
120        0.000     0.000
121        0.000     0.000
122        0.000     0.000
123        0.000     0.000
124        0.000     0.000
125        0.000     0.000
126        0.000     0.000
127        0.000     0.000
128        0.000     0.000
129        0.000     0.000
130        0.000     0.000
131        0.000     0.000
132        0.000     0.000
133        0.000     0.000
134        0.000     0.000
135        0.000     0.000
136        0.000     0.000
137        0.000     0.000
138        0.000     0.000
139        0.000     0.000
140        0.000     0.000
141        0.000     0.000
142        0.000     0.000
143        0.000     0.000
144        0.000     0.000
145        0.000     0.000
146        0.000     0.000
147        0.000     0.000
148        0.000     0.000
149        0.000     0.000
150        0.000     0.000
Sum    16164.000 16164.000
mW         0.000     0.000
mL         0.000     0.000
pA         0.000     0.000
tot.mW  2166.644  2166.644
tot.mL    62.878    62.878


 .... [TRUNCATED] 
>>>>>>>>>>>>>>>>>>>>>>>>>>>>>>>>>>>>>>>>>>>>>>>>>>>>>>>>>>>>>> 
 > Dato                :  Mon Dec  1 14:00:50 2014 
 > Slag                :  UP 
 > Ár                  :  2014 
 > Tiŵarskeiŵ          :  JAN-DEC 
 > Skipabólk/-ar       :  19 20 21 
 > Skipabólk/-ar (lán) :  0 
 > ICES-øki            :  VB1 
 <<<<<<<<<<<<<<<<<<<<<<<<<<<<<<<<<<<<<<<<<<<<<<<<<<<<<<<<<<<<<< 

$URSLITID
   aldur tal_matad tal_fiskad midal_longd midal_vekt roknad_veida
0      0         0          0        0.00      0.000            0
1      1         0          0        0.00      0.000            0
2      2         0          0        0.00      0.000            0
3      3       540          0       48.56      0.977            0
4      4      3433          0       54.26      1.333            0
5      5      5916          0       60.23      1.794            0
6      6      3263          0       66.92      2.438            0
7      7      1593          0       71.03      2.904            0
8      8       312          0       80.79      4.157            0
9      9       265          0       88.06      5.253            0
10    10       213          0       90.67      5.776            0
11    11       161          0       92.69      6.088            0
12    12       146          0       95.05      6.552            0
13    13        36          0       95.47      6.644            0
14    14         2          0      112.00     10.460            0
15    15         0          0        0.00      0.000            0
17   Sum     15880          0       63.01      2.167            0

$URSLITID.j
   aldur tal_matad tal_fiskad midal_longd midal_vekt roknad_veida
0      0         0          0        0.00      0.000            0
1      1         0          0        0.00      0.000            0
2      2         0          0        0.00      0.000            0
3      3       658          0       47.71      0.932            0
4      4      3510          0       54.09      1.323            0
5      5      5950          0       60.15      1.787            0
6      6      3197          0       66.53      2.392            0
7      7      1561          0       70.74      2.867            0
8      8       380          0       81.42      4.247            0
9      9       292          0       87.92      5.233            0
10    10       225          0       91.63      5.926            0
11    11       182          0       92.81      6.143            0
12    12       168          0       95.65      6.740            0
13    13        40          0       95.41      6.690            0
14    14         2          0      112.00     10.460            0
15    15         0          0        0.00      0.000            0
17   Sum     16165          0       62.88      2.167            0


 .... [TRUNCATED] 
