
 .... [TRUNCATED] 
<<<<<<<<<<<<<<<<<<<<<<<<<<<<<<<<<<<<<<<<<<<<<<<<<<<<<<<<<<<<<<<<<<<<<<<< 
 > Dato                                      :  Mon Dec  8 14:49:36 2014 
 > Slag                                      :  UP 
 > Ár                                        :  2014 
 > Skipabólk/-ar                             :  21 
 > Byrjanar og enda mánaŵ fyri ALK/ALD       :  JAN-DEC 
 > Skipabólk/-ar, sum longdir eru lántar frá :  0 
 > Skipabólk/-ar, sum vektir eru lántar frá  :  0 
 > Skipabólk/-ar, sum aldrar eru lántar frá  :  0 
 > ICES-øki                                  :  VB1 
 <<<<<<<<<<<<<<<<<<<<<<<<<<<<<<<<<<<<<<<<<<<<<<<<<<<<<<<<<<<<<<<<<<<<<<<<
 .... [TRUNCATED] 
>>>>>>>>>>>>>>>>>>>>>>>>>>>>>>>>>>>>> 
> Alpha	 = 0.0130968
> Beta	 = 2.876257
> R^2	 = 0.9776902
> N	 = 1012
> Veida (kg.)	  = 77777
> Rundveida (kg.) = 86332.47
<<<<<<<<<<<<<<<<<<<<<<<<<<<<<<<<<<<<<
 .... [TRUNCATED] 
>>>>>>>>>>>>>> 	 ALK-lykil 	 <<<<<<<<<<<<
 .... [TRUNCATED] 
$ALK
    longd 0 1 2 3 4  5 6 7 8 9 10 11 12 13 14 15 Sum Matad
1       1 0 0 0 0 0  0 0 0 0 0  0  0  0  0  0  0   0     0
2       2 0 0 0 0 0  0 0 0 0 0  0  0  0  0  0  0   0     0
3       3 0 0 0 0 0  0 0 0 0 0  0  0  0  0  0  0   0     0
4       4 0 0 0 0 0  0 0 0 0 0  0  0  0  0  0  0   0     0
5       5 0 0 0 0 0  0 0 0 0 0  0  0  0  0  0  0   0     0
6       6 0 0 0 0 0  0 0 0 0 0  0  0  0  0  0  0   0     0
7       7 0 0 0 0 0  0 0 0 0 0  0  0  0  0  0  0   0     0
8       8 0 0 0 0 0  0 0 0 0 0  0  0  0  0  0  0   0     0
9       9 0 0 0 0 0  0 0 0 0 0  0  0  0  0  0  0   0     0
10     10 0 0 0 0 0  0 0 0 0 0  0  0  0  0  0  0   0     0
11     11 0 0 0 0 0  0 0 0 0 0  0  0  0  0  0  0   0     0
12     12 0 0 0 0 0  0 0 0 0 0  0  0  0  0  0  0   0     0
13     13 0 0 0 0 0  0 0 0 0 0  0  0  0  0  0  0   0     0
14     14 0 0 0 0 0  0 0 0 0 0  0  0  0  0  0  0   0     0
15     15 0 0 0 0 0  0 0 0 0 0  0  0  0  0  0  0   0     0
16     16 0 0 0 0 0  0 0 0 0 0  0  0  0  0  0  0   0     0
17     17 0 0 0 0 0  0 0 0 0 0  0  0  0  0  0  0   0     0
18     18 0 0 0 0 0  0 0 0 0 0  0  0  0  0  0  0   0     0
19     19 0 0 0 0 0  0 0 0 0 0  0  0  0  0  0  0   0     0
20     20 0 0 0 0 0  0 0 0 0 0  0  0  0  0  0  0   0     0
21     21 0 0 0 0 0  0 0 0 0 0  0  0  0  0  0  0   0     0
22     22 0 0 0 0 0  0 0 0 0 0  0  0  0  0  0  0   0     0
23     23 0 0 0 0 0  0 0 0 0 0  0  0  0  0  0  0   0     0
24     24 0 0 0 0 0  0 0 0 0 0  0  0  0  0  0  0   0     0
25     25 0 0 0 0 0  0 0 0 0 0  0  0  0  0  0  0   0     0
26     26 0 0 0 0 0  0 0 0 0 0  0  0  0  0  0  0   0     0
27     27 0 0 0 0 0  0 0 0 0 0  0  0  0  0  0  0   0     0
28     28 0 0 0 0 0  0 0 0 0 0  0  0  0  0  0  0   0     0
29     29 0 0 0 0 0  0 0 0 0 0  0  0  0  0  0  0   0     0
30     30 0 0 0 0 0  0 0 0 0 0  0  0  0  0  0  0   0     0
31     31 0 0 0 0 0  0 0 0 0 0  0  0  0  0  0  0   0     0
32     32 0 0 0 0 0  0 0 0 0 0  0  0  0  0  0  0   0     0
33     33 0 0 0 0 0  0 0 0 0 0  0  0  0  0  0  0   0     0
34     34 0 0 0 0 0  0 0 0 0 0  0  0  0  0  0  0   0     0
35     35 0 0 0 0 0  0 0 0 0 0  0  0  0  0  0  0   0     0
36     36 0 0 0 0 0  0 0 0 0 0  0  0  0  0  0  0   0     0
37     37 0 0 0 0 0  0 0 0 0 0  0  0  0  0  0  0   0     0
38     38 0 0 0 0 0  0 0 0 0 0  0  0  0  0  0  0   0     0
39     39 0 0 0 0 0  0 0 0 0 0  0  0  0  0  0  0   0     0
40     40 0 0 0 0 0  0 0 0 0 0  0  0  0  0  0  0   0     2
41     41 0 0 0 1 0  0 0 0 0 0  0  0  0  0  0  0   1     8
42     42 0 0 0 0 0  0 0 0 0 0  0  0  0  0  0  0   0    14
43     43 0 0 0 0 0  0 0 0 0 0  0  0  0  0  0  0   0    22
44     44 0 0 0 0 0  0 0 0 0 0  0  0  0  0  0  0   0    41
45     45 0 0 0 0 0  0 0 0 0 0  0  0  0  0  0  0   0    44
46     46 0 0 0 0 0  0 0 0 0 0  0  0  0  0  0  0   0    28
47     47 0 0 0 1 1  0 0 0 0 0  0  0  0  0  0  0   2    33
48     48 0 0 0 1 0  0 0 0 0 0  0  0  0  0  0  0   1    18
49     49 0 0 0 0 0  1 0 0 0 0  0  0  0  0  0  0   1    26
50     50 0 0 0 0 0  1 0 0 0 0  0  0  0  0  0  0   1    44
51     51 0 0 0 0 4  1 0 0 0 0  0  0  0  0  0  0   5    38
52     52 0 0 0 0 5  2 0 0 0 0  0  0  0  0  0  0   7    62
53     53 0 0 0 0 8  1 1 0 0 0  0  0  0  0  0  0  10    77
54     54 0 0 0 0 4  0 0 0 0 0  0  0  0  0  0  0   4    85
55     55 0 0 0 0 2  8 1 0 0 0  0  0  0  0  0  0  11   121
56     56 0 0 0 0 5  6 0 0 0 0  0  0  0  0  0  0  11    97
57     57 0 0 0 0 4  5 1 0 0 0  0  0  0  0  0  0  10   110
58     58 0 0 0 0 1 12 2 1 0 0  0  0  0  0  0  0  16   105
59     59 0 0 0 0 2 13 2 1 0 0  0  0  0  0  0  0  18   105
60     60 0 0 0 0 0  6 3 1 0 0  0  0  0  0  0  0  10   130
61     61 0 0 0 0 2 13 3 0 0 0  0  0  0  0  0  0  18   119
62     62 0 0 0 0 0 12 3 0 0 0  0  0  0  0  0  0  15   131
63     63 0 0 0 0 1  7 6 1 0 0  0  0  0  0  0  0  15   130
64     64 0 0 0 0 0  4 7 1 0 0  0  0  0  0  0  0  12   115
65     65 0 0 0 0 0  3 4 1 0 0  0  0  0  0  0  0   8   117
66     66 0 0 0 0 0  1 3 1 0 0  0  0  0  0  0  0   5    93
67     67 0 0 0 0 0  1 1 2 0 0  0  0  0  0  0  0   4    77
68     68 0 0 0 0 0  1 3 2 0 0  0  0  0  0  0  0   6    87
69     69 0 0 0 0 0  3 2 0 0 0  0  0  0  0  0  0   5    65
70     70 0 0 0 0 0  1 5 4 0 0  0  0  0  0  0  0  10    90
71     71 0 0 0 0 0  0 7 1 0 0  0  0  0  0  0  0   8    71
72     72 0 0 0 0 0  0 2 1 2 0  0  0  0  0  0  0   5    60
73     73 0 0 0 0 0  0 4 0 0 0  0  0  0  0  0  0   4    60
74     74 0 0 0 0 0  0 0 1 0 0  0  0  0  0  0  0   1    39
75     75 0 0 0 0 0  0 0 0 0 0  0  0  0  0  0  0   0    24
76     76 0 0 0 0 0  0 0 0 0 0  0  0  0  0  0  0   0    31
77     77 0 0 0 0 0  0 1 1 0 0  0  0  0  0  0  0   2    25
78     78 0 0 0 0 0  0 1 2 1 0  0  0  0  0  0  0   4    23
79     79 0 0 0 0 0  0 0 1 0 0  0  0  0  0  0  0   1    11
80     80 0 0 0 0 0  0 0 0 0 0  0  0  0  0  0  0   0    20
81     81 0 0 0 0 0  0 0 0 0 0  0  0  0  0  0  0   0    10
82     82 0 0 0 0 0  0 0 0 0 0  0  0  0  0  0  0   0    21
83     83 0 0 0 0 0  0 0 0 0 0  0  0  0  0  0  0   0    12
84     84 0 0 0 0 0  0 0 0 0 0  0  0  0  0  0  0   0    16
85     85 0 0 0 0 0  0 0 0 0 1  0  0  0  0  0  0   1    17
86     86 0 0 0 0 0  0 0 0 2 0  0  0  0  0  0  0   2    17
87     87 0 0 0 0 0  0 0 0 0 0  0  0  0  0  0  0   0    11
88     88 0 0 0 0 0  0 0 0 0 1  0  0  0  0  0  0   1     9
89     89 0 0 0 0 0  0 0 0 0 0  0  0  0  0  0  0   0    11
90     90 0 0 0 0 0  0 0 0 0 0  0  0  0  0  0  0   0    19
91     91 0 0 0 0 0  0 0 0 0 0  1  0  1  0  0  0   2     9
92     92 0 0 0 0 0  0 0 0 0 0  0  0  0  0  0  0   0    13
93     93 0 0 0 0 0  0 0 0 0 0  1  0  0  0  0  0   1    16
94     94 0 0 0 0 0  0 0 0 0 0  0  1  0  0  0  0   1     7
95     95 0 0 0 0 0  0 0 0 0 0  0  0  0  0  0  0   0     5
96     96 0 0 0 0 0  0 0 0 0 0  0  0  0  0  0  0   0     8
97     97 0 0 0 0 0  0 0 0 0 0  0  0  0  0  0  0   0     4
98     98 0 0 0 0 0  0 0 0 0 0  0  0  0  0  0  0   0     3
99     99 0 0 0 0 0  0 0 0 0 0  0  0  0  0  0  0   0     4
100   100 0 0 0 0 0  0 0 0 0 0  0  0  0  0  0  0   0     3
101   101 0 0 0 0 0  0 0 0 0 0  0  0  0  0  0  0   0     2
102   102 0 0 0 0 0  0 0 0 0 0  0  0  0  0  0  0   0     0
103   103 0 0 0 0 0  0 0 0 0 0  0  0  0  0  0  0   0     1
104   104 0 0 0 0 0  0 0 0 0 0  0  0  0  0  0  0   0     1
105   105 0 0 0 0 0  0 0 0 0 0  0  0  0  0  0  0   0     1
106   106 0 0 0 0 0  0 0 0 0 0  0  0  0  0  0  0   0     1
107   107 0 0 0 0 0  0 0 0 0 0  0  0  0  0  0  0   0     0
108   108 0 0 0 0 0  0 0 0 0 0  0  0  1  0  0  0   1     2
109   109 0 0 0 0 0  0 0 0 0 0  0  0  0  0  0  0   0     1
110   110 0 0 0 0 0  0 0 0 0 0  0  0  0  0  0  0   0     0
111   111 0 0 0 0 0  0 0 0 0 0  0  0  0  0  0  0   0     0
112   112 0 0 0 0 0  0 0 0 0 0  0  0  0  0  0  0   0     1
113   113 0 0 0 0 0  0 0 0 0 0  0  0  0  0  0  0   0     0
114   114 0 0 0 0 0  0 0 0 0 0  0  0  0  0  0  0   0     0
115   115 0 0 0 0 0  0 0 0 0 0  0  0  0  0  0  0   0     0
116   116 0 0 0 0 0  0 0 0 0 0  0  0  0  0  0  0   0     0
117   117 0 0 0 0 0  0 0 0 0 0  0  0  0  0  0  0   0     0
118   118 0 0 0 0 0  0 0 0 0 0  0  0  0  0  0  0   0     0
119   119 0 0 0 0 0  0 0 0 0 0  0  0  0  0  0  0   0     0
120   120 0 0 0 0 0  0 0 0 0 0  0  0  0  0  0  0   0     0
121   121 0 0 0 0 0  0 0 0 0 0  0  0  0  0  0  0   0     0
122   122 0 0 0 0 0  0 0 0 0 0  0  0  0  0  0  0   0     0
123   123 0 0 0 0 0  0 0 0 0 0  0  0  0  0  0  0   0     0
124   124 0 0 0 0 0  0 0 0 0 0  0  0  0  0  0  0   0     0
125   125 0 0 0 0 0  0 0 0 0 0  0  0  0  0  0  0   0     0
126   126 0 0 0 0 0  0 0 0 0 0  0  0  0  0  0  0   0     0
127   127 0 0 0 0 0  0 0 0 0 0  0  0  0  0  0  0   0     0
128   128 0 0 0 0 0  0 0 0 0 0  0  0  0  0  0  0   0     0
129   129 0 0 0 0 0  0 0 0 0 0  0  0  0  0  0  0   0     0
130   130 0 0 0 0 0  0 0 0 0 0  0  0  0  0  0  0   0     0
131   131 0 0 0 0 0  0 0 0 0 0  0  0  0  0  0  0   0     0
132   132 0 0 0 0 0  0 0 0 0 0  0  0  0  0  0  0   0     0
133   133 0 0 0 0 0  0 0 0 0 0  0  0  0  0  0  0   0     0
134   134 0 0 0 0 0  0 0 0 0 0  0  0  0  0  0  0   0     0
135   135 0 0 0 0 0  0 0 0 0 0  0  0  0  0  0  0   0     0
136   136 0 0 0 0 0  0 0 0 0 0  0  0  0  0  0  0   0     0
137   137 0 0 0 0 0  0 0 0 0 0  0  0  0  0  0  0   0     0
138   138 0 0 0 0 0  0 0 0 0 0  0  0  0  0  0  0   0     0
139   139 0 0 0 0 0  0 0 0 0 0  0  0  0  0  0  0   0     0
140   140 0 0 0 0 0  0 0 0 0 0  0  0  0  0  0  0   0     0
141   141 0 0 0 0 0  0 0 0 0 0  0  0  0  0  0  0   0     0
142   142 0 0 0 0 0  0 0 0 0 0  0  0  0  0  0  0   0     0
143   143 0 0 0 0 0  0 0 0 0 0  0  0  0  0  0  0   0     0
144   144 0 0 0 0 0  0 0 0 0 0  0  0  0  0  0  0   0     0
145   145 0 0 0 0 0  0 0 0 0 0  0  0  0  0  0  0   0     0
146   146 0 0 0 0 0  0 0 0 0 0  0  0  0  0  0  0   0     0
147   147 0 0 0 0 0  0 0 0 0 0  0  0  0  0  0  0   0     0
148   148 0 0 0 0 0  0 0 0 0 0  0  0  0  0  0  0   0     0
149   149 0 0 0 0 0  0 0 0 0 0  0  0  0  0  0  0   0     0
150   150 0 0 0 0 0  0 0 0 0 0  0  0  0  0  0  0   0     0

$ALK.j
    longd 0 1 2     3     4      5     6     7     8     9    10 11    12 13 14 15    Sum Matad
1       1 0 0 0 0.000 0.000  0.000 0.000 0.000 0.000 0.000 0.000  0 0.000  0  0  0  0.000     0
2       2 0 0 0 0.000 0.000  0.000 0.000 0.000 0.000 0.000 0.000  0 0.000  0  0  0  0.000     0
3       3 0 0 0 0.000 0.000  0.000 0.000 0.000 0.000 0.000 0.000  0 0.000  0  0  0  0.000     0
4       4 0 0 0 0.000 0.000  0.000 0.000 0.000 0.000 0.000 0.000  0 0.000  0  0  0  0.000     0
5       5 0 0 0 0.000 0.000  0.000 0.000 0.000 0.000 0.000 0.000  0 0.000  0  0  0  0.000     0
6       6 0 0 0 0.000 0.000  0.000 0.000 0.000 0.000 0.000 0.000  0 0.000  0  0  0  0.000     0
7       7 0 0 0 0.000 0.000  0.000 0.000 0.000 0.000 0.000 0.000  0 0.000  0  0  0  0.000     0
8       8 0 0 0 0.000 0.000  0.000 0.000 0.000 0.000 0.000 0.000  0 0.000  0  0  0  0.000     0
9       9 0 0 0 0.000 0.000  0.000 0.000 0.000 0.000 0.000 0.000  0 0.000  0  0  0  0.000     0
10     10 0 0 0 0.000 0.000  0.000 0.000 0.000 0.000 0.000 0.000  0 0.000  0  0  0  0.000     0
11     11 0 0 0 0.000 0.000  0.000 0.000 0.000 0.000 0.000 0.000  0 0.000  0  0  0  0.000     0
12     12 0 0 0 0.000 0.000  0.000 0.000 0.000 0.000 0.000 0.000  0 0.000  0  0  0  0.000     0
13     13 0 0 0 0.000 0.000  0.000 0.000 0.000 0.000 0.000 0.000  0 0.000  0  0  0  0.000     0
14     14 0 0 0 0.000 0.000  0.000 0.000 0.000 0.000 0.000 0.000  0 0.000  0  0  0  0.000     0
15     15 0 0 0 0.000 0.000  0.000 0.000 0.000 0.000 0.000 0.000  0 0.000  0  0  0  0.000     0
16     16 0 0 0 0.000 0.000  0.000 0.000 0.000 0.000 0.000 0.000  0 0.000  0  0  0  0.000     0
17     17 0 0 0 0.000 0.000  0.000 0.000 0.000 0.000 0.000 0.000  0 0.000  0  0  0  0.000     0
18     18 0 0 0 0.000 0.000  0.000 0.000 0.000 0.000 0.000 0.000  0 0.000  0  0  0  0.000     0
19     19 0 0 0 0.000 0.000  0.000 0.000 0.000 0.000 0.000 0.000  0 0.000  0  0  0  0.000     0
20     20 0 0 0 0.000 0.000  0.000 0.000 0.000 0.000 0.000 0.000  0 0.000  0  0  0  0.000     0
21     21 0 0 0 0.000 0.000  0.000 0.000 0.000 0.000 0.000 0.000  0 0.000  0  0  0  0.000     0
22     22 0 0 0 0.000 0.000  0.000 0.000 0.000 0.000 0.000 0.000  0 0.000  0  0  0  0.000     0
23     23 0 0 0 0.000 0.000  0.000 0.000 0.000 0.000 0.000 0.000  0 0.000  0  0  0  0.000     0
24     24 0 0 0 0.000 0.000  0.000 0.000 0.000 0.000 0.000 0.000  0 0.000  0  0  0  0.000     0
25     25 0 0 0 0.000 0.000  0.000 0.000 0.000 0.000 0.000 0.000  0 0.000  0  0  0  0.000     0
26     26 0 0 0 0.000 0.000  0.000 0.000 0.000 0.000 0.000 0.000  0 0.000  0  0  0  0.000     0
27     27 0 0 0 0.000 0.000  0.000 0.000 0.000 0.000 0.000 0.000  0 0.000  0  0  0  0.000     0
28     28 0 0 0 0.000 0.000  0.000 0.000 0.000 0.000 0.000 0.000  0 0.000  0  0  0  0.000     0
29     29 0 0 0 0.000 0.000  0.000 0.000 0.000 0.000 0.000 0.000  0 0.000  0  0  0  0.000     0
30     30 0 0 0 0.000 0.000  0.000 0.000 0.000 0.000 0.000 0.000  0 0.000  0  0  0  0.000     0
31     31 0 0 0 0.000 0.000  0.000 0.000 0.000 0.000 0.000 0.000  0 0.000  0  0  0  0.000     0
32     32 0 0 0 0.001 0.000  0.000 0.000 0.000 0.000 0.000 0.000  0 0.000  0  0  0  0.001     0
33     33 0 0 0 0.002 0.000  0.000 0.000 0.000 0.000 0.000 0.000  0 0.000  0  0  0  0.002     0
34     34 0 0 0 0.004 0.000  0.000 0.000 0.000 0.000 0.000 0.000  0 0.000  0  0  0  0.004     0
35     35 0 0 0 0.008 0.000  0.000 0.000 0.000 0.000 0.000 0.000  0 0.000  0  0  0  0.008     0
36     36 0 0 0 0.015 0.000  0.000 0.000 0.000 0.000 0.000 0.000  0 0.000  0  0  0  0.015     0
37     37 0 0 0 0.028 0.000  0.000 0.000 0.000 0.000 0.000 0.000  0 0.000  0  0  0  0.028     0
38     38 0 0 0 0.048 0.000  0.000 0.000 0.000 0.000 0.000 0.000  0 0.000  0  0  0  0.048     0
39     39 0 0 0 0.078 0.000  0.000 0.000 0.000 0.000 0.000 0.000  0 0.000  0  0  0  0.078     0
40     40 0 0 0 0.117 0.000  0.000 0.000 0.000 0.000 0.000 0.000  0 0.000  0  0  0  0.118     2
41     41 0 0 0 0.164 0.001  0.000 0.000 0.000 0.000 0.000 0.000  0 0.000  0  0  0  0.165     8
42     42 0 0 0 0.215 0.003  0.001 0.000 0.000 0.000 0.000 0.000  0 0.000  0  0  0  0.218    14
43     43 0 0 0 0.261 0.008  0.002 0.000 0.000 0.000 0.000 0.000  0 0.000  0  0  0  0.272    22
44     44 0 0 0 0.297 0.023  0.005 0.001 0.000 0.000 0.000 0.000  0 0.000  0  0  0  0.326    41
45     45 0 0 0 0.315 0.060  0.012 0.002 0.001 0.000 0.000 0.000  0 0.000  0  0  0  0.390    44
46     46 0 0 0 0.311 0.142  0.028 0.005 0.001 0.000 0.000 0.000  0 0.000  0  0  0  0.488    28
47     47 0 0 0 0.287 0.307  0.064 0.009 0.002 0.000 0.000 0.000  0 0.000  0  0  0  0.670    33
48     48 0 0 0 0.247 0.603  0.138 0.018 0.004 0.000 0.000 0.000  0 0.000  0  0  0  1.008    18
49     49 0 0 0 0.198 1.076  0.277 0.032 0.007 0.000 0.000 0.000  0 0.000  0  0  0  1.589    26
50     50 0 0 0 0.148 1.746  0.523 0.057 0.011 0.000 0.000 0.000  0 0.000  0  0  0  2.485    44
51     51 0 0 0 0.103 2.578  0.929 0.098 0.019 0.000 0.000 0.000  0 0.000  0  0  0  3.727    38
52     52 0 0 0 0.067 3.463  1.551 0.163 0.030 0.000 0.000 0.000  0 0.000  0  0  0  5.275    62
53     53 0 0 0 0.041 4.232  2.435 0.260 0.047 0.000 0.000 0.000  0 0.000  0  0  0  7.015    77
54     54 0 0 0 0.023 4.703  3.594 0.401 0.071 0.001 0.000 0.000  0 0.000  0  0  0  8.793    85
55     55 0 0 0 0.012 4.755  4.985 0.596 0.106 0.001 0.000 0.000  0 0.000  0  0  0 10.455   121
56     56 0 0 0 0.006 4.373  6.499 0.857 0.153 0.001 0.000 0.000  0 0.000  0  0  0 11.889    97
57     57 0 0 0 0.003 3.658  7.965 1.190 0.214 0.002 0.000 0.000  0 0.000  0  0  0 13.031   110
58     58 0 0 0 0.001 2.783  9.175 1.593 0.292 0.004 0.000 0.000  0 0.000  0  0  0 13.848   105
59     59 0 0 0 0.000 1.927  9.934 2.060 0.387 0.005 0.000 0.000  0 0.000  0  0  0 14.315   105
60     60 0 0 0 0.000 1.213 10.111 2.572 0.500 0.008 0.000 0.000  0 0.000  0  0  0 14.404   130
61     61 0 0 0 0.000 0.695  9.673 3.099 0.629 0.011 0.000 0.000  0 0.000  0  0  0 14.107   119
62     62 0 0 0 0.000 0.362  8.698 3.605 0.768 0.016 0.000 0.000  0 0.001  0  0  0 13.450   131
63     63 0 0 0 0.000 0.172  7.352 4.049 0.914 0.022 0.000 0.000  0 0.001  0  0  0 12.509   130
64     64 0 0 0 0.000 0.074  5.841 4.389 1.057 0.031 0.000 0.000  0 0.001  0  0  0 11.393   115
65     65 0 0 0 0.000 0.029  4.362 4.593 1.190 0.041 0.000 0.000  0 0.001  0  0  0 10.217   117
66     66 0 0 0 0.000 0.010  3.062 4.641 1.304 0.054 0.000 0.000  0 0.001  0  0  0  9.072    93
67     67 0 0 0 0.000 0.003  2.020 4.526 1.389 0.069 0.000 0.000  0 0.002  0  0  0  8.010    77
68     68 0 0 0 0.000 0.001  1.253 4.261 1.441 0.087 0.000 0.000  0 0.002  0  0  0  7.045    87
69     69 0 0 0 0.000 0.000  0.730 3.873 1.453 0.107 0.000 0.000  0 0.003  0  0  0  6.167    65
70     70 0 0 0 0.000 0.000  0.400 3.398 1.426 0.129 0.000 0.000  0 0.003  0  0  0  5.357    90
71     71 0 0 0 0.000 0.000  0.206 2.878 1.362 0.153 0.000 0.000  0 0.004  0  0  0  4.604    71
72     72 0 0 0 0.000 0.000  0.100 2.354 1.265 0.178 0.000 0.000  0 0.005  0  0  0  3.901    60
73     73 0 0 0 0.000 0.000  0.045 1.858 1.144 0.202 0.000 0.000  0 0.006  0  0  0  3.255    60
74     74 0 0 0 0.000 0.000  0.019 1.416 1.006 0.225 0.000 0.000  0 0.007  0  0  0  2.673    39
75     75 0 0 0 0.000 0.000  0.008 1.041 0.861 0.246 0.000 0.000  0 0.008  0  0  0  2.164    24
76     76 0 0 0 0.000 0.000  0.003 0.739 0.716 0.263 0.000 0.000  0 0.010  0  0  0  1.731    31
77     77 0 0 0 0.000 0.000  0.001 0.507 0.580 0.275 0.000 0.000  0 0.012  0  0  0  1.375    25
78     78 0 0 0 0.000 0.000  0.000 0.335 0.457 0.283 0.000 0.000  0 0.013  0  0  0  1.089    23
79     79 0 0 0 0.000 0.000  0.000 0.214 0.351 0.284 0.001 0.000  0 0.016  0  0  0  0.866    11
80     80 0 0 0 0.000 0.000  0.000 0.132 0.262 0.280 0.003 0.000  0 0.018  0  0  0  0.695    20
81     81 0 0 0 0.000 0.000  0.000 0.079 0.190 0.271 0.013 0.000  0 0.020  0  0  0  0.573    10
82     82 0 0 0 0.000 0.000  0.000 0.045 0.134 0.256 0.040 0.000  0 0.023  0  0  0  0.498    21
83     83 0 0 0 0.000 0.000  0.000 0.025 0.092 0.238 0.096 0.000  0 0.026  0  0  0  0.477    12
84     84 0 0 0 0.000 0.000  0.000 0.013 0.062 0.216 0.188 0.000  0 0.029  0  0  0  0.508    16
85     85 0 0 0 0.000 0.000  0.000 0.007 0.040 0.192 0.293 0.000  0 0.032  0  0  0  0.564    17
86     86 0 0 0 0.000 0.000  0.000 0.003 0.025 0.168 0.366 0.000  0 0.035  0  0  0  0.598    17
87     87 0 0 0 0.000 0.000  0.000 0.002 0.016 0.144 0.366 0.001  0 0.039  0  0  0  0.566    11
88     88 0 0 0 0.000 0.000  0.000 0.001 0.009 0.120 0.293 0.010  0 0.042  0  0  0  0.476     9
89     89 0 0 0 0.000 0.000  0.000 0.000 0.005 0.099 0.188 0.059  0 0.045  0  0  0  0.397    11
90     90 0 0 0 0.000 0.000  0.000 0.000 0.003 0.079 0.096 0.208  0 0.049  0  0  0  0.435    19
91     91 0 0 0 0.000 0.000  0.000 0.000 0.002 0.063 0.040 0.439  0 0.052  0  0  0  0.595     9
92     92 0 0 0 0.000 0.000  0.000 0.000 0.001 0.048 0.013 0.564  0 0.055  0  0  0  0.681    13
93     93 0 0 0 0.000 0.000  0.000 0.000 0.000 0.037 0.003 0.439  0 0.057  0  0  0  0.537    16
94     94 0 0 0 0.000 0.000  0.000 0.000 0.000 0.027 0.001 0.208  1 0.060  0  0  0  1.295     7
95     95 0 0 0 0.000 0.000  0.000 0.000 0.000 0.020 0.000 0.059  0 0.062  0  0  0  0.141     5
96     96 0 0 0 0.000 0.000  0.000 0.000 0.000 0.014 0.000 0.010  0 0.064  0  0  0  0.088     8
97     97 0 0 0 0.000 0.000  0.000 0.000 0.000 0.010 0.000 0.001  0 0.065  0  0  0  0.076     4
98     98 0 0 0 0.000 0.000  0.000 0.000 0.000 0.007 0.000 0.000  0 0.066  0  0  0  0.073     3
99     99 0 0 0 0.000 0.000  0.000 0.000 0.000 0.004 0.000 0.000  0 0.066  0  0  0  0.071     4
100   100 0 0 0 0.000 0.000  0.000 0.000 0.000 0.003 0.000 0.000  0 0.066  0  0  0  0.069     3
101   101 0 0 0 0.000 0.000  0.000 0.000 0.000 0.002 0.000 0.000  0 0.066  0  0  0  0.068     2
102   102 0 0 0 0.000 0.000  0.000 0.000 0.000 0.001 0.000 0.000  0 0.065  0  0  0  0.066     0
103   103 0 0 0 0.000 0.000  0.000 0.000 0.000 0.001 0.000 0.000  0 0.064  0  0  0  0.064     1
104   104 0 0 0 0.000 0.000  0.000 0.000 0.000 0.000 0.000 0.000  0 0.062  0  0  0  0.062     1
105   105 0 0 0 0.000 0.000  0.000 0.000 0.000 0.000 0.000 0.000  0 0.060  0  0  0  0.060     1
106   106 0 0 0 0.000 0.000  0.000 0.000 0.000 0.000 0.000 0.000  0 0.057  0  0  0  0.058     1
107   107 0 0 0 0.000 0.000  0.000 0.000 0.000 0.000 0.000 0.000  0 0.055  0  0  0  0.055     0
108   108 0 0 0 0.000 0.000  0.000 0.000 0.000 0.000 0.000 0.000  0 0.052  0  0  0  0.052     2
109   109 0 0 0 0.000 0.000  0.000 0.000 0.000 0.000 0.000 0.000  0 0.049  0  0  0  0.049     1
110   110 0 0 0 0.000 0.000  0.000 0.000 0.000 0.000 0.000 0.000  0 0.045  0  0  0  0.045     0
111   111 0 0 0 0.000 0.000  0.000 0.000 0.000 0.000 0.000 0.000  0 0.042  0  0  0  0.042     0
112   112 0 0 0 0.000 0.000  0.000 0.000 0.000 0.000 0.000 0.000  0 0.039  0  0  0  0.039     1
113   113 0 0 0 0.000 0.000  0.000 0.000 0.000 0.000 0.000 0.000  0 0.035  0  0  0  0.035     0
114   114 0 0 0 0.000 0.000  0.000 0.000 0.000 0.000 0.000 0.000  0 0.032  0  0  0  0.032     0
115   115 0 0 0 0.000 0.000  0.000 0.000 0.000 0.000 0.000 0.000  0 0.029  0  0  0  0.029     0
116   116 0 0 0 0.000 0.000  0.000 0.000 0.000 0.000 0.000 0.000  0 0.026  0  0  0  0.026     0
117   117 0 0 0 0.000 0.000  0.000 0.000 0.000 0.000 0.000 0.000  0 0.023  0  0  0  0.023     0
118   118 0 0 0 0.000 0.000  0.000 0.000 0.000 0.000 0.000 0.000  0 0.020  0  0  0  0.020     0
119   119 0 0 0 0.000 0.000  0.000 0.000 0.000 0.000 0.000 0.000  0 0.018  0  0  0  0.018     0
120   120 0 0 0 0.000 0.000  0.000 0.000 0.000 0.000 0.000 0.000  0 0.016  0  0  0  0.016     0
121   121 0 0 0 0.000 0.000  0.000 0.000 0.000 0.000 0.000 0.000  0 0.013  0  0  0  0.013     0
122   122 0 0 0 0.000 0.000  0.000 0.000 0.000 0.000 0.000 0.000  0 0.012  0  0  0  0.012     0
123   123 0 0 0 0.000 0.000  0.000 0.000 0.000 0.000 0.000 0.000  0 0.010  0  0  0  0.010     0
124   124 0 0 0 0.000 0.000  0.000 0.000 0.000 0.000 0.000 0.000  0 0.008  0  0  0  0.008     0
125   125 0 0 0 0.000 0.000  0.000 0.000 0.000 0.000 0.000 0.000  0 0.007  0  0  0  0.007     0
126   126 0 0 0 0.000 0.000  0.000 0.000 0.000 0.000 0.000 0.000  0 0.006  0  0  0  0.006     0
127   127 0 0 0 0.000 0.000  0.000 0.000 0.000 0.000 0.000 0.000  0 0.005  0  0  0  0.005     0
128   128 0 0 0 0.000 0.000  0.000 0.000 0.000 0.000 0.000 0.000  0 0.004  0  0  0  0.004     0
129   129 0 0 0 0.000 0.000  0.000 0.000 0.000 0.000 0.000 0.000  0 0.003  0  0  0  0.003     0
130   130 0 0 0 0.000 0.000  0.000 0.000 0.000 0.000 0.000 0.000  0 0.003  0  0  0  0.003     0
131   131 0 0 0 0.000 0.000  0.000 0.000 0.000 0.000 0.000 0.000  0 0.002  0  0  0  0.002     0
132   132 0 0 0 0.000 0.000  0.000 0.000 0.000 0.000 0.000 0.000  0 0.002  0  0  0  0.002     0
133   133 0 0 0 0.000 0.000  0.000 0.000 0.000 0.000 0.000 0.000  0 0.001  0  0  0  0.001     0
134   134 0 0 0 0.000 0.000  0.000 0.000 0.000 0.000 0.000 0.000  0 0.001  0  0  0  0.001     0
135   135 0 0 0 0.000 0.000  0.000 0.000 0.000 0.000 0.000 0.000  0 0.001  0  0  0  0.001     0
136   136 0 0 0 0.000 0.000  0.000 0.000 0.000 0.000 0.000 0.000  0 0.001  0  0  0  0.001     0
137   137 0 0 0 0.000 0.000  0.000 0.000 0.000 0.000 0.000 0.000  0 0.001  0  0  0  0.001     0
138   138 0 0 0 0.000 0.000  0.000 0.000 0.000 0.000 0.000 0.000  0 0.000  0  0  0  0.000     0
139   139 0 0 0 0.000 0.000  0.000 0.000 0.000 0.000 0.000 0.000  0 0.000  0  0  0  0.000     0
140   140 0 0 0 0.000 0.000  0.000 0.000 0.000 0.000 0.000 0.000  0 0.000  0  0  0  0.000     0
141   141 0 0 0 0.000 0.000  0.000 0.000 0.000 0.000 0.000 0.000  0 0.000  0  0  0  0.000     0
142   142 0 0 0 0.000 0.000  0.000 0.000 0.000 0.000 0.000 0.000  0 0.000  0  0  0  0.000     0
143   143 0 0 0 0.000 0.000  0.000 0.000 0.000 0.000 0.000 0.000  0 0.000  0  0  0  0.000     0
144   144 0 0 0 0.000 0.000  0.000 0.000 0.000 0.000 0.000 0.000  0 0.000  0  0  0  0.000     0
145   145 0 0 0 0.000 0.000  0.000 0.000 0.000 0.000 0.000 0.000  0 0.000  0  0  0  0.000     0
146   146 0 0 0 0.000 0.000  0.000 0.000 0.000 0.000 0.000 0.000  0 0.000  0  0  0  0.000     0
147   147 0 0 0 0.000 0.000  0.000 0.000 0.000 0.000 0.000 0.000  0 0.000  0  0  0  0.000     0
148   148 0 0 0 0.000 0.000  0.000 0.000 0.000 0.000 0.000 0.000  0 0.000  0  0  0  0.000     0
149   149 0 0 0 0.000 0.000  0.000 0.000 0.000 0.000 0.000 0.000  0 0.000  0  0  0  0.000     0
150   150 0 0 0 0.000 0.000  0.000 0.000 0.000 0.000 0.000 0.000  0 0.000  0  0  0  0.000     0


 .... [TRUNCATED] 
>>>>>>>>>>>>>> 	 ALD-lykil 	 <<<<<<<<<<<<
 .... [TRUNCATED] 
$ALD
              0        1        2        3        4        5        6        7        8        9       10       11       12       13       14       15
1         0.000    0.000    0.000    0.000    0.000    0.000    0.000    0.000    0.000    0.000    0.000    0.000    0.000    0.000    0.000    0.000
2         0.000    0.000    0.000    0.000    0.000    0.000    0.000    0.000    0.000    0.000    0.000    0.000    0.000    0.000    0.000    0.000
3         0.000    0.000    0.000    0.000    0.000    0.000    0.000    0.000    0.000    0.000    0.000    0.000    0.000    0.000    0.000    0.000
4         0.000    0.000    0.000    0.000    0.000    0.000    0.000    0.000    0.000    0.000    0.000    0.000    0.000    0.000    0.000    0.000
5         0.000    0.000    0.000    0.000    0.000    0.000    0.000    0.000    0.000    0.000    0.000    0.000    0.000    0.000    0.000    0.000
6         0.000    0.000    0.000    0.000    0.000    0.000    0.000    0.000    0.000    0.000    0.000    0.000    0.000    0.000    0.000    0.000
7         0.000    0.000    0.000    0.000    0.000    0.000    0.000    0.000    0.000    0.000    0.000    0.000    0.000    0.000    0.000    0.000
8         0.000    0.000    0.000    0.000    0.000    0.000    0.000    0.000    0.000    0.000    0.000    0.000    0.000    0.000    0.000    0.000
9         0.000    0.000    0.000    0.000    0.000    0.000    0.000    0.000    0.000    0.000    0.000    0.000    0.000    0.000    0.000    0.000
10        0.000    0.000    0.000    0.000    0.000    0.000    0.000    0.000    0.000    0.000    0.000    0.000    0.000    0.000    0.000    0.000
11        0.000    0.000    0.000    0.000    0.000    0.000    0.000    0.000    0.000    0.000    0.000    0.000    0.000    0.000    0.000    0.000
12        0.000    0.000    0.000    0.000    0.000    0.000    0.000    0.000    0.000    0.000    0.000    0.000    0.000    0.000    0.000    0.000
13        0.000    0.000    0.000    0.000    0.000    0.000    0.000    0.000    0.000    0.000    0.000    0.000    0.000    0.000    0.000    0.000
14        0.000    0.000    0.000    0.000    0.000    0.000    0.000    0.000    0.000    0.000    0.000    0.000    0.000    0.000    0.000    0.000
15        0.000    0.000    0.000    0.000    0.000    0.000    0.000    0.000    0.000    0.000    0.000    0.000    0.000    0.000    0.000    0.000
16        0.000    0.000    0.000    0.000    0.000    0.000    0.000    0.000    0.000    0.000    0.000    0.000    0.000    0.000    0.000    0.000
17        0.000    0.000    0.000    0.000    0.000    0.000    0.000    0.000    0.000    0.000    0.000    0.000    0.000    0.000    0.000    0.000
18        0.000    0.000    0.000    0.000    0.000    0.000    0.000    0.000    0.000    0.000    0.000    0.000    0.000    0.000    0.000    0.000
19        0.000    0.000    0.000    0.000    0.000    0.000    0.000    0.000    0.000    0.000    0.000    0.000    0.000    0.000    0.000    0.000
20        0.000    0.000    0.000    0.000    0.000    0.000    0.000    0.000    0.000    0.000    0.000    0.000    0.000    0.000    0.000    0.000
21        0.000    0.000    0.000    0.000    0.000    0.000    0.000    0.000    0.000    0.000    0.000    0.000    0.000    0.000    0.000    0.000
22        0.000    0.000    0.000    0.000    0.000    0.000    0.000    0.000    0.000    0.000    0.000    0.000    0.000    0.000    0.000    0.000
23        0.000    0.000    0.000    0.000    0.000    0.000    0.000    0.000    0.000    0.000    0.000    0.000    0.000    0.000    0.000    0.000
24        0.000    0.000    0.000    0.000    0.000    0.000    0.000    0.000    0.000    0.000    0.000    0.000    0.000    0.000    0.000    0.000
25        0.000    0.000    0.000    0.000    0.000    0.000    0.000    0.000    0.000    0.000    0.000    0.000    0.000    0.000    0.000    0.000
26        0.000    0.000    0.000    0.000    0.000    0.000    0.000    0.000    0.000    0.000    0.000    0.000    0.000    0.000    0.000    0.000
27        0.000    0.000    0.000    0.000    0.000    0.000    0.000    0.000    0.000    0.000    0.000    0.000    0.000    0.000    0.000    0.000
28        0.000    0.000    0.000    0.000    0.000    0.000    0.000    0.000    0.000    0.000    0.000    0.000    0.000    0.000    0.000    0.000
29        0.000    0.000    0.000    0.000    0.000    0.000    0.000    0.000    0.000    0.000    0.000    0.000    0.000    0.000    0.000    0.000
30        0.000    0.000    0.000    0.000    0.000    0.000    0.000    0.000    0.000    0.000    0.000    0.000    0.000    0.000    0.000    0.000
31        0.000    0.000    0.000    0.000    0.000    0.000    0.000    0.000    0.000    0.000    0.000    0.000    0.000    0.000    0.000    0.000
32        0.000    0.000    0.000    0.000    0.000    0.000    0.000    0.000    0.000    0.000    0.000    0.000    0.000    0.000    0.000    0.000
33        0.000    0.000    0.000    0.000    0.000    0.000    0.000    0.000    0.000    0.000    0.000    0.000    0.000    0.000    0.000    0.000
34        0.000    0.000    0.000    0.000    0.000    0.000    0.000    0.000    0.000    0.000    0.000    0.000    0.000    0.000    0.000    0.000
35        0.000    0.000    0.000    0.000    0.000    0.000    0.000    0.000    0.000    0.000    0.000    0.000    0.000    0.000    0.000    0.000
36        0.000    0.000    0.000    0.000    0.000    0.000    0.000    0.000    0.000    0.000    0.000    0.000    0.000    0.000    0.000    0.000
37        0.000    0.000    0.000    0.000    0.000    0.000    0.000    0.000    0.000    0.000    0.000    0.000    0.000    0.000    0.000    0.000
38        0.000    0.000    0.000    0.000    0.000    0.000    0.000    0.000    0.000    0.000    0.000    0.000    0.000    0.000    0.000    0.000
39        0.000    0.000    0.000    0.000    0.000    0.000    0.000    0.000    0.000    0.000    0.000    0.000    0.000    0.000    0.000    0.000
40        0.000    0.000    0.000    0.000    0.000    0.000    0.000    0.000    0.000    0.000    0.000    0.000    0.000    0.000    0.000    0.000
41        0.000    0.000    0.000    8.000    0.000    0.000    0.000    0.000    0.000    0.000    0.000    0.000    0.000    0.000    0.000    0.000
42        0.000    0.000    0.000    0.000    0.000    0.000    0.000    0.000    0.000    0.000    0.000    0.000    0.000    0.000    0.000    0.000
43        0.000    0.000    0.000    0.000    0.000    0.000    0.000    0.000    0.000    0.000    0.000    0.000    0.000    0.000    0.000    0.000
44        0.000    0.000    0.000    0.000    0.000    0.000    0.000    0.000    0.000    0.000    0.000    0.000    0.000    0.000    0.000    0.000
45        0.000    0.000    0.000    0.000    0.000    0.000    0.000    0.000    0.000    0.000    0.000    0.000    0.000    0.000    0.000    0.000
46        0.000    0.000    0.000    0.000    0.000    0.000    0.000    0.000    0.000    0.000    0.000    0.000    0.000    0.000    0.000    0.000
47        0.000    0.000    0.000   16.500   16.500    0.000    0.000    0.000    0.000    0.000    0.000    0.000    0.000    0.000    0.000    0.000
48        0.000    0.000    0.000   18.000    0.000    0.000    0.000    0.000    0.000    0.000    0.000    0.000    0.000    0.000    0.000    0.000
49        0.000    0.000    0.000    0.000    0.000   26.000    0.000    0.000    0.000    0.000    0.000    0.000    0.000    0.000    0.000    0.000
50        0.000    0.000    0.000    0.000    0.000   44.000    0.000    0.000    0.000    0.000    0.000    0.000    0.000    0.000    0.000    0.000
51        0.000    0.000    0.000    0.000   30.400    7.600    0.000    0.000    0.000    0.000    0.000    0.000    0.000    0.000    0.000    0.000
52        0.000    0.000    0.000    0.000   44.286   17.714    0.000    0.000    0.000    0.000    0.000    0.000    0.000    0.000    0.000    0.000
53        0.000    0.000    0.000    0.000   61.600    7.700    7.700    0.000    0.000    0.000    0.000    0.000    0.000    0.000    0.000    0.000
54        0.000    0.000    0.000    0.000   85.000    0.000    0.000    0.000    0.000    0.000    0.000    0.000    0.000    0.000    0.000    0.000
55        0.000    0.000    0.000    0.000   22.000   88.000   11.000    0.000    0.000    0.000    0.000    0.000    0.000    0.000    0.000    0.000
56        0.000    0.000    0.000    0.000   44.091   52.909    0.000    0.000    0.000    0.000    0.000    0.000    0.000    0.000    0.000    0.000
57        0.000    0.000    0.000    0.000   44.000   55.000   11.000    0.000    0.000    0.000    0.000    0.000    0.000    0.000    0.000    0.000
58        0.000    0.000    0.000    0.000    6.562   78.750   13.125    6.562    0.000    0.000    0.000    0.000    0.000    0.000    0.000    0.000
59        0.000    0.000    0.000    0.000   11.667   75.833   11.667    5.833    0.000    0.000    0.000    0.000    0.000    0.000    0.000    0.000
60        0.000    0.000    0.000    0.000    0.000   78.000   39.000   13.000    0.000    0.000    0.000    0.000    0.000    0.000    0.000    0.000
61        0.000    0.000    0.000    0.000   13.222   85.944   19.833    0.000    0.000    0.000    0.000    0.000    0.000    0.000    0.000    0.000
62        0.000    0.000    0.000    0.000    0.000  104.800   26.200    0.000    0.000    0.000    0.000    0.000    0.000    0.000    0.000    0.000
63        0.000    0.000    0.000    0.000    8.667   60.667   52.000    8.667    0.000    0.000    0.000    0.000    0.000    0.000    0.000    0.000
64        0.000    0.000    0.000    0.000    0.000   38.333   67.083    9.583    0.000    0.000    0.000    0.000    0.000    0.000    0.000    0.000
65        0.000    0.000    0.000    0.000    0.000   43.875   58.500   14.625    0.000    0.000    0.000    0.000    0.000    0.000    0.000    0.000
66        0.000    0.000    0.000    0.000    0.000   18.600   55.800   18.600    0.000    0.000    0.000    0.000    0.000    0.000    0.000    0.000
67        0.000    0.000    0.000    0.000    0.000   19.250   19.250   38.500    0.000    0.000    0.000    0.000    0.000    0.000    0.000    0.000
68        0.000    0.000    0.000    0.000    0.000   14.500   43.500   29.000    0.000    0.000    0.000    0.000    0.000    0.000    0.000    0.000
69        0.000    0.000    0.000    0.000    0.000   39.000   26.000    0.000    0.000    0.000    0.000    0.000    0.000    0.000    0.000    0.000
70        0.000    0.000    0.000    0.000    0.000    9.000   45.000   36.000    0.000    0.000    0.000    0.000    0.000    0.000    0.000    0.000
71        0.000    0.000    0.000    0.000    0.000    0.000   62.125    8.875    0.000    0.000    0.000    0.000    0.000    0.000    0.000    0.000
72        0.000    0.000    0.000    0.000    0.000    0.000   24.000   12.000   24.000    0.000    0.000    0.000    0.000    0.000    0.000    0.000
73        0.000    0.000    0.000    0.000    0.000    0.000   60.000    0.000    0.000    0.000    0.000    0.000    0.000    0.000    0.000    0.000
74        0.000    0.000    0.000    0.000    0.000    0.000    0.000   39.000    0.000    0.000    0.000    0.000    0.000    0.000    0.000    0.000
75        0.000    0.000    0.000    0.000    0.000    0.000    0.000    0.000    0.000    0.000    0.000    0.000    0.000    0.000    0.000    0.000
76        0.000    0.000    0.000    0.000    0.000    0.000    0.000    0.000    0.000    0.000    0.000    0.000    0.000    0.000    0.000    0.000
77        0.000    0.000    0.000    0.000    0.000    0.000   12.500   12.500    0.000    0.000    0.000    0.000    0.000    0.000    0.000    0.000
78        0.000    0.000    0.000    0.000    0.000    0.000    5.750   11.500    5.750    0.000    0.000    0.000    0.000    0.000    0.000    0.000
79        0.000    0.000    0.000    0.000    0.000    0.000    0.000   11.000    0.000    0.000    0.000    0.000    0.000    0.000    0.000    0.000
80        0.000    0.000    0.000    0.000    0.000    0.000    0.000    0.000    0.000    0.000    0.000    0.000    0.000    0.000    0.000    0.000
81        0.000    0.000    0.000    0.000    0.000    0.000    0.000    0.000    0.000    0.000    0.000    0.000    0.000    0.000    0.000    0.000
82        0.000    0.000    0.000    0.000    0.000    0.000    0.000    0.000    0.000    0.000    0.000    0.000    0.000    0.000    0.000    0.000
83        0.000    0.000    0.000    0.000    0.000    0.000    0.000    0.000    0.000    0.000    0.000    0.000    0.000    0.000    0.000    0.000
84        0.000    0.000    0.000    0.000    0.000    0.000    0.000    0.000    0.000    0.000    0.000    0.000    0.000    0.000    0.000    0.000
85        0.000    0.000    0.000    0.000    0.000    0.000    0.000    0.000    0.000   17.000    0.000    0.000    0.000    0.000    0.000    0.000
86        0.000    0.000    0.000    0.000    0.000    0.000    0.000    0.000   17.000    0.000    0.000    0.000    0.000    0.000    0.000    0.000
87        0.000    0.000    0.000    0.000    0.000    0.000    0.000    0.000    0.000    0.000    0.000    0.000    0.000    0.000    0.000    0.000
88        0.000    0.000    0.000    0.000    0.000    0.000    0.000    0.000    0.000    9.000    0.000    0.000    0.000    0.000    0.000    0.000
89        0.000    0.000    0.000    0.000    0.000    0.000    0.000    0.000    0.000    0.000    0.000    0.000    0.000    0.000    0.000    0.000
90        0.000    0.000    0.000    0.000    0.000    0.000    0.000    0.000    0.000    0.000    0.000    0.000    0.000    0.000    0.000    0.000
91        0.000    0.000    0.000    0.000    0.000    0.000    0.000    0.000    0.000    0.000    4.500    0.000    4.500    0.000    0.000    0.000
92        0.000    0.000    0.000    0.000    0.000    0.000    0.000    0.000    0.000    0.000    0.000    0.000    0.000    0.000    0.000    0.000
93        0.000    0.000    0.000    0.000    0.000    0.000    0.000    0.000    0.000    0.000   16.000    0.000    0.000    0.000    0.000    0.000
94        0.000    0.000    0.000    0.000    0.000    0.000    0.000    0.000    0.000    0.000    0.000    7.000    0.000    0.000    0.000    0.000
95        0.000    0.000    0.000    0.000    0.000    0.000    0.000    0.000    0.000    0.000    0.000    0.000    0.000    0.000    0.000    0.000
96        0.000    0.000    0.000    0.000    0.000    0.000    0.000    0.000    0.000    0.000    0.000    0.000    0.000    0.000    0.000    0.000
97        0.000    0.000    0.000    0.000    0.000    0.000    0.000    0.000    0.000    0.000    0.000    0.000    0.000    0.000    0.000    0.000
98        0.000    0.000    0.000    0.000    0.000    0.000    0.000    0.000    0.000    0.000    0.000    0.000    0.000    0.000    0.000    0.000
99        0.000    0.000    0.000    0.000    0.000    0.000    0.000    0.000    0.000    0.000    0.000    0.000    0.000    0.000    0.000    0.000
100       0.000    0.000    0.000    0.000    0.000    0.000    0.000    0.000    0.000    0.000    0.000    0.000    0.000    0.000    0.000    0.000
101       0.000    0.000    0.000    0.000    0.000    0.000    0.000    0.000    0.000    0.000    0.000    0.000    0.000    0.000    0.000    0.000
102       0.000    0.000    0.000    0.000    0.000    0.000    0.000    0.000    0.000    0.000    0.000    0.000    0.000    0.000    0.000    0.000
103       0.000    0.000    0.000    0.000    0.000    0.000    0.000    0.000    0.000    0.000    0.000    0.000    0.000    0.000    0.000    0.000
104       0.000    0.000    0.000    0.000    0.000    0.000    0.000    0.000    0.000    0.000    0.000    0.000    0.000    0.000    0.000    0.000
105       0.000    0.000    0.000    0.000    0.000    0.000    0.000    0.000    0.000    0.000    0.000    0.000    0.000    0.000    0.000    0.000
106       0.000    0.000    0.000    0.000    0.000    0.000    0.000    0.000    0.000    0.000    0.000    0.000    0.000    0.000    0.000    0.000
107       0.000    0.000    0.000    0.000    0.000    0.000    0.000    0.000    0.000    0.000    0.000    0.000    0.000    0.000    0.000    0.000
108       0.000    0.000    0.000    0.000    0.000    0.000    0.000    0.000    0.000    0.000    0.000    0.000    2.000    0.000    0.000    0.000
109       0.000    0.000    0.000    0.000    0.000    0.000    0.000    0.000    0.000    0.000    0.000    0.000    0.000    0.000    0.000    0.000
110       0.000    0.000    0.000    0.000    0.000    0.000    0.000    0.000    0.000    0.000    0.000    0.000    0.000    0.000    0.000    0.000
111       0.000    0.000    0.000    0.000    0.000    0.000    0.000    0.000    0.000    0.000    0.000    0.000    0.000    0.000    0.000    0.000
112       0.000    0.000    0.000    0.000    0.000    0.000    0.000    0.000    0.000    0.000    0.000    0.000    0.000    0.000    0.000    0.000
113       0.000    0.000    0.000    0.000    0.000    0.000    0.000    0.000    0.000    0.000    0.000    0.000    0.000    0.000    0.000    0.000
114       0.000    0.000    0.000    0.000    0.000    0.000    0.000    0.000    0.000    0.000    0.000    0.000    0.000    0.000    0.000    0.000
115       0.000    0.000    0.000    0.000    0.000    0.000    0.000    0.000    0.000    0.000    0.000    0.000    0.000    0.000    0.000    0.000
116       0.000    0.000    0.000    0.000    0.000    0.000    0.000    0.000    0.000    0.000    0.000    0.000    0.000    0.000    0.000    0.000
117       0.000    0.000    0.000    0.000    0.000    0.000    0.000    0.000    0.000    0.000    0.000    0.000    0.000    0.000    0.000    0.000
118       0.000    0.000    0.000    0.000    0.000    0.000    0.000    0.000    0.000    0.000    0.000    0.000    0.000    0.000    0.000    0.000
119       0.000    0.000    0.000    0.000    0.000    0.000    0.000    0.000    0.000    0.000    0.000    0.000    0.000    0.000    0.000    0.000
120       0.000    0.000    0.000    0.000    0.000    0.000    0.000    0.000    0.000    0.000    0.000    0.000    0.000    0.000    0.000    0.000
121       0.000    0.000    0.000    0.000    0.000    0.000    0.000    0.000    0.000    0.000    0.000    0.000    0.000    0.000    0.000    0.000
122       0.000    0.000    0.000    0.000    0.000    0.000    0.000    0.000    0.000    0.000    0.000    0.000    0.000    0.000    0.000    0.000
123       0.000    0.000    0.000    0.000    0.000    0.000    0.000    0.000    0.000    0.000    0.000    0.000    0.000    0.000    0.000    0.000
124       0.000    0.000    0.000    0.000    0.000    0.000    0.000    0.000    0.000    0.000    0.000    0.000    0.000    0.000    0.000    0.000
125       0.000    0.000    0.000    0.000    0.000    0.000    0.000    0.000    0.000    0.000    0.000    0.000    0.000    0.000    0.000    0.000
126       0.000    0.000    0.000    0.000    0.000    0.000    0.000    0.000    0.000    0.000    0.000    0.000    0.000    0.000    0.000    0.000
127       0.000    0.000    0.000    0.000    0.000    0.000    0.000    0.000    0.000    0.000    0.000    0.000    0.000    0.000    0.000    0.000
128       0.000    0.000    0.000    0.000    0.000    0.000    0.000    0.000    0.000    0.000    0.000    0.000    0.000    0.000    0.000    0.000
129       0.000    0.000    0.000    0.000    0.000    0.000    0.000    0.000    0.000    0.000    0.000    0.000    0.000    0.000    0.000    0.000
130       0.000    0.000    0.000    0.000    0.000    0.000    0.000    0.000    0.000    0.000    0.000    0.000    0.000    0.000    0.000    0.000
131       0.000    0.000    0.000    0.000    0.000    0.000    0.000    0.000    0.000    0.000    0.000    0.000    0.000    0.000    0.000    0.000
132       0.000    0.000    0.000    0.000    0.000    0.000    0.000    0.000    0.000    0.000    0.000    0.000    0.000    0.000    0.000    0.000
133       0.000    0.000    0.000    0.000    0.000    0.000    0.000    0.000    0.000    0.000    0.000    0.000    0.000    0.000    0.000    0.000
134       0.000    0.000    0.000    0.000    0.000    0.000    0.000    0.000    0.000    0.000    0.000    0.000    0.000    0.000    0.000    0.000
135       0.000    0.000    0.000    0.000    0.000    0.000    0.000    0.000    0.000    0.000    0.000    0.000    0.000    0.000    0.000    0.000
136       0.000    0.000    0.000    0.000    0.000    0.000    0.000    0.000    0.000    0.000    0.000    0.000    0.000    0.000    0.000    0.000
137       0.000    0.000    0.000    0.000    0.000    0.000    0.000    0.000    0.000    0.000    0.000    0.000    0.000    0.000    0.000    0.000
138       0.000    0.000    0.000    0.000    0.000    0.000    0.000    0.000    0.000    0.000    0.000    0.000    0.000    0.000    0.000    0.000
139       0.000    0.000    0.000    0.000    0.000    0.000    0.000    0.000    0.000    0.000    0.000    0.000    0.000    0.000    0.000    0.000
140       0.000    0.000    0.000    0.000    0.000    0.000    0.000    0.000    0.000    0.000    0.000    0.000    0.000    0.000    0.000    0.000
141       0.000    0.000    0.000    0.000    0.000    0.000    0.000    0.000    0.000    0.000    0.000    0.000    0.000    0.000    0.000    0.000
142       0.000    0.000    0.000    0.000    0.000    0.000    0.000    0.000    0.000    0.000    0.000    0.000    0.000    0.000    0.000    0.000
143       0.000    0.000    0.000    0.000    0.000    0.000    0.000    0.000    0.000    0.000    0.000    0.000    0.000    0.000    0.000    0.000
144       0.000    0.000    0.000    0.000    0.000    0.000    0.000    0.000    0.000    0.000    0.000    0.000    0.000    0.000    0.000    0.000
145       0.000    0.000    0.000    0.000    0.000    0.000    0.000    0.000    0.000    0.000    0.000    0.000    0.000    0.000    0.000    0.000
146       0.000    0.000    0.000    0.000    0.000    0.000    0.000    0.000    0.000    0.000    0.000    0.000    0.000    0.000    0.000    0.000
147       0.000    0.000    0.000    0.000    0.000    0.000    0.000    0.000    0.000    0.000    0.000    0.000    0.000    0.000    0.000    0.000
148       0.000    0.000    0.000    0.000    0.000    0.000    0.000    0.000    0.000    0.000    0.000    0.000    0.000    0.000    0.000    0.000
149       0.000    0.000    0.000    0.000    0.000    0.000    0.000    0.000    0.000    0.000    0.000    0.000    0.000    0.000    0.000    0.000
150       0.000    0.000    0.000    0.000    0.000    0.000    0.000    0.000    0.000    0.000    0.000    0.000    0.000    0.000    0.000    0.000
Sum       0.000    0.000    0.000   42.500  387.995  965.476  671.033  275.246   46.750   26.000   20.500    7.000    6.500    0.000    0.000    0.000
mW        0.000    0.000    0.000    0.815    1.294    1.702    2.299    2.599    3.670    4.810    5.932    6.200    6.754    0.000    0.000    0.000
mL        0.000    0.000    0.000   46.286   54.346   59.598   66.235   69.175   77.826   86.038   92.600   94.000   96.667    0.000    0.000    0.000
pA        0.000    0.000    0.000    0.017    0.158    0.394    0.274    0.112    0.019    0.011    0.008    0.003    0.003    0.000    0.000    0.000
tot.mW 2018.635 2018.635 2018.635 2018.635 2018.635 2018.635 2018.635 2018.635 2018.635 2018.635 2018.635 2018.635 2018.635 2018.635 2018.635 2018.635
tot.mL   62.524   62.524   62.524   62.524   62.524   62.524   62.524   62.524   62.524   62.524   62.524   62.524   62.524   62.524   62.524   62.524
          Matad      Sum
1         0.000    0.000
2         0.000    0.000
3         0.000    0.000
4         0.000    0.000
5         0.000    0.000
6         0.000    0.000
7         0.000    0.000
8         0.000    0.000
9         0.000    0.000
10        0.000    0.000
11        0.000    0.000
12        0.000    0.000
13        0.000    0.000
14        0.000    0.000
15        0.000    0.000
16        0.000    0.000
17        0.000    0.000
18        0.000    0.000
19        0.000    0.000
20        0.000    0.000
21        0.000    0.000
22        0.000    0.000
23        0.000    0.000
24        0.000    0.000
25        0.000    0.000
26        0.000    0.000
27        0.000    0.000
28        0.000    0.000
29        0.000    0.000
30        0.000    0.000
31        0.000    0.000
32        0.000    0.000
33        0.000    0.000
34        0.000    0.000
35        0.000    0.000
36        0.000    0.000
37        0.000    0.000
38        0.000    0.000
39        0.000    0.000
40        2.000    0.000
41        8.000    8.000
42       14.000    0.000
43       22.000    0.000
44       41.000    0.000
45       44.000    0.000
46       28.000    0.000
47       33.000   33.000
48       18.000   18.000
49       26.000   26.000
50       44.000   44.000
51       38.000   38.000
52       62.000   62.000
53       77.000   77.000
54       85.000   85.000
55      121.000  121.000
56       97.000   97.000
57      110.000  110.000
58      105.000  105.000
59      105.000  105.000
60      130.000  130.000
61      119.000  119.000
62      131.000  131.000
63      130.000  130.000
64      115.000  115.000
65      117.000  117.000
66       93.000   93.000
67       77.000   77.000
68       87.000   87.000
69       65.000   65.000
70       90.000   90.000
71       71.000   71.000
72       60.000   60.000
73       60.000   60.000
74       39.000   39.000
75       24.000    0.000
76       31.000    0.000
77       25.000   25.000
78       23.000   23.000
79       11.000   11.000
80       20.000    0.000
81       10.000    0.000
82       21.000    0.000
83       12.000    0.000
84       16.000    0.000
85       17.000   17.000
86       17.000   17.000
87       11.000    0.000
88        9.000    9.000
89       11.000    0.000
90       19.000    0.000
91        9.000    9.000
92       13.000    0.000
93       16.000   16.000
94        7.000    7.000
95        5.000    0.000
96        8.000    0.000
97        4.000    0.000
98        3.000    0.000
99        4.000    0.000
100       3.000    0.000
101       2.000    0.000
102       0.000    0.000
103       1.000    0.000
104       1.000    0.000
105       1.000    0.000
106       1.000    0.000
107       0.000    0.000
108       2.000    2.000
109       1.000    0.000
110       0.000    0.000
111       0.000    0.000
112       1.000    0.000
113       0.000    0.000
114       0.000    0.000
115       0.000    0.000
116       0.000    0.000
117       0.000    0.000
118       0.000    0.000
119       0.000    0.000
120       0.000    0.000
121       0.000    0.000
122       0.000    0.000
123       0.000    0.000
124       0.000    0.000
125       0.000    0.000
126       0.000    0.000
127       0.000    0.000
128       0.000    0.000
129       0.000    0.000
130       0.000    0.000
131       0.000    0.000
132       0.000    0.000
133       0.000    0.000
134       0.000    0.000
135       0.000    0.000
136       0.000    0.000
137       0.000    0.000
138       0.000    0.000
139       0.000    0.000
140       0.000    0.000
141       0.000    0.000
142       0.000    0.000
143       0.000    0.000
144       0.000    0.000
145       0.000    0.000
146       0.000    0.000
147       0.000    0.000
148       0.000    0.000
149       0.000    0.000
150       0.000    0.000
Sum    2823.000 2449.000
mW        0.000    0.000
mL        0.000    0.000
pA        0.000    0.000
tot.mW 2018.635 2018.635
tot.mL   62.524   62.524

$ALD.j
              0        1        2        3        4        5        6        7        8        9       10       11       12       13       14       15
1         0.000    0.000    0.000    0.000    0.000    0.000    0.000    0.000    0.000    0.000    0.000    0.000    0.000    0.000    0.000    0.000
2         0.000    0.000    0.000    0.000    0.000    0.000    0.000    0.000    0.000    0.000    0.000    0.000    0.000    0.000    0.000    0.000
3         0.000    0.000    0.000    0.000    0.000    0.000    0.000    0.000    0.000    0.000    0.000    0.000    0.000    0.000    0.000    0.000
4         0.000    0.000    0.000    0.000    0.000    0.000    0.000    0.000    0.000    0.000    0.000    0.000    0.000    0.000    0.000    0.000
5         0.000    0.000    0.000    0.000    0.000    0.000    0.000    0.000    0.000    0.000    0.000    0.000    0.000    0.000    0.000    0.000
6         0.000    0.000    0.000    0.000    0.000    0.000    0.000    0.000    0.000    0.000    0.000    0.000    0.000    0.000    0.000    0.000
7         0.000    0.000    0.000    0.000    0.000    0.000    0.000    0.000    0.000    0.000    0.000    0.000    0.000    0.000    0.000    0.000
8         0.000    0.000    0.000    0.000    0.000    0.000    0.000    0.000    0.000    0.000    0.000    0.000    0.000    0.000    0.000    0.000
9         0.000    0.000    0.000    0.000    0.000    0.000    0.000    0.000    0.000    0.000    0.000    0.000    0.000    0.000    0.000    0.000
10        0.000    0.000    0.000    0.000    0.000    0.000    0.000    0.000    0.000    0.000    0.000    0.000    0.000    0.000    0.000    0.000
11        0.000    0.000    0.000    0.000    0.000    0.000    0.000    0.000    0.000    0.000    0.000    0.000    0.000    0.000    0.000    0.000
12        0.000    0.000    0.000    0.000    0.000    0.000    0.000    0.000    0.000    0.000    0.000    0.000    0.000    0.000    0.000    0.000
13        0.000    0.000    0.000    0.000    0.000    0.000    0.000    0.000    0.000    0.000    0.000    0.000    0.000    0.000    0.000    0.000
14        0.000    0.000    0.000    0.000    0.000    0.000    0.000    0.000    0.000    0.000    0.000    0.000    0.000    0.000    0.000    0.000
15        0.000    0.000    0.000    0.000    0.000    0.000    0.000    0.000    0.000    0.000    0.000    0.000    0.000    0.000    0.000    0.000
16        0.000    0.000    0.000    0.000    0.000    0.000    0.000    0.000    0.000    0.000    0.000    0.000    0.000    0.000    0.000    0.000
17        0.000    0.000    0.000    0.000    0.000    0.000    0.000    0.000    0.000    0.000    0.000    0.000    0.000    0.000    0.000    0.000
18        0.000    0.000    0.000    0.000    0.000    0.000    0.000    0.000    0.000    0.000    0.000    0.000    0.000    0.000    0.000    0.000
19        0.000    0.000    0.000    0.000    0.000    0.000    0.000    0.000    0.000    0.000    0.000    0.000    0.000    0.000    0.000    0.000
20        0.000    0.000    0.000    0.000    0.000    0.000    0.000    0.000    0.000    0.000    0.000    0.000    0.000    0.000    0.000    0.000
21        0.000    0.000    0.000    0.000    0.000    0.000    0.000    0.000    0.000    0.000    0.000    0.000    0.000    0.000    0.000    0.000
22        0.000    0.000    0.000    0.000    0.000    0.000    0.000    0.000    0.000    0.000    0.000    0.000    0.000    0.000    0.000    0.000
23        0.000    0.000    0.000    0.000    0.000    0.000    0.000    0.000    0.000    0.000    0.000    0.000    0.000    0.000    0.000    0.000
24        0.000    0.000    0.000    0.000    0.000    0.000    0.000    0.000    0.000    0.000    0.000    0.000    0.000    0.000    0.000    0.000
25        0.000    0.000    0.000    0.000    0.000    0.000    0.000    0.000    0.000    0.000    0.000    0.000    0.000    0.000    0.000    0.000
26        0.000    0.000    0.000    0.000    0.000    0.000    0.000    0.000    0.000    0.000    0.000    0.000    0.000    0.000    0.000    0.000
27        0.000    0.000    0.000    0.000    0.000    0.000    0.000    0.000    0.000    0.000    0.000    0.000    0.000    0.000    0.000    0.000
28        0.000    0.000    0.000    0.000    0.000    0.000    0.000    0.000    0.000    0.000    0.000    0.000    0.000    0.000    0.000    0.000
29        0.000    0.000    0.000    0.000    0.000    0.000    0.000    0.000    0.000    0.000    0.000    0.000    0.000    0.000    0.000    0.000
30        0.000    0.000    0.000    0.000    0.000    0.000    0.000    0.000    0.000    0.000    0.000    0.000    0.000    0.000    0.000    0.000
31        0.000    0.000    0.000    0.000    0.000    0.000    0.000    0.000    0.000    0.000    0.000    0.000    0.000    0.000    0.000    0.000
32        0.000    0.000    0.000    0.000    0.000    0.000    0.000    0.000    0.000    0.000    0.000    0.000    0.000    0.000    0.000    0.000
33        0.000    0.000    0.000    0.000    0.000    0.000    0.000    0.000    0.000    0.000    0.000    0.000    0.000    0.000    0.000    0.000
34        0.000    0.000    0.000    0.000    0.000    0.000    0.000    0.000    0.000    0.000    0.000    0.000    0.000    0.000    0.000    0.000
35        0.000    0.000    0.000    0.000    0.000    0.000    0.000    0.000    0.000    0.000    0.000    0.000    0.000    0.000    0.000    0.000
36        0.000    0.000    0.000    0.000    0.000    0.000    0.000    0.000    0.000    0.000    0.000    0.000    0.000    0.000    0.000    0.000
37        0.000    0.000    0.000    0.000    0.000    0.000    0.000    0.000    0.000    0.000    0.000    0.000    0.000    0.000    0.000    0.000
38        0.000    0.000    0.000    0.000    0.000    0.000    0.000    0.000    0.000    0.000    0.000    0.000    0.000    0.000    0.000    0.000
39        0.000    0.000    0.000    0.000    0.000    0.000    0.000    0.000    0.000    0.000    0.000    0.000    0.000    0.000    0.000    0.000
40        0.000    0.000    0.000    1.995    0.003    0.001    0.001    0.000    0.000    0.000    0.000    0.000    0.000    0.000    0.000    0.000
41        0.000    0.000    0.000    7.949    0.036    0.009    0.004    0.002    0.000    0.000    0.000    0.000    0.000    0.000    0.000    0.000
42        0.000    0.000    0.000   13.781    0.164    0.036    0.014    0.005    0.000    0.000    0.000    0.000    0.000    0.000    0.000    0.000
43        0.000    0.000    0.000   21.163    0.651    0.134    0.040    0.013    0.000    0.000    0.000    0.000    0.000    0.000    0.000    0.000
44        0.000    0.000    0.000   37.358    2.898    0.569    0.135    0.039    0.000    0.000    0.000    0.000    0.000    0.000    0.000    0.000
45        0.000    0.000    0.000   35.570    6.787    1.317    0.258    0.068    0.000    0.000    0.000    0.000    0.000    0.000    0.000    0.000
46        0.000    0.000    0.000   17.868    8.178    1.621    0.268    0.066    0.000    0.000    0.000    0.000    0.000    0.000    0.000    0.000
47        0.000    0.000    0.000   14.137   15.138    3.167    0.453    0.104    0.000    0.000    0.000    0.000    0.000    0.000    0.000    0.000
48        0.000    0.000    0.000    4.404   10.760    2.455    0.313    0.068    0.000    0.000    0.000    0.000    0.000    0.000    0.000    0.000
49        0.000    0.000    0.000    3.236   17.601    4.525    0.528    0.109    0.001    0.000    0.000    0.000    0.000    0.000    0.000    0.000
50        0.000    0.000    0.000    2.618   30.912    9.254    1.014    0.200    0.001    0.000    0.000    0.000    0.000    0.000    0.000    0.000
51        0.000    0.000    0.000    1.051   26.286    9.470    1.001    0.190    0.001    0.000    0.000    0.000    0.000    0.000    0.000    0.000
52        0.000    0.000    0.000    0.788   40.710   18.236    1.911    0.353    0.002    0.000    0.000    0.000    0.000    0.000    0.000    0.000
53        0.000    0.000    0.000    0.447   46.449   26.734    2.851    0.515    0.004    0.000    0.000    0.000    0.000    0.000    0.000    0.000
54        0.000    0.000    0.000    0.222   45.465   34.743    3.873    0.691    0.005    0.000    0.000    0.000    0.000    0.000    0.000    0.000
55        0.000    0.000    0.000    0.140   55.028   57.692    6.903    1.225    0.010    0.000    0.000    0.000    0.001    0.000    0.000    0.000
56        0.000    0.000    0.000    0.049   35.674   53.025    6.994    1.245    0.012    0.000    0.000    0.000    0.001    0.000    0.000    0.000
57        0.000    0.000    0.000    0.023   30.876   67.233   10.041    1.806    0.019    0.000    0.000    0.000    0.001    0.000    0.000    0.000
58        0.000    0.000    0.000    0.009   21.104   69.566   12.081    2.213    0.027    0.000    0.000    0.000    0.001    0.000    0.000    0.000
59        0.000    0.000    0.000    0.003   14.132   72.870   15.113    2.841    0.039    0.000    0.000    0.000    0.002    0.000    0.000    0.000
60        0.000    0.000    0.000    0.002   10.948   91.251   23.211    4.515    0.071    0.000    0.000    0.000    0.003    0.000    0.000    0.000
61        0.000    0.000    0.000    0.001    5.861   81.594   26.143    5.302    0.096    0.000    0.000    0.000    0.003    0.000    0.000    0.000
62        0.000    0.000    0.000    0.000    3.526   84.715   35.114    7.483    0.157    0.000    0.000    0.000    0.005    0.000    0.000    0.000
63        0.000    0.000    0.000    0.000    1.783   76.404   42.076    9.496    0.234    0.000    0.000    0.000    0.007    0.000    0.000    0.000
64        0.000    0.000    0.000    0.000    0.746   58.958   44.304   10.673    0.310    0.000    0.000    0.000    0.009    0.000    0.000    0.000
65        0.000    0.000    0.000    0.000    0.332   49.951   52.603   13.632    0.470    0.000    0.000    0.000    0.012    0.000    0.000    0.000
66        0.000    0.000    0.000    0.000    0.106   31.388   47.574   13.366    0.552    0.000    0.000    0.000    0.014    0.000    0.000    0.000
67        0.000    0.000    0.000    0.000    0.032   19.421   43.509   13.357    0.664    0.000    0.000    0.000    0.017    0.000    0.000    0.000
68        0.000    0.000    0.000    0.000    0.012   15.473   52.624   17.791    1.073    0.000    0.000    0.000    0.026    0.000    0.000    0.000
69        0.000    0.000    0.000    0.000    0.003    7.699   40.823   15.318    1.129    0.000    0.000    0.000    0.028    0.000    0.000    0.000
70        0.000    0.000    0.000    0.000    0.001    6.723   57.086   23.960    2.175    0.000    0.000    0.000    0.055    0.000    0.000    0.000
71        0.000    0.000    0.000    0.000    0.000    3.179   44.391   21.005    2.363    0.000    0.000    0.000    0.062    0.000    0.000    0.000
72        0.000    0.000    0.000    0.000    0.000    1.535   36.196   19.461    2.734    0.000    0.000    0.000    0.075    0.000    0.000    0.000
73        0.000    0.000    0.000    0.000    0.000    0.837   34.246   21.084    3.724    0.000    0.000    0.000    0.108    0.000    0.000    0.000
74        0.000    0.000    0.000    0.000    0.000    0.283   20.655   14.676    3.283    0.000    0.000    0.000    0.102    0.000    0.000    0.000
75        0.000    0.000    0.000    0.000    0.000    0.087   11.551    9.546    2.724    0.000    0.000    0.000    0.092    0.000    0.000    0.000
76        0.000    0.000    0.000    0.000    0.000    0.053   13.241   12.829    4.702    0.000    0.000    0.000    0.176    0.000    0.000    0.000
77        0.000    0.000    0.000    0.000    0.000    0.019    9.217   10.551    5.003    0.000    0.000    0.000    0.209    0.000    0.000    0.000
78        0.000    0.000    0.000    0.000    0.000    0.007    7.084    9.656    5.966    0.003    0.000    0.000    0.283    0.000    0.000    0.000
79        0.000    0.000    0.000    0.000    0.000    0.001    2.724    4.456    3.613    0.009    0.000    0.000    0.197    0.000    0.000    0.000
80        0.000    0.000    0.000    0.000    0.000    0.001    3.803    7.523    8.062    0.099    0.000    0.000    0.512    0.000    0.000    0.000
81        0.000    0.000    0.000    0.000    0.000    0.000    1.374    3.315    4.728    0.228    0.000    0.000    0.355    0.000    0.000    0.000
82        0.000    0.000    0.000    0.000    0.000    0.000    1.907    5.649   10.803    1.671    0.000    0.000    0.970    0.000    0.000    0.000
83        0.000    0.000    0.000    0.000    0.000    0.000    0.631    2.315    5.978    2.425    0.000    0.000    0.651    0.000    0.000    0.000
84        0.000    0.000    0.000    0.000    0.000    0.000    0.424    1.939    6.808    5.918    0.000    0.000    0.911    0.000    0.000    0.000
85        0.000    0.000    0.000    0.000    0.000    0.000    0.209    1.205    5.796    8.823    0.000    0.000    0.966    0.000    0.000    0.000
86        0.000    0.000    0.000    0.000    0.000    0.000    0.099    0.720    4.774   10.401    0.002    0.000    1.004    0.000    0.000    0.000
87        0.000    0.000    0.000    0.000    0.000    0.000    0.032    0.303    2.789    7.104    0.021    0.000    0.751    0.000    0.000    0.000
88        0.000    0.000    0.000    0.000    0.000    0.000    0.015    0.177    2.276    5.542    0.196    0.000    0.795    0.000    0.000    0.000
89        0.000    0.000    0.000    0.000    0.000    0.000    0.010    0.151    2.736    5.202    1.647    0.000    1.255    0.000    0.000    0.000
90        0.000    0.000    0.000    0.000    0.000    0.000    0.007    0.135    3.469    4.209    9.060    0.000    2.120    0.000    0.000    0.000
91        0.000    0.000    0.000    0.000    0.000    0.000    0.001    0.026    0.948    0.599    6.645    0.000    0.782    0.000    0.000    0.000
92        0.000    0.000    0.000    0.000    0.000    0.000    0.000    0.017    0.924    0.249   10.767    0.000    1.043    0.000    0.000    0.000
93        0.000    0.000    0.000    0.000    0.000    0.000    0.000    0.014    1.091    0.102   13.084    0.000    1.708    0.000    0.000    0.000
94        0.000    0.000    0.000    0.000    0.000    0.000    0.000    0.001    0.147    0.004    1.121    5.403    0.323    0.000    0.000    0.000
95        0.000    0.000    0.000    0.000    0.000    0.000    0.000    0.004    0.699    0.004    2.104    0.000    2.189    0.000    0.000    0.000
96        0.000    0.000    0.000    0.000    0.000    0.000    0.000    0.005    1.277    0.002    0.938    0.000    5.777    0.000    0.000    0.000
97        0.000    0.000    0.000    0.000    0.000    0.000    0.000    0.001    0.517    0.000    0.057    0.000    3.424    0.000    0.000    0.000
98        0.000    0.000    0.000    0.000    0.000    0.000    0.000    0.001    0.277    0.000    0.003    0.000    2.719    0.000    0.000    0.000
99        0.000    0.000    0.000    0.000    0.000    0.000    0.000    0.000    0.254    0.000    0.000    0.000    3.746    0.000    0.000    0.000
100       0.000    0.000    0.000    0.000    0.000    0.000    0.000    0.000    0.128    0.000    0.000    0.000    2.872    0.000    0.000    0.000
101       0.000    0.000    0.000    0.000    0.000    0.000    0.000    0.000    0.056    0.000    0.000    0.000    1.944    0.000    0.000    0.000
102       0.000    0.000    0.000    0.000    0.000    0.000    0.000    0.000    0.000    0.000    0.000    0.000    0.000    0.000    0.000    0.000
103       0.000    0.000    0.000    0.000    0.000    0.000    0.000    0.000    0.011    0.000    0.000    0.000    0.989    0.000    0.000    0.000
104       0.000    0.000    0.000    0.000    0.000    0.000    0.000    0.000    0.007    0.000    0.000    0.000    0.993    0.000    0.000    0.000
105       0.000    0.000    0.000    0.000    0.000    0.000    0.000    0.000    0.004    0.000    0.000    0.000    0.996    0.000    0.000    0.000
106       0.000    0.000    0.000    0.000    0.000    0.000    0.000    0.000    0.003    0.000    0.000    0.000    0.997    0.000    0.000    0.000
107       0.000    0.000    0.000    0.000    0.000    0.000    0.000    0.000    0.000    0.000    0.000    0.000    0.000    0.000    0.000    0.000
108       0.000    0.000    0.000    0.000    0.000    0.000    0.000    0.000    0.002    0.000    0.000    0.000    1.998    0.000    0.000    0.000
109       0.000    0.000    0.000    0.000    0.000    0.000    0.000    0.000    0.001    0.000    0.000    0.000    0.999    0.000    0.000    0.000
110       0.000    0.000    0.000    0.000    0.000    0.000    0.000    0.000    0.000    0.000    0.000    0.000    0.000    0.000    0.000    0.000
111       0.000    0.000    0.000    0.000    0.000    0.000    0.000    0.000    0.000    0.000    0.000    0.000    0.000    0.000    0.000    0.000
112       0.000    0.000    0.000    0.000    0.000    0.000    0.000    0.000    0.000    0.000    0.000    0.000    1.000    0.000    0.000    0.000
113       0.000    0.000    0.000    0.000    0.000    0.000    0.000    0.000    0.000    0.000    0.000    0.000    0.000    0.000    0.000    0.000
114       0.000    0.000    0.000    0.000    0.000    0.000    0.000    0.000    0.000    0.000    0.000    0.000    0.000    0.000    0.000    0.000
115       0.000    0.000    0.000    0.000    0.000    0.000    0.000    0.000    0.000    0.000    0.000    0.000    0.000    0.000    0.000    0.000
116       0.000    0.000    0.000    0.000    0.000    0.000    0.000    0.000    0.000    0.000    0.000    0.000    0.000    0.000    0.000    0.000
117       0.000    0.000    0.000    0.000    0.000    0.000    0.000    0.000    0.000    0.000    0.000    0.000    0.000    0.000    0.000    0.000
118       0.000    0.000    0.000    0.000    0.000    0.000    0.000    0.000    0.000    0.000    0.000    0.000    0.000    0.000    0.000    0.000
119       0.000    0.000    0.000    0.000    0.000    0.000    0.000    0.000    0.000    0.000    0.000    0.000    0.000    0.000    0.000    0.000
120       0.000    0.000    0.000    0.000    0.000    0.000    0.000    0.000    0.000    0.000    0.000    0.000    0.000    0.000    0.000    0.000
121       0.000    0.000    0.000    0.000    0.000    0.000    0.000    0.000    0.000    0.000    0.000    0.000    0.000    0.000    0.000    0.000
122       0.000    0.000    0.000    0.000    0.000    0.000    0.000    0.000    0.000    0.000    0.000    0.000    0.000    0.000    0.000    0.000
123       0.000    0.000    0.000    0.000    0.000    0.000    0.000    0.000    0.000    0.000    0.000    0.000    0.000    0.000    0.000    0.000
124       0.000    0.000    0.000    0.000    0.000    0.000    0.000    0.000    0.000    0.000    0.000    0.000    0.000    0.000    0.000    0.000
125       0.000    0.000    0.000    0.000    0.000    0.000    0.000    0.000    0.000    0.000    0.000    0.000    0.000    0.000    0.000    0.000
126       0.000    0.000    0.000    0.000    0.000    0.000    0.000    0.000    0.000    0.000    0.000    0.000    0.000    0.000    0.000    0.000
127       0.000    0.000    0.000    0.000    0.000    0.000    0.000    0.000    0.000    0.000    0.000    0.000    0.000    0.000    0.000    0.000
128       0.000    0.000    0.000    0.000    0.000    0.000    0.000    0.000    0.000    0.000    0.000    0.000    0.000    0.000    0.000    0.000
129       0.000    0.000    0.000    0.000    0.000    0.000    0.000    0.000    0.000    0.000    0.000    0.000    0.000    0.000    0.000    0.000
130       0.000    0.000    0.000    0.000    0.000    0.000    0.000    0.000    0.000    0.000    0.000    0.000    0.000    0.000    0.000    0.000
131       0.000    0.000    0.000    0.000    0.000    0.000    0.000    0.000    0.000    0.000    0.000    0.000    0.000    0.000    0.000    0.000
132       0.000    0.000    0.000    0.000    0.000    0.000    0.000    0.000    0.000    0.000    0.000    0.000    0.000    0.000    0.000    0.000
133       0.000    0.000    0.000    0.000    0.000    0.000    0.000    0.000    0.000    0.000    0.000    0.000    0.000    0.000    0.000    0.000
134       0.000    0.000    0.000    0.000    0.000    0.000    0.000    0.000    0.000    0.000    0.000    0.000    0.000    0.000    0.000    0.000
135       0.000    0.000    0.000    0.000    0.000    0.000    0.000    0.000    0.000    0.000    0.000    0.000    0.000    0.000    0.000    0.000
136       0.000    0.000    0.000    0.000    0.000    0.000    0.000    0.000    0.000    0.000    0.000    0.000    0.000    0.000    0.000    0.000
137       0.000    0.000    0.000    0.000    0.000    0.000    0.000    0.000    0.000    0.000    0.000    0.000    0.000    0.000    0.000    0.000
138       0.000    0.000    0.000    0.000    0.000    0.000    0.000    0.000    0.000    0.000    0.000    0.000    0.000    0.000    0.000    0.000
139       0.000    0.000    0.000    0.000    0.000    0.000    0.000    0.000    0.000    0.000    0.000    0.000    0.000    0.000    0.000    0.000
140       0.000    0.000    0.000    0.000    0.000    0.000    0.000    0.000    0.000    0.000    0.000    0.000    0.000    0.000    0.000    0.000
141       0.000    0.000    0.000    0.000    0.000    0.000    0.000    0.000    0.000    0.000    0.000    0.000    0.000    0.000    0.000    0.000
142       0.000    0.000    0.000    0.000    0.000    0.000    0.000    0.000    0.000    0.000    0.000    0.000    0.000    0.000    0.000    0.000
143       0.000    0.000    0.000    0.000    0.000    0.000    0.000    0.000    0.000    0.000    0.000    0.000    0.000    0.000    0.000    0.000
144       0.000    0.000    0.000    0.000    0.000    0.000    0.000    0.000    0.000    0.000    0.000    0.000    0.000    0.000    0.000    0.000
145       0.000    0.000    0.000    0.000    0.000    0.000    0.000    0.000    0.000    0.000    0.000    0.000    0.000    0.000    0.000    0.000
146       0.000    0.000    0.000    0.000    0.000    0.000    0.000    0.000    0.000    0.000    0.000    0.000    0.000    0.000    0.000    0.000
147       0.000    0.000    0.000    0.000    0.000    0.000    0.000    0.000    0.000    0.000    0.000    0.000    0.000    0.000    0.000    0.000
148       0.000    0.000    0.000    0.000    0.000    0.000    0.000    0.000    0.000    0.000    0.000    0.000    0.000    0.000    0.000    0.000
149       0.000    0.000    0.000    0.000    0.000    0.000    0.000    0.000    0.000    0.000    0.000    0.000    0.000    0.000    0.000    0.000
150       0.000    0.000    0.000    0.000    0.000    0.000    0.000    0.000    0.000    0.000    0.000    0.000    0.000    0.000    0.000    0.000
Sum       0.000    0.000    0.000  162.813  432.204  962.238  716.680  293.410  105.732   52.596   45.645    5.403   46.278    0.000    0.000    0.000
mW        0.000    0.000    0.000    0.733    1.242    1.714    2.373    2.758    4.077    4.869    5.813    6.200    6.620    0.000    0.000    0.000
mL        0.000    0.000    0.000   44.574   53.487   59.805   66.918   70.489   80.570   86.426   91.857   94.000   96.120    0.000    0.000    0.000
pA        0.000    0.000    0.000    0.058    0.153    0.341    0.254    0.104    0.037    0.019    0.016    0.002    0.016    0.000    0.000    0.000
tot.mW 2163.788 2163.788 2163.788 2163.788 2163.788 2163.788 2163.788 2163.788 2163.788 2163.788 2163.788 2163.788 2163.788 2163.788 2163.788 2163.788
tot.mL   63.315   63.315   63.315   63.315   63.315   63.315   63.315   63.315   63.315   63.315   63.315   63.315   63.315   63.315   63.315   63.315
          Matad      Sum
1         0.000    0.000
2         0.000    0.000
3         0.000    0.000
4         0.000    0.000
5         0.000    0.000
6         0.000    0.000
7         0.000    0.000
8         0.000    0.000
9         0.000    0.000
10        0.000    0.000
11        0.000    0.000
12        0.000    0.000
13        0.000    0.000
14        0.000    0.000
15        0.000    0.000
16        0.000    0.000
17        0.000    0.000
18        0.000    0.000
19        0.000    0.000
20        0.000    0.000
21        0.000    0.000
22        0.000    0.000
23        0.000    0.000
24        0.000    0.000
25        0.000    0.000
26        0.000    0.000
27        0.000    0.000
28        0.000    0.000
29        0.000    0.000
30        0.000    0.000
31        0.000    0.000
32        0.000    0.000
33        0.000    0.000
34        0.000    0.000
35        0.000    0.000
36        0.000    0.000
37        0.000    0.000
38        0.000    0.000
39        0.000    0.000
40        2.000    2.000
41        8.000    8.000
42       14.000   14.000
43       22.000   22.000
44       41.000   41.000
45       44.000   44.000
46       28.000   28.000
47       33.000   33.000
48       18.000   18.000
49       26.000   26.000
50       44.000   44.000
51       38.000   38.000
52       62.000   62.000
53       77.000   77.000
54       85.000   85.000
55      121.000  121.000
56       97.000   97.000
57      110.000  110.000
58      105.000  105.000
59      105.000  105.000
60      130.000  130.000
61      119.000  119.000
62      131.000  131.000
63      130.000  130.000
64      115.000  115.000
65      117.000  117.000
66       93.000   93.000
67       77.000   77.000
68       87.000   87.000
69       65.000   65.000
70       90.000   90.000
71       71.000   71.000
72       60.000   60.000
73       60.000   60.000
74       39.000   39.000
75       24.000   24.000
76       31.000   31.000
77       25.000   25.000
78       23.000   23.000
79       11.000   11.000
80       20.000   20.000
81       10.000   10.000
82       21.000   21.000
83       12.000   12.000
84       16.000   16.000
85       17.000   17.000
86       17.000   17.000
87       11.000   11.000
88        9.000    9.000
89       11.000   11.000
90       19.000   19.000
91        9.000    9.000
92       13.000   13.000
93       16.000   16.000
94        7.000    7.000
95        5.000    5.000
96        8.000    8.000
97        4.000    4.000
98        3.000    3.000
99        4.000    4.000
100       3.000    3.000
101       2.000    2.000
102       0.000    0.000
103       1.000    1.000
104       1.000    1.000
105       1.000    1.000
106       1.000    1.000
107       0.000    0.000
108       2.000    2.000
109       1.000    1.000
110       0.000    0.000
111       0.000    0.000
112       1.000    1.000
113       0.000    0.000
114       0.000    0.000
115       0.000    0.000
116       0.000    0.000
117       0.000    0.000
118       0.000    0.000
119       0.000    0.000
120       0.000    0.000
121       0.000    0.000
122       0.000    0.000
123       0.000    0.000
124       0.000    0.000
125       0.000    0.000
126       0.000    0.000
127       0.000    0.000
128       0.000    0.000
129       0.000    0.000
130       0.000    0.000
131       0.000    0.000
132       0.000    0.000
133       0.000    0.000
134       0.000    0.000
135       0.000    0.000
136       0.000    0.000
137       0.000    0.000
138       0.000    0.000
139       0.000    0.000
140       0.000    0.000
141       0.000    0.000
142       0.000    0.000
143       0.000    0.000
144       0.000    0.000
145       0.000    0.000
146       0.000    0.000
147       0.000    0.000
148       0.000    0.000
149       0.000    0.000
150       0.000    0.000
Sum    2823.000 2823.000
mW        0.000    0.000
mL        0.000    0.000
pA        0.000    0.000
tot.mW 2163.788 2163.788
tot.mL   63.315   63.315


 .... [TRUNCATED] 
>>>>>>>>>>>>>>>>>>>>>>>>>>>>>>>>>>>>>>>>>>>>>>>>>>>>>>>>>>>>>> 
 > Dato                :  Mon Dec  8 14:49:36 2014 
 > Slag                :  UP 
 > ?r                  :  2014 
 > Ti?arskei?          :  JAN-DEC 
 > Skipab?lk/-ar       :  21 
 > Skipab?lk/-ar (l?n) :  0 
 > ICES-?ki            :  VB1 
 <<<<<<<<<<<<<<<<<<<<<<<<<<<<<<<<<<<<<<<<<<<<<<<<<<<<<<<<<<<<<< 

$URSLITID
   aldur tal_matad tal_fiskad midal_longd midal_vekt roknad_veida
0      0         0          0        0.00      0.000            0
1      1         0          0        0.00      0.000            0
2      2         0          0        0.00      0.000            0
3      3        42        669       46.29      0.815          545
4      4       388       6104       54.35      1.294         7900
5      5       965      15190       59.60      1.702        25850
6      6       671      10557       66.23      2.299        24272
7      7       275       4330       69.17      2.599        11256
8      8        47        736       77.83      3.670         2699
9      9        26        409       86.04      4.810         1968
10    10        20        323       92.60      5.932         1913
11    11         7        110       94.00      6.200          683
12    12         6        102       96.67      6.754          691
13    13         0          0        0.00      0.000            0
14    14         0          0        0.00      0.000            0
15    15         0          0        0.00      0.000            0
17   Sum      2447      38530       62.52      2.019        77777

$URSLITID.j
   aldur tal_matad tal_fiskad midal_longd midal_vekt roknad_veida
0      0         0          0        0.00      0.000            0
1      1         0          0        0.00      0.000            0
2      2         0          0        0.00      0.000            0
3      3       163       2073       44.57      0.733         1520
4      4       432       5503       53.49      1.242         6836
5      5       962      12252       59.81      1.714        21002
6      6       717       9125       66.92      2.373        21659
7      7       293       3736       70.49      2.758        10305
8      8       106       1346       80.57      4.077         5489
9      9        53        670       86.43      4.869         3261
10    10        46        581       91.86      5.813         3379
11    11         5         69       94.00      6.200          427
12    12        46        589       96.12      6.620         3901
13    13         0          0        0.00      0.000            0
14    14         0          0        0.00      0.000            0
15    15         0          0        0.00      0.000            0
17   Sum      2823      35944       63.32      2.164        77779


 .... [TRUNCATED] 
