
> .... [TRUNCATED] 

 <<<<<<<<<<<<<<<<<<<<<<<<<<<<<<<<<<<<<<<<<<<<<<<<<<<<<<<<<<<<<<<<<<<<<<<< 
 > Dato                                      :  Thu Jan 16 14:43:20 2014 
 > Slag                                      :  TO 
 > Ár                                        :  2012 
 > Skipabólk/-ar                             :  1 2 4 
 > Byrjanar og enda mánaŵ fyri ALK/ALD       :  JAN-DEC 
 > Skipabólk/-ar, sum longdir eru lántar frá :  0 
 > Skipabólk/-ar, sum vektir eru lántar frá  :  0 
 > Skipabólk/-ar, sum aldrar eru lántar frá  :  0 
 > ICES-øki                                  :  VB1 
 <<<<<<<<<<<<<<<<<<<<<<<<<<<<<<<<<<<<<<<<<<<<<<<<<<<<<<<<<<<<<<<<<<<<<<<< 

> .... [TRUNCATED] 

>>>>>>>>>>>>>>>>>>>>>>>>>>>>>>>>>>>>> 
> Alpha	 = 0.02440514
> Beta	 = 2.757383
> R^2	 = 0.950931
> N	 = 2759
> Veida (kg.)	  = 1056782
> Rundveida (kg.) = 1173028
<<<<<<<<<<<<<<<<<<<<<<<<<<<<<<<<<<<<< 


> .... [TRUNCATED] 

 >>>>>>>>>>>>>> 	 ALK-lykil 	 <<<<<<<<<<<< 

> .... [TRUNCATED] 
$ALK
    longd 0 1 2  3  4 5 6 7 8 9 10 11 12 13 14 15 Sum Matad
1       1 0 0 0  0  0 0 0 0 0 0  0  0  0  0  0  0   0     0
2       2 0 0 0  0  0 0 0 0 0 0  0  0  0  0  0  0   0     0
3       3 0 0 0  0  0 0 0 0 0 0  0  0  0  0  0  0   0     0
4       4 0 0 0  0  0 0 0 0 0 0  0  0  0  0  0  0   0     0
5       5 0 0 0  0  0 0 0 0 0 0  0  0  0  0  0  0   0     0
6       6 0 0 0  0  0 0 0 0 0 0  0  0  0  0  0  0   0     0
7       7 0 0 0  0  0 0 0 0 0 0  0  0  0  0  0  0   0     0
8       8 0 0 0  0  0 0 0 0 0 0  0  0  0  0  0  0   0     0
9       9 0 0 0  0  0 0 0 0 0 0  0  0  0  0  0  0   0     0
10     10 0 0 0  0  0 0 0 0 0 0  0  0  0  0  0  0   0     0
11     11 0 0 0  0  0 0 0 0 0 0  0  0  0  0  0  0   0     0
12     12 0 0 0  0  0 0 0 0 0 0  0  0  0  0  0  0   0     0
13     13 0 0 0  0  0 0 0 0 0 0  0  0  0  0  0  0   0     0
14     14 0 0 0  0  0 0 0 0 0 0  0  0  0  0  0  0   0     0
15     15 0 0 0  0  0 0 0 0 0 0  0  0  0  0  0  0   0     0
16     16 0 0 0  0  0 0 0 0 0 0  0  0  0  0  0  0   0     0
17     17 0 0 0  0  0 0 0 0 0 0  0  0  0  0  0  0   0     0
18     18 0 0 0  0  0 0 0 0 0 0  0  0  0  0  0  0   0     0
19     19 0 0 0  0  0 0 0 0 0 0  0  0  0  0  0  0   0     0
20     20 0 0 0  0  0 0 0 0 0 0  0  0  0  0  0  0   0     0
21     21 0 0 0  0  0 0 0 0 0 0  0  0  0  0  0  0   0     0
22     22 0 0 0  0  0 0 0 0 0 0  0  0  0  0  0  0   0     0
23     23 0 0 0  0  0 0 0 0 0 0  0  0  0  0  0  0   0     0
24     24 0 0 0  0  0 0 0 0 0 0  0  0  0  0  0  0   0     0
25     25 0 0 0  0  0 0 0 0 0 0  0  0  0  0  0  0   0     0
26     26 0 0 0  0  0 0 0 0 0 0  0  0  0  0  0  0   0     0
27     27 0 0 0  0  0 0 0 0 0 0  0  0  0  0  0  0   0     0
28     28 0 0 0  0  0 0 0 0 0 0  0  0  0  0  0  0   0     0
29     29 0 0 0  0  0 0 0 0 0 0  0  0  0  0  0  0   0     0
30     30 0 0 0  0  0 0 0 0 0 0  0  0  0  0  0  0   0     0
31     31 0 0 0  0  0 0 0 0 0 0  0  0  0  0  0  0   0     0
32     32 0 0 0  0  0 0 0 0 0 0  0  0  0  0  0  0   0     1
33     33 0 1 0  0  0 0 0 0 0 0  0  0  0  0  0  0   1     4
34     34 0 1 0  0  0 0 0 0 0 0  0  0  0  0  0  0   1     5
35     35 0 0 1  0  0 0 0 0 0 0  0  0  0  0  0  0   1     2
36     36 0 3 1  0  0 0 0 0 0 0  0  0  0  0  0  0   4     8
37     37 0 0 1  1  0 0 0 0 0 0  0  0  0  0  0  0   2     6
38     38 0 0 1  0  0 0 0 0 0 0  0  0  0  0  0  0   1    11
39     39 0 0 1  3  0 0 0 0 0 0  0  0  0  0  0  0   4    20
40     40 0 0 1  2  0 0 0 0 0 0  0  0  0  0  0  0   3    33
41     41 0 0 0  6  2 0 0 0 0 0  0  0  0  0  0  0   8    42
42     42 0 0 2  3  2 0 0 0 0 0  0  0  0  0  0  0   7    72
43     43 0 0 0  7  1 0 0 0 0 0  0  0  0  0  0  0   8    85
44     44 0 0 0  5  2 0 0 0 0 0  0  0  0  0  0  0   7   116
45     45 0 0 1  7 15 1 0 0 0 0  0  0  0  0  0  0  24   127
46     46 0 0 1  9  6 0 0 0 0 0  0  0  0  0  0  0  16   125
47     47 0 0 1 12 14 2 0 0 0 0  0  0  0  0  0  0  29   138
48     48 0 0 1  6 18 1 0 0 0 0  0  0  0  0  0  0  26   159
49     49 0 0 1 12 27 0 1 0 0 0  0  0  0  0  0  0  41   158
50     50 0 0 4  9 21 2 0 0 0 0  0  0  0  0  0  0  36   174
51     51 0 0 0  7 19 3 0 0 0 0  0  0  0  0  0  0  29   155
52     52 0 0 0  2 16 0 0 0 0 0  0  0  0  0  0  0  18   111
53     53 0 0 1 10  8 3 0 0 0 0  0  0  0  0  0  0  22   126
54     54 0 0 0  4 14 5 1 0 0 0  0  0  0  0  0  0  24   100
55     55 0 0 0  7 14 3 0 0 0 0  0  0  0  0  0  0  24    98
56     56 0 0 0  8  9 4 0 0 0 0  0  0  0  0  0  0  21    89
57     57 0 0 0  3  9 1 0 0 0 0  0  0  0  0  0  0  13    75
58     58 0 0 0  4 11 4 0 0 0 0  0  0  0  0  0  0  19    70
59     59 0 0 0  5 11 5 0 0 0 0  0  0  0  0  0  0  21    71
60     60 0 0 0  1  8 2 0 0 0 0  0  0  0  0  0  0  11    59
61     61 0 0 0  1  5 6 2 1 0 0  0  0  0  0  0  0  15    54
62     62 0 0 0  1  5 2 0 0 0 0  0  0  0  0  0  0   8    58
63     63 0 0 0  0  3 1 1 0 0 0  0  0  0  0  0  0   5    42
64     64 0 0 0  1  4 2 1 1 0 0  0  0  0  0  0  0   9    48
65     65 0 0 0  1  2 4 3 0 0 0  0  0  0  0  0  0  10    38
66     66 0 0 0  0  1 3 2 0 0 0  0  0  0  0  0  0   6    22
67     67 0 0 0  0  4 0 0 0 0 0  0  0  0  0  0  0   4    25
68     68 0 0 0  0  0 3 2 0 0 0  0  0  0  0  0  0   5    23
69     69 0 0 0  0  2 2 1 1 1 0  0  0  0  0  0  0   7    31
70     70 0 0 0  0  0 1 0 0 0 0  0  0  0  0  0  0   1    20
71     71 0 0 0  0  0 1 1 1 0 0  0  0  0  0  0  0   3    22
72     72 0 0 0  0  1 1 0 0 0 0  0  0  0  0  0  0   2     8
73     73 0 0 0  0  0 1 0 1 0 0  0  0  0  0  0  0   2    12
74     74 0 0 0  0  0 2 2 0 0 0  0  0  0  0  0  0   4    14
75     75 0 0 0  0  0 2 0 0 0 0  0  0  0  0  0  0   2     8
76     76 0 0 0  0  0 0 0 0 0 0  0  0  0  0  0  0   0    10
77     77 0 0 0  0  0 0 1 0 0 0  0  0  0  0  0  0   1     5
78     78 0 0 0  0  0 0 0 0 0 0  0  0  0  0  0  0   0     5
79     79 0 0 0  0  0 0 1 0 1 0  0  0  0  0  0  0   2     6
80     80 0 0 0  0  0 0 0 1 1 0  0  0  0  0  0  0   2     7
81     81 0 0 0  0  0 0 0 0 1 1  0  0  0  0  0  0   2     7
82     82 0 0 0  0  0 1 0 0 1 0  0  0  0  0  0  0   2     6
83     83 0 0 0  0  0 0 0 0 0 0  0  0  0  0  0  0   0     4
84     84 0 0 0  0  0 0 0 1 1 0  0  0  0  0  0  0   2     7
85     85 0 0 0  0  0 0 0 0 0 0  0  0  0  0  0  0   0     3
86     86 0 0 0  0  0 0 0 0 0 0  0  0  0  0  0  0   0     4
87     87 0 0 0  0  0 0 0 0 0 0  0  0  0  0  0  0   0     6
88     88 0 0 0  0  0 0 0 0 1 0  0  0  0  0  0  0   1     4
89     89 0 0 0  0  0 0 0 1 0 0  0  0  0  0  0  0   1     4
90     90 0 0 0  0  0 0 0 0 0 0  0  0  0  0  0  0   0     2
91     91 0 0 0  0  0 0 0 0 0 0  0  0  0  0  0  0   0     1
92     92 0 0 0  0  0 0 0 0 0 0  0  0  0  0  0  0   0     1
93     93 0 0 0  0  0 0 0 0 0 0  0  0  0  0  0  0   0     0
94     94 0 0 0  0  0 0 0 0 0 0  0  0  0  0  0  0   0     1
95     95 0 0 0  0  0 0 0 0 0 0  0  0  0  0  0  0   0     2
96     96 0 0 0  0  0 0 0 0 0 0  0  0  0  0  0  0   0     0
97     97 0 0 0  0  0 0 0 0 0 0  0  0  0  0  0  0   0     1
98     98 0 0 0  0  0 0 0 1 0 0  0  0  0  0  0  0   1     1
99     99 0 0 0  0  0 0 0 0 0 0  0  0  0  0  0  0   0     0
100   100 0 0 0  0  0 0 0 0 0 0  0  0  0  0  0  0   0     0
101   101 0 0 0  0  0 0 0 0 0 0  0  0  0  0  0  0   0     0
102   102 0 0 0  0  0 0 0 0 0 0  0  0  0  0  0  0   0     0
103   103 0 0 0  0  0 0 0 1 0 0  0  0  0  0  0  0   1     3
104   104 0 0 0  0  0 0 0 0 0 0  1  0  0  0  0  0   1     2
105   105 0 0 0  0  0 0 0 0 0 0  0  0  0  0  0  0   0     0
106   106 0 0 0  0  0 0 0 0 0 1  0  0  0  0  0  0   1     1
107   107 0 0 0  0  0 0 0 0 0 0  0  0  0  0  0  0   0     0
108   108 0 0 0  0  0 0 0 0 0 0  0  0  0  0  0  0   0     0
109   109 0 0 0  0  0 0 0 0 0 0  0  0  0  0  0  0   0     0
110   110 0 0 0  0  0 0 0 0 0 0  0  0  0  0  0  0   0     0
111   111 0 0 0  0  0 0 0 0 0 0  0  0  0  0  0  0   0     0
112   112 0 0 0  0  0 0 0 0 0 0  0  0  0  0  0  0   0     0
113   113 0 0 0  0  0 0 0 0 0 0  0  0  0  0  0  0   0     0
114   114 0 0 0  0  0 0 0 0 0 0  0  0  0  0  0  0   0     0
115   115 0 0 0  0  0 0 0 0 0 0  0  0  0  0  0  0   0     1
116   116 0 0 0  0  0 0 0 0 0 0  0  0  0  0  0  0   0     0
117   117 0 0 0  0  0 0 0 0 0 0  0  0  0  0  0  0   0     0
118   118 0 0 0  0  0 0 0 0 0 0  0  0  0  0  0  0   0     0
119   119 0 0 0  0  0 0 0 0 0 0  0  0  0  0  0  0   0     0
120   120 0 0 0  0  0 0 0 0 0 0  0  0  0  0  0  0   0     0
121   121 0 0 0  0  0 0 0 0 0 0  0  0  0  0  0  0   0     0
122   122 0 0 0  0  0 0 0 0 0 0  0  0  0  0  0  0   0     0
123   123 0 0 0  0  0 0 0 0 0 0  0  0  0  0  0  0   0     0
124   124 0 0 0  0  0 0 0 0 0 0  0  0  0  0  0  0   0     0
125   125 0 0 0  0  0 0 0 0 0 0  0  0  0  0  0  0   0     0
126   126 0 0 0  0  0 0 0 0 0 0  0  0  0  0  0  0   0     0
127   127 0 0 0  0  0 0 0 0 0 0  0  0  0  0  0  0   0     0
128   128 0 0 0  0  0 0 0 0 0 0  0  0  0  0  0  0   0     0
129   129 0 0 0  0  0 0 0 0 0 0  0  0  0  0  0  0   0     0
130   130 0 0 0  0  0 0 0 0 0 0  0  0  0  0  0  0   0     0
131   131 0 0 0  0  0 0 0 0 0 0  0  0  0  0  0  0   0     0
132   132 0 0 0  0  0 0 0 0 0 0  0  0  0  0  0  0   0     0
133   133 0 0 0  0  0 0 0 0 0 0  0  0  0  0  0  0   0     0
134   134 0 0 0  0  0 0 0 0 0 0  0  0  0  0  0  0   0     0
135   135 0 0 0  0  0 0 0 0 0 0  0  0  0  0  0  0   0     0
136   136 0 0 0  0  0 0 0 0 0 0  0  0  0  0  0  0   0     0
137   137 0 0 0  0  0 0 0 0 0 0  0  0  0  0  0  0   0     0
138   138 0 0 0  0  0 0 0 0 0 0  0  0  0  0  0  0   0     0
139   139 0 0 0  0  0 0 0 0 0 0  0  0  0  0  0  0   0     0
140   140 0 0 0  0  0 0 0 0 0 0  0  0  0  0  0  0   0     0
141   141 0 0 0  0  0 0 0 0 0 0  0  0  0  0  0  0   0     0
142   142 0 0 0  0  0 0 0 0 0 0  0  0  0  0  0  0   0     0
143   143 0 0 0  0  0 0 0 0 0 0  0  0  0  0  0  0   0     0
144   144 0 0 0  0  0 0 0 0 0 0  0  0  0  0  0  0   0     0
145   145 0 0 0  0  0 0 0 0 0 0  0  0  0  0  0  0   0     0
146   146 0 0 0  0  0 0 0 0 0 0  0  0  0  0  0  0   0     0
147   147 0 0 0  0  0 0 0 0 0 0  0  0  0  0  0  0   0     0
148   148 0 0 0  0  0 0 0 0 0 0  0  0  0  0  0  0   0     0
149   149 0 0 0  0  0 0 0 0 0 0  0  0  0  0  0  0   0     0
150   150 0 0 0  0  0 0 0 0 0 0  0  0  0  0  0  0   0     0

$ALK.j
    longd 0     1     2     3      4     5     6     7     8     9 10 11 12 13
1       1 0 0.000 0.000 0.000  0.000 0.000 0.000 0.000 0.000 0.000  0  0  0  0
2       2 0 0.000 0.000 0.000  0.000 0.000 0.000 0.000 0.000 0.000  0  0  0  0
3       3 0 0.000 0.000 0.000  0.000 0.000 0.000 0.000 0.000 0.000  0  0  0  0
4       4 0 0.000 0.000 0.000  0.000 0.000 0.000 0.000 0.000 0.000  0  0  0  0
5       5 0 0.000 0.000 0.000  0.000 0.000 0.000 0.000 0.000 0.000  0  0  0  0
6       6 0 0.000 0.000 0.000  0.000 0.000 0.000 0.000 0.000 0.000  0  0  0  0
7       7 0 0.000 0.000 0.000  0.000 0.000 0.000 0.000 0.000 0.000  0  0  0  0
8       8 0 0.000 0.000 0.000  0.000 0.000 0.000 0.000 0.000 0.000  0  0  0  0
9       9 0 0.000 0.000 0.000  0.000 0.000 0.000 0.000 0.000 0.000  0  0  0  0
10     10 0 0.000 0.000 0.000  0.000 0.000 0.000 0.000 0.000 0.000  0  0  0  0
11     11 0 0.000 0.000 0.000  0.000 0.000 0.000 0.000 0.000 0.000  0  0  0  0
12     12 0 0.000 0.000 0.000  0.000 0.000 0.000 0.000 0.000 0.000  0  0  0  0
13     13 0 0.000 0.000 0.000  0.000 0.000 0.000 0.000 0.000 0.000  0  0  0  0
14     14 0 0.000 0.000 0.000  0.000 0.000 0.000 0.000 0.000 0.000  0  0  0  0
15     15 0 0.000 0.000 0.000  0.000 0.000 0.000 0.000 0.000 0.000  0  0  0  0
16     16 0 0.000 0.000 0.000  0.000 0.000 0.000 0.000 0.000 0.000  0  0  0  0
17     17 0 0.000 0.000 0.000  0.000 0.000 0.000 0.000 0.000 0.000  0  0  0  0
18     18 0 0.000 0.000 0.000  0.000 0.000 0.000 0.000 0.000 0.000  0  0  0  0
19     19 0 0.000 0.000 0.000  0.000 0.000 0.000 0.000 0.000 0.000  0  0  0  0
20     20 0 0.000 0.000 0.000  0.000 0.000 0.000 0.000 0.000 0.000  0  0  0  0
21     21 0 0.000 0.000 0.000  0.000 0.000 0.000 0.000 0.000 0.000  0  0  0  0
22     22 0 0.000 0.001 0.000  0.000 0.000 0.000 0.000 0.000 0.000  0  0  0  0
23     23 0 0.000 0.001 0.000  0.000 0.000 0.000 0.000 0.000 0.000  0  0  0  0
24     24 0 0.000 0.002 0.001  0.000 0.000 0.000 0.000 0.000 0.000  0  0  0  0
25     25 0 0.000 0.004 0.001  0.000 0.000 0.000 0.000 0.000 0.000  0  0  0  0
26     26 0 0.000 0.008 0.002  0.000 0.000 0.000 0.000 0.000 0.000  0  0  0  0
27     27 0 0.000 0.013 0.005  0.001 0.000 0.000 0.000 0.000 0.000  0  0  0  0
28     28 0 0.000 0.022 0.009  0.002 0.001 0.000 0.000 0.000 0.000  0  0  0  0
29     29 0 0.000 0.036 0.018  0.005 0.001 0.000 0.001 0.000 0.000  0  0  0  0
30     30 0 0.003 0.056 0.032  0.009 0.002 0.000 0.001 0.000 0.000  0  0  0  0
31     31 0 0.026 0.085 0.056  0.017 0.003 0.000 0.001 0.000 0.000  0  0  0  0
32     32 0 0.149 0.126 0.096  0.032 0.005 0.000 0.001 0.000 0.000  0  0  0  0
33     33 0 0.519 0.180 0.160  0.057 0.008 0.000 0.001 0.000 0.000  0  0  0  0
34     34 0 1.098 0.251 0.257  0.100 0.012 0.000 0.002 0.000 0.000  0  0  0  0
35     35 0 1.410 0.338 0.401  0.171 0.018 0.000 0.002 0.000 0.000  0  0  0  0
36     36 0 1.098 0.441 0.609  0.283 0.027 0.000 0.003 0.000 0.000  0  0  0  0
37     37 0 0.519 0.559 0.897  0.455 0.040 0.000 0.003 0.000 0.000  0  0  0  0
38     38 0 0.149 0.688 1.283  0.711 0.057 0.001 0.004 0.000 0.000  0  0  0  0
39     39 0 0.026 0.820 1.782  1.078 0.082 0.001 0.005 0.000 0.000  0  0  0  0
40     40 0 0.003 0.949 2.403  1.588 0.116 0.002 0.006 0.000 0.000  0  0  0  0
41     41 0 0.000 1.064 3.145  2.273 0.160 0.003 0.007 0.000 0.001  0  0  0  0
42     42 0 0.000 1.158 3.996  3.159 0.218 0.004 0.009 0.000 0.001  0  0  0  0
43     43 0 0.000 1.223 4.930  4.266 0.292 0.006 0.011 0.000 0.001  0  0  0  0
44     44 0 0.000 1.252 5.906  5.594 0.384 0.010 0.013 0.000 0.001  0  0  0  0
45     45 0 0.000 1.244 6.868  7.124 0.498 0.015 0.015 0.000 0.001  0  0  0  0
46     46 0 0.000 1.198 7.754  8.813 0.635 0.022 0.018 0.000 0.001  0  0  0  0
47     47 0 0.000 1.120 8.500 10.590 0.797 0.032 0.021 0.000 0.001  0  0  0  0
48     48 0 0.000 1.015 9.046 12.359 0.984 0.045 0.025 0.000 0.002  0  0  0  0
49     49 0 0.000 0.893 9.346 14.010 1.195 0.063 0.029 0.000 0.002  0  0  0  0
50     50 0 0.000 0.761 9.375 15.425 1.428 0.087 0.034 0.000 0.002  0  0  0  0
51     51 0 0.000 0.630 9.131 16.496 1.679 0.116 0.039 0.000 0.003  0  0  0  0
52     52 0 0.000 0.505 8.634 17.134 1.942 0.154 0.045 0.000 0.003  0  0  0  0
53     53 0 0.000 0.393 7.926 17.286 2.210 0.199 0.051 0.000 0.003  0  0  0  0
54     54 0 0.000 0.297 7.064 16.939 2.474 0.253 0.058 0.000 0.004  0  0  0  0
55     55 0 0.000 0.217 6.112 16.122 2.724 0.315 0.066 0.000 0.004  0  0  0  0
56     56 0 0.000 0.154 5.135 14.903 2.952 0.386 0.074 0.000 0.005  0  0  0  0
57     57 0 0.000 0.106 4.188 13.382 3.147 0.464 0.083 0.000 0.005  0  0  0  0
58     58 0 0.000 0.071 3.317 11.670 3.301 0.547 0.092 0.000 0.006  0  0  0  0
59     59 0 0.000 0.046 2.550  9.886 3.406 0.633 0.102 0.001 0.007  0  0  0  0
60     60 0 0.000 0.029 1.903  8.133 3.458 0.719 0.113 0.001 0.007  0  0  0  0
61     61 0 0.000 0.018 1.379  6.500 3.454 0.801 0.123 0.002 0.008  0  0  0  0
62     62 0 0.000 0.010 0.970  5.045 3.394 0.876 0.135 0.003 0.009  0  0  0  0
63     63 0 0.000 0.006 0.663  3.803 3.281 0.940 0.147 0.006 0.010  0  0  0  0
64     64 0 0.000 0.003 0.440  2.785 3.121 0.990 0.158 0.009 0.011  0  0  0  0
65     65 0 0.000 0.002 0.283  1.981 2.921 1.024 0.170 0.015 0.012  0  0  0  0
66     66 0 0.000 0.001 0.177  1.368 2.689 1.038 0.182 0.023 0.013  0  0  0  0
67     67 0 0.000 0.000 0.107  0.918 2.435 1.034 0.194 0.034 0.015  0  0  0  0
68     68 0 0.000 0.000 0.063  0.598 2.170 1.010 0.206 0.050 0.016  0  0  0  0
69     69 0 0.000 0.000 0.036  0.379 1.903 0.969 0.217 0.071 0.017  0  0  0  0
70     70 0 0.000 0.000 0.020  0.233 1.641 0.911 0.228 0.098 0.019  0  0  0  0
71     71 0 0.000 0.000 0.011  0.139 1.393 0.842 0.238 0.130 0.020  0  0  0  0
72     72 0 0.000 0.000 0.006  0.081 1.163 0.763 0.247 0.169 0.022  0  0  0  0
73     73 0 0.000 0.000 0.003  0.045 0.955 0.678 0.256 0.213 0.023  0  0  0  0
74     74 0 0.000 0.000 0.001  0.025 0.772 0.592 0.263 0.261 0.025  0  0  0  0
75     75 0 0.000 0.000 0.001  0.013 0.613 0.507 0.269 0.310 0.026  0  0  0  0
76     76 0 0.000 0.000 0.000  0.007 0.480 0.426 0.274 0.358 0.028  0  0  0  0
77     77 0 0.000 0.000 0.000  0.003 0.369 0.352 0.278 0.402 0.029  0  0  0  0
78     78 0 0.000 0.000 0.000  0.002 0.280 0.285 0.280 0.438 0.031  0  0  0  0
79     79 0 0.000 0.000 0.000  0.001 0.208 0.226 0.281 0.463 0.032  0  0  0  0
80     80 0 0.000 0.000 0.000  0.000 0.153 0.176 0.281 0.476 0.034  0  0  0  0
81     81 0 0.000 0.000 0.000  0.000 0.110 0.135 0.279 0.475 0.035  0  0  0  0
82     82 0 0.000 0.000 0.000  0.000 0.078 0.101 0.276 0.460 0.037  0  0  0  0
83     83 0 0.000 0.000 0.000  0.000 0.054 0.075 0.271 0.433 0.038  0  0  0  0
84     84 0 0.000 0.000 0.000  0.000 0.037 0.054 0.266 0.396 0.039  0  0  0  0
85     85 0 0.000 0.000 0.000  0.000 0.025 0.038 0.259 0.352 0.040  0  0  0  0
86     86 0 0.000 0.000 0.000  0.000 0.017 0.027 0.251 0.303 0.041  0  0  0  0
87     87 0 0.000 0.000 0.000  0.000 0.011 0.018 0.242 0.254 0.042  0  0  0  0
88     88 0 0.000 0.000 0.000  0.000 0.007 0.012 0.232 0.207 0.043  0  0  0  0
89     89 0 0.000 0.000 0.000  0.000 0.004 0.008 0.222 0.163 0.044  0  0  0  0
90     90 0 0.000 0.000 0.000  0.000 0.003 0.005 0.210 0.125 0.044  0  0  0  0
91     91 0 0.000 0.000 0.000  0.000 0.002 0.003 0.199 0.093 0.045  0  0  0  0
92     92 0 0.000 0.000 0.000  0.000 0.001 0.002 0.187 0.068 0.045  0  0  0  0
93     93 0 0.000 0.000 0.000  0.000 0.001 0.001 0.175 0.048 0.045  0  0  0  0
94     94 0 0.000 0.000 0.000  0.000 0.000 0.001 0.163 0.033 0.045  0  0  0  0
95     95 0 0.000 0.000 0.000  0.000 0.000 0.000 0.151 0.022 0.045  0  0  0  0
96     96 0 0.000 0.000 0.000  0.000 0.000 0.000 0.139 0.014 0.045  0  0  0  0
97     97 0 0.000 0.000 0.000  0.000 0.000 0.000 0.128 0.009 0.044  0  0  0  0
98     98 0 0.000 0.000 0.000  0.000 0.000 0.000 0.117 0.005 0.044  0  0  0  0
99     99 0 0.000 0.000 0.000  0.000 0.000 0.000 0.106 0.003 0.043  0  0  0  0
100   100 0 0.000 0.000 0.000  0.000 0.000 0.000 0.096 0.002 0.042  0  0  0  0
101   101 0 0.000 0.000 0.000  0.000 0.000 0.000 0.086 0.001 0.041  0  0  0  0
102   102 0 0.000 0.000 0.000  0.000 0.000 0.000 0.077 0.001 0.040  0  0  0  0
103   103 0 0.000 0.000 0.000  0.000 0.000 0.000 0.069 0.000 0.039  0  0  0  0
104   104 0 0.000 0.000 0.000  0.000 0.000 0.000 0.061 0.000 0.038  1  0  0  0
105   105 0 0.000 0.000 0.000  0.000 0.000 0.000 0.054 0.000 0.037  0  0  0  0
106   106 0 0.000 0.000 0.000  0.000 0.000 0.000 0.047 0.000 0.035  0  0  0  0
107   107 0 0.000 0.000 0.000  0.000 0.000 0.000 0.041 0.000 0.034  0  0  0  0
108   108 0 0.000 0.000 0.000  0.000 0.000 0.000 0.036 0.000 0.032  0  0  0  0
109   109 0 0.000 0.000 0.000  0.000 0.000 0.000 0.031 0.000 0.031  0  0  0  0
110   110 0 0.000 0.000 0.000  0.000 0.000 0.000 0.027 0.000 0.029  0  0  0  0
111   111 0 0.000 0.000 0.000  0.000 0.000 0.000 0.023 0.000 0.028  0  0  0  0
112   112 0 0.000 0.000 0.000  0.000 0.000 0.000 0.019 0.000 0.026  0  0  0  0
113   113 0 0.000 0.000 0.000  0.000 0.000 0.000 0.016 0.000 0.025  0  0  0  0
114   114 0 0.000 0.000 0.000  0.000 0.000 0.000 0.014 0.000 0.023  0  0  0  0
115   115 0 0.000 0.000 0.000  0.000 0.000 0.000 0.012 0.000 0.022  0  0  0  0
116   116 0 0.000 0.000 0.000  0.000 0.000 0.000 0.010 0.000 0.020  0  0  0  0
117   117 0 0.000 0.000 0.000  0.000 0.000 0.000 0.008 0.000 0.019  0  0  0  0
118   118 0 0.000 0.000 0.000  0.000 0.000 0.000 0.007 0.000 0.017  0  0  0  0
119   119 0 0.000 0.000 0.000  0.000 0.000 0.000 0.005 0.000 0.016  0  0  0  0
120   120 0 0.000 0.000 0.000  0.000 0.000 0.000 0.005 0.000 0.015  0  0  0  0
121   121 0 0.000 0.000 0.000  0.000 0.000 0.000 0.004 0.000 0.013  0  0  0  0
122   122 0 0.000 0.000 0.000  0.000 0.000 0.000 0.003 0.000 0.012  0  0  0  0
123   123 0 0.000 0.000 0.000  0.000 0.000 0.000 0.002 0.000 0.011  0  0  0  0
124   124 0 0.000 0.000 0.000  0.000 0.000 0.000 0.002 0.000 0.010  0  0  0  0
125   125 0 0.000 0.000 0.000  0.000 0.000 0.000 0.002 0.000 0.009  0  0  0  0
126   126 0 0.000 0.000 0.000  0.000 0.000 0.000 0.001 0.000 0.008  0  0  0  0
127   127 0 0.000 0.000 0.000  0.000 0.000 0.000 0.001 0.000 0.007  0  0  0  0
128   128 0 0.000 0.000 0.000  0.000 0.000 0.000 0.001 0.000 0.007  0  0  0  0
129   129 0 0.000 0.000 0.000  0.000 0.000 0.000 0.001 0.000 0.006  0  0  0  0
130   130 0 0.000 0.000 0.000  0.000 0.000 0.000 0.000 0.000 0.005  0  0  0  0
131   131 0 0.000 0.000 0.000  0.000 0.000 0.000 0.000 0.000 0.005  0  0  0  0
132   132 0 0.000 0.000 0.000  0.000 0.000 0.000 0.000 0.000 0.004  0  0  0  0
133   133 0 0.000 0.000 0.000  0.000 0.000 0.000 0.000 0.000 0.004  0  0  0  0
134   134 0 0.000 0.000 0.000  0.000 0.000 0.000 0.000 0.000 0.003  0  0  0  0
135   135 0 0.000 0.000 0.000  0.000 0.000 0.000 0.000 0.000 0.003  0  0  0  0
136   136 0 0.000 0.000 0.000  0.000 0.000 0.000 0.000 0.000 0.003  0  0  0  0
137   137 0 0.000 0.000 0.000  0.000 0.000 0.000 0.000 0.000 0.002  0  0  0  0
138   138 0 0.000 0.000 0.000  0.000 0.000 0.000 0.000 0.000 0.002  0  0  0  0
139   139 0 0.000 0.000 0.000  0.000 0.000 0.000 0.000 0.000 0.002  0  0  0  0
140   140 0 0.000 0.000 0.000  0.000 0.000 0.000 0.000 0.000 0.001  0  0  0  0
141   141 0 0.000 0.000 0.000  0.000 0.000 0.000 0.000 0.000 0.001  0  0  0  0
142   142 0 0.000 0.000 0.000  0.000 0.000 0.000 0.000 0.000 0.001  0  0  0  0
143   143 0 0.000 0.000 0.000  0.000 0.000 0.000 0.000 0.000 0.001  0  0  0  0
144   144 0 0.000 0.000 0.000  0.000 0.000 0.000 0.000 0.000 0.001  0  0  0  0
145   145 0 0.000 0.000 0.000  0.000 0.000 0.000 0.000 0.000 0.001  0  0  0  0
146   146 0 0.000 0.000 0.000  0.000 0.000 0.000 0.000 0.000 0.001  0  0  0  0
147   147 0 0.000 0.000 0.000  0.000 0.000 0.000 0.000 0.000 0.000  0  0  0  0
148   148 0 0.000 0.000 0.000  0.000 0.000 0.000 0.000 0.000 0.000  0  0  0  0
149   149 0 0.000 0.000 0.000  0.000 0.000 0.000 0.000 0.000 0.000  0  0  0  0
150   150 0 0.000 0.000 0.000  0.000 0.000 0.000 0.000 0.000 0.000  0  0  0  0
    14 15    Sum Matad
1    0  0  0.000     0
2    0  0  0.000     0
3    0  0  0.000     0
4    0  0  0.000     0
5    0  0  0.000     0
6    0  0  0.000     0
7    0  0  0.000     0
8    0  0  0.000     0
9    0  0  0.000     0
10   0  0  0.000     0
11   0  0  0.000     0
12   0  0  0.000     0
13   0  0  0.000     0
14   0  0  0.000     0
15   0  0  0.000     0
16   0  0  0.000     0
17   0  0  0.000     0
18   0  0  0.000     0
19   0  0  0.000     0
20   0  0  0.000     0
21   0  0  0.000     0
22   0  0  0.001     0
23   0  0  0.002     0
24   0  0  0.003     0
25   0  0  0.006     0
26   0  0  0.011     0
27   0  0  0.020     0
28   0  0  0.035     0
29   0  0  0.060     0
30   0  0  0.102     0
31   0  0  0.188     0
32   0  0  0.409     1
33   0  0  0.925     4
34   0  0  1.720     5
35   0  0  2.341     2
36   0  0  2.462     8
37   0  0  2.474     6
38   0  0  2.893    11
39   0  0  3.795    20
40   0  0  5.066    33
41   0  0  6.653    42
42   0  0  8.546    72
43   0  0 10.729    85
44   0  0 13.159   116
45   0  0 15.765   127
46   0  0 18.442   125
47   0  0 21.061   138
48   0  0 23.476   159
49   0  0 25.538   158
50   0  0 27.112   174
51   0  0 28.093   155
52   0  0 28.416   111
53   0  0 28.068   126
54   0  0 27.088   100
55   0  0 25.561    98
56   0  0 23.610    89
57   0  0 21.376    75
58   0  0 19.005    70
59   0  0 16.630    71
60   0  0 14.364    59
61   0  0 12.285    54
62   0  0 10.443    58
63   0  0  8.856    42
64   0  0  7.518    48
65   0  0  6.407    38
66   0  0  5.492    22
67   0  0  4.739    25
68   0  0  4.114    23
69   0  0  3.592    31
70   0  0  3.150    20
71   0  0  2.773    22
72   0  0  2.450     8
73   0  0  2.173    12
74   0  0  1.939    14
75   0  0  1.740     8
76   0  0  1.573    10
77   0  0  1.433     5
78   0  0  1.315     5
79   0  0  1.212     6
80   0  0  1.119     7
81   0  0  1.034     7
82   0  0  0.952     6
83   0  0  0.871     4
84   0  0  0.792     7
85   0  0  0.714     3
86   0  0  0.639     4
87   0  0  0.567     6
88   0  0  0.501     4
89   0  0  0.441     4
90   0  0  0.388     2
91   0  0  0.342     1
92   0  0  0.303     1
93   0  0  0.270     0
94   0  0  0.242     1
95   0  0  0.218     2
96   0  0  0.198     0
97   0  0  0.181     1
98   0  0  0.166     1
99   0  0  0.152     0
100  0  0  0.140     0
101  0  0  0.129     0
102  0  0  0.118     0
103  0  0  0.108     3
104  0  0  1.099     2
105  0  0  0.090     0
106  0  0  0.082     1
107  0  0  0.075     0
108  0  0  0.068     0
109  0  0  0.062     0
110  0  0  0.056     0
111  0  0  0.050     0
112  0  0  0.046     0
113  0  0  0.041     0
114  0  0  0.037     0
115  0  0  0.033     1
116  0  0  0.030     0
117  0  0  0.027     0
118  0  0  0.024     0
119  0  0  0.021     0
120  0  0  0.019     0
121  0  0  0.017     0
122  0  0  0.015     0
123  0  0  0.014     0
124  0  0  0.012     0
125  0  0  0.011     0
126  0  0  0.010     0
127  0  0  0.008     0
128  0  0  0.007     0
129  0  0  0.007     0
130  0  0  0.006     0
131  0  0  0.005     0
132  0  0  0.004     0
133  0  0  0.004     0
134  0  0  0.003     0
135  0  0  0.003     0
136  0  0  0.003     0
137  0  0  0.002     0
138  0  0  0.002     0
139  0  0  0.002     0
140  0  0  0.001     0
141  0  0  0.001     0
142  0  0  0.001     0
143  0  0  0.001     0
144  0  0  0.001     0
145  0  0  0.001     0
146  0  0  0.001     0
147  0  0  0.000     0
148  0  0  0.000     0
149  0  0  0.000     0
150  0  0  0.000     0


> .... [TRUNCATED] 

 >>>>>>>>>>>>>> 	 ALD-lykil 	 <<<<<<<<<<<< 

> .... [TRUNCATED] 
$ALD
              0        1        2        3        4        5        6        7
1         0.000    0.000    0.000    0.000    0.000    0.000    0.000    0.000
2         0.000    0.000    0.000    0.000    0.000    0.000    0.000    0.000
3         0.000    0.000    0.000    0.000    0.000    0.000    0.000    0.000
4         0.000    0.000    0.000    0.000    0.000    0.000    0.000    0.000
5         0.000    0.000    0.000    0.000    0.000    0.000    0.000    0.000
6         0.000    0.000    0.000    0.000    0.000    0.000    0.000    0.000
7         0.000    0.000    0.000    0.000    0.000    0.000    0.000    0.000
8         0.000    0.000    0.000    0.000    0.000    0.000    0.000    0.000
9         0.000    0.000    0.000    0.000    0.000    0.000    0.000    0.000
10        0.000    0.000    0.000    0.000    0.000    0.000    0.000    0.000
11        0.000    0.000    0.000    0.000    0.000    0.000    0.000    0.000
12        0.000    0.000    0.000    0.000    0.000    0.000    0.000    0.000
13        0.000    0.000    0.000    0.000    0.000    0.000    0.000    0.000
14        0.000    0.000    0.000    0.000    0.000    0.000    0.000    0.000
15        0.000    0.000    0.000    0.000    0.000    0.000    0.000    0.000
16        0.000    0.000    0.000    0.000    0.000    0.000    0.000    0.000
17        0.000    0.000    0.000    0.000    0.000    0.000    0.000    0.000
18        0.000    0.000    0.000    0.000    0.000    0.000    0.000    0.000
19        0.000    0.000    0.000    0.000    0.000    0.000    0.000    0.000
20        0.000    0.000    0.000    0.000    0.000    0.000    0.000    0.000
21        0.000    0.000    0.000    0.000    0.000    0.000    0.000    0.000
22        0.000    0.000    0.000    0.000    0.000    0.000    0.000    0.000
23        0.000    0.000    0.000    0.000    0.000    0.000    0.000    0.000
24        0.000    0.000    0.000    0.000    0.000    0.000    0.000    0.000
25        0.000    0.000    0.000    0.000    0.000    0.000    0.000    0.000
26        0.000    0.000    0.000    0.000    0.000    0.000    0.000    0.000
27        0.000    0.000    0.000    0.000    0.000    0.000    0.000    0.000
28        0.000    0.000    0.000    0.000    0.000    0.000    0.000    0.000
29        0.000    0.000    0.000    0.000    0.000    0.000    0.000    0.000
30        0.000    0.000    0.000    0.000    0.000    0.000    0.000    0.000
31        0.000    0.000    0.000    0.000    0.000    0.000    0.000    0.000
32        0.000    0.000    0.000    0.000    0.000    0.000    0.000    0.000
33        0.000    4.000    0.000    0.000    0.000    0.000    0.000    0.000
34        0.000    5.000    0.000    0.000    0.000    0.000    0.000    0.000
35        0.000    0.000    2.000    0.000    0.000    0.000    0.000    0.000
36        0.000    6.000    2.000    0.000    0.000    0.000    0.000    0.000
37        0.000    0.000    3.000    3.000    0.000    0.000    0.000    0.000
38        0.000    0.000   11.000    0.000    0.000    0.000    0.000    0.000
39        0.000    0.000    5.000   15.000    0.000    0.000    0.000    0.000
40        0.000    0.000   11.000   22.000    0.000    0.000    0.000    0.000
41        0.000    0.000    0.000   31.500   10.500    0.000    0.000    0.000
42        0.000    0.000   20.571   30.857   20.571    0.000    0.000    0.000
43        0.000    0.000    0.000   74.375   10.625    0.000    0.000    0.000
44        0.000    0.000    0.000   82.857   33.143    0.000    0.000    0.000
45        0.000    0.000    5.292   37.042   79.375    5.292    0.000    0.000
46        0.000    0.000    7.812   70.312   46.875    0.000    0.000    0.000
47        0.000    0.000    4.759   57.103   66.621    9.517    0.000    0.000
48        0.000    0.000    6.115   36.692  110.077    6.115    0.000    0.000
49        0.000    0.000    3.854   46.244  104.049    0.000    3.854    0.000
50        0.000    0.000   19.333   43.500  101.500    9.667    0.000    0.000
51        0.000    0.000    0.000   37.414  101.552   16.034    0.000    0.000
52        0.000    0.000    0.000   12.333   98.667    0.000    0.000    0.000
53        0.000    0.000    5.727   57.273   45.818   17.182    0.000    0.000
54        0.000    0.000    0.000   16.667   58.333   20.833    4.167    0.000
55        0.000    0.000    0.000   28.583   57.167   12.250    0.000    0.000
56        0.000    0.000    0.000   33.905   38.143   16.952    0.000    0.000
57        0.000    0.000    0.000   17.308   51.923    5.769    0.000    0.000
58        0.000    0.000    0.000   14.737   40.526   14.737    0.000    0.000
59        0.000    0.000    0.000   16.905   37.190   16.905    0.000    0.000
60        0.000    0.000    0.000    5.364   42.909   10.727    0.000    0.000
61        0.000    0.000    0.000    3.600   18.000   21.600    7.200    3.600
62        0.000    0.000    0.000    7.250   36.250   14.500    0.000    0.000
63        0.000    0.000    0.000    0.000   25.200    8.400    8.400    0.000
64        0.000    0.000    0.000    5.333   21.333   10.667    5.333    5.333
65        0.000    0.000    0.000    3.800    7.600   15.200   11.400    0.000
66        0.000    0.000    0.000    0.000    3.667   11.000    7.333    0.000
67        0.000    0.000    0.000    0.000   25.000    0.000    0.000    0.000
68        0.000    0.000    0.000    0.000    0.000   13.800    9.200    0.000
69        0.000    0.000    0.000    0.000    8.857    8.857    4.429    4.429
70        0.000    0.000    0.000    0.000    0.000   20.000    0.000    0.000
71        0.000    0.000    0.000    0.000    0.000    7.333    7.333    7.333
72        0.000    0.000    0.000    0.000    4.000    4.000    0.000    0.000
73        0.000    0.000    0.000    0.000    0.000    6.000    0.000    6.000
74        0.000    0.000    0.000    0.000    0.000    7.000    7.000    0.000
75        0.000    0.000    0.000    0.000    0.000    8.000    0.000    0.000
76        0.000    0.000    0.000    0.000    0.000    0.000    0.000    0.000
77        0.000    0.000    0.000    0.000    0.000    0.000    5.000    0.000
78        0.000    0.000    0.000    0.000    0.000    0.000    0.000    0.000
79        0.000    0.000    0.000    0.000    0.000    0.000    3.000    0.000
80        0.000    0.000    0.000    0.000    0.000    0.000    0.000    3.500
81        0.000    0.000    0.000    0.000    0.000    0.000    0.000    0.000
82        0.000    0.000    0.000    0.000    0.000    3.000    0.000    0.000
83        0.000    0.000    0.000    0.000    0.000    0.000    0.000    0.000
84        0.000    0.000    0.000    0.000    0.000    0.000    0.000    3.500
85        0.000    0.000    0.000    0.000    0.000    0.000    0.000    0.000
86        0.000    0.000    0.000    0.000    0.000    0.000    0.000    0.000
87        0.000    0.000    0.000    0.000    0.000    0.000    0.000    0.000
88        0.000    0.000    0.000    0.000    0.000    0.000    0.000    0.000
89        0.000    0.000    0.000    0.000    0.000    0.000    0.000    4.000
90        0.000    0.000    0.000    0.000    0.000    0.000    0.000    0.000
91        0.000    0.000    0.000    0.000    0.000    0.000    0.000    0.000
92        0.000    0.000    0.000    0.000    0.000    0.000    0.000    0.000
93        0.000    0.000    0.000    0.000    0.000    0.000    0.000    0.000
94        0.000    0.000    0.000    0.000    0.000    0.000    0.000    0.000
95        0.000    0.000    0.000    0.000    0.000    0.000    0.000    0.000
96        0.000    0.000    0.000    0.000    0.000    0.000    0.000    0.000
97        0.000    0.000    0.000    0.000    0.000    0.000    0.000    0.000
98        0.000    0.000    0.000    0.000    0.000    0.000    0.000    1.000
99        0.000    0.000    0.000    0.000    0.000    0.000    0.000    0.000
100       0.000    0.000    0.000    0.000    0.000    0.000    0.000    0.000
101       0.000    0.000    0.000    0.000    0.000    0.000    0.000    0.000
102       0.000    0.000    0.000    0.000    0.000    0.000    0.000    0.000
103       0.000    0.000    0.000    0.000    0.000    0.000    0.000    3.000
104       0.000    0.000    0.000    0.000    0.000    0.000    0.000    0.000
105       0.000    0.000    0.000    0.000    0.000    0.000    0.000    0.000
106       0.000    0.000    0.000    0.000    0.000    0.000    0.000    0.000
107       0.000    0.000    0.000    0.000    0.000    0.000    0.000    0.000
108       0.000    0.000    0.000    0.000    0.000    0.000    0.000    0.000
109       0.000    0.000    0.000    0.000    0.000    0.000    0.000    0.000
110       0.000    0.000    0.000    0.000    0.000    0.000    0.000    0.000
111       0.000    0.000    0.000    0.000    0.000    0.000    0.000    0.000
112       0.000    0.000    0.000    0.000    0.000    0.000    0.000    0.000
113       0.000    0.000    0.000    0.000    0.000    0.000    0.000    0.000
114       0.000    0.000    0.000    0.000    0.000    0.000    0.000    0.000
115       0.000    0.000    0.000    0.000    0.000    0.000    0.000    0.000
116       0.000    0.000    0.000    0.000    0.000    0.000    0.000    0.000
117       0.000    0.000    0.000    0.000    0.000    0.000    0.000    0.000
118       0.000    0.000    0.000    0.000    0.000    0.000    0.000    0.000
119       0.000    0.000    0.000    0.000    0.000    0.000    0.000    0.000
120       0.000    0.000    0.000    0.000    0.000    0.000    0.000    0.000
121       0.000    0.000    0.000    0.000    0.000    0.000    0.000    0.000
122       0.000    0.000    0.000    0.000    0.000    0.000    0.000    0.000
123       0.000    0.000    0.000    0.000    0.000    0.000    0.000    0.000
124       0.000    0.000    0.000    0.000    0.000    0.000    0.000    0.000
125       0.000    0.000    0.000    0.000    0.000    0.000    0.000    0.000
126       0.000    0.000    0.000    0.000    0.000    0.000    0.000    0.000
127       0.000    0.000    0.000    0.000    0.000    0.000    0.000    0.000
128       0.000    0.000    0.000    0.000    0.000    0.000    0.000    0.000
129       0.000    0.000    0.000    0.000    0.000    0.000    0.000    0.000
130       0.000    0.000    0.000    0.000    0.000    0.000    0.000    0.000
131       0.000    0.000    0.000    0.000    0.000    0.000    0.000    0.000
132       0.000    0.000    0.000    0.000    0.000    0.000    0.000    0.000
133       0.000    0.000    0.000    0.000    0.000    0.000    0.000    0.000
134       0.000    0.000    0.000    0.000    0.000    0.000    0.000    0.000
135       0.000    0.000    0.000    0.000    0.000    0.000    0.000    0.000
136       0.000    0.000    0.000    0.000    0.000    0.000    0.000    0.000
137       0.000    0.000    0.000    0.000    0.000    0.000    0.000    0.000
138       0.000    0.000    0.000    0.000    0.000    0.000    0.000    0.000
139       0.000    0.000    0.000    0.000    0.000    0.000    0.000    0.000
140       0.000    0.000    0.000    0.000    0.000    0.000    0.000    0.000
141       0.000    0.000    0.000    0.000    0.000    0.000    0.000    0.000
142       0.000    0.000    0.000    0.000    0.000    0.000    0.000    0.000
143       0.000    0.000    0.000    0.000    0.000    0.000    0.000    0.000
144       0.000    0.000    0.000    0.000    0.000    0.000    0.000    0.000
145       0.000    0.000    0.000    0.000    0.000    0.000    0.000    0.000
146       0.000    0.000    0.000    0.000    0.000    0.000    0.000    0.000
147       0.000    0.000    0.000    0.000    0.000    0.000    0.000    0.000
148       0.000    0.000    0.000    0.000    0.000    0.000    0.000    0.000
149       0.000    0.000    0.000    0.000    0.000    0.000    0.000    0.000
150       0.000    0.000    0.000    0.000    0.000    0.000    0.000    0.000
Sum       0.000   15.000  107.464  810.954 1305.471  321.338   83.649   41.695
mW        0.000    0.427    0.863    1.110    1.387    2.087    2.628    3.945
mL        0.000   34.533   43.990   48.228   52.363   60.635   66.450   76.128
pA        0.000    0.006    0.040    0.298    0.480    0.118    0.031    0.015
tot.mW 1478.520 1478.520 1478.520 1478.520 1478.520 1478.520 1478.520 1478.520
tot.mL   52.844   52.844   52.844   52.844   52.844   52.844   52.844   52.844
              8        9       10       11       12       13       14       15
1         0.000    0.000    0.000    0.000    0.000    0.000    0.000    0.000
2         0.000    0.000    0.000    0.000    0.000    0.000    0.000    0.000
3         0.000    0.000    0.000    0.000    0.000    0.000    0.000    0.000
4         0.000    0.000    0.000    0.000    0.000    0.000    0.000    0.000
5         0.000    0.000    0.000    0.000    0.000    0.000    0.000    0.000
6         0.000    0.000    0.000    0.000    0.000    0.000    0.000    0.000
7         0.000    0.000    0.000    0.000    0.000    0.000    0.000    0.000
8         0.000    0.000    0.000    0.000    0.000    0.000    0.000    0.000
9         0.000    0.000    0.000    0.000    0.000    0.000    0.000    0.000
10        0.000    0.000    0.000    0.000    0.000    0.000    0.000    0.000
11        0.000    0.000    0.000    0.000    0.000    0.000    0.000    0.000
12        0.000    0.000    0.000    0.000    0.000    0.000    0.000    0.000
13        0.000    0.000    0.000    0.000    0.000    0.000    0.000    0.000
14        0.000    0.000    0.000    0.000    0.000    0.000    0.000    0.000
15        0.000    0.000    0.000    0.000    0.000    0.000    0.000    0.000
16        0.000    0.000    0.000    0.000    0.000    0.000    0.000    0.000
17        0.000    0.000    0.000    0.000    0.000    0.000    0.000    0.000
18        0.000    0.000    0.000    0.000    0.000    0.000    0.000    0.000
19        0.000    0.000    0.000    0.000    0.000    0.000    0.000    0.000
20        0.000    0.000    0.000    0.000    0.000    0.000    0.000    0.000
21        0.000    0.000    0.000    0.000    0.000    0.000    0.000    0.000
22        0.000    0.000    0.000    0.000    0.000    0.000    0.000    0.000
23        0.000    0.000    0.000    0.000    0.000    0.000    0.000    0.000
24        0.000    0.000    0.000    0.000    0.000    0.000    0.000    0.000
25        0.000    0.000    0.000    0.000    0.000    0.000    0.000    0.000
26        0.000    0.000    0.000    0.000    0.000    0.000    0.000    0.000
27        0.000    0.000    0.000    0.000    0.000    0.000    0.000    0.000
28        0.000    0.000    0.000    0.000    0.000    0.000    0.000    0.000
29        0.000    0.000    0.000    0.000    0.000    0.000    0.000    0.000
30        0.000    0.000    0.000    0.000    0.000    0.000    0.000    0.000
31        0.000    0.000    0.000    0.000    0.000    0.000    0.000    0.000
32        0.000    0.000    0.000    0.000    0.000    0.000    0.000    0.000
33        0.000    0.000    0.000    0.000    0.000    0.000    0.000    0.000
34        0.000    0.000    0.000    0.000    0.000    0.000    0.000    0.000
35        0.000    0.000    0.000    0.000    0.000    0.000    0.000    0.000
36        0.000    0.000    0.000    0.000    0.000    0.000    0.000    0.000
37        0.000    0.000    0.000    0.000    0.000    0.000    0.000    0.000
38        0.000    0.000    0.000    0.000    0.000    0.000    0.000    0.000
39        0.000    0.000    0.000    0.000    0.000    0.000    0.000    0.000
40        0.000    0.000    0.000    0.000    0.000    0.000    0.000    0.000
41        0.000    0.000    0.000    0.000    0.000    0.000    0.000    0.000
42        0.000    0.000    0.000    0.000    0.000    0.000    0.000    0.000
43        0.000    0.000    0.000    0.000    0.000    0.000    0.000    0.000
44        0.000    0.000    0.000    0.000    0.000    0.000    0.000    0.000
45        0.000    0.000    0.000    0.000    0.000    0.000    0.000    0.000
46        0.000    0.000    0.000    0.000    0.000    0.000    0.000    0.000
47        0.000    0.000    0.000    0.000    0.000    0.000    0.000    0.000
48        0.000    0.000    0.000    0.000    0.000    0.000    0.000    0.000
49        0.000    0.000    0.000    0.000    0.000    0.000    0.000    0.000
50        0.000    0.000    0.000    0.000    0.000    0.000    0.000    0.000
51        0.000    0.000    0.000    0.000    0.000    0.000    0.000    0.000
52        0.000    0.000    0.000    0.000    0.000    0.000    0.000    0.000
53        0.000    0.000    0.000    0.000    0.000    0.000    0.000    0.000
54        0.000    0.000    0.000    0.000    0.000    0.000    0.000    0.000
55        0.000    0.000    0.000    0.000    0.000    0.000    0.000    0.000
56        0.000    0.000    0.000    0.000    0.000    0.000    0.000    0.000
57        0.000    0.000    0.000    0.000    0.000    0.000    0.000    0.000
58        0.000    0.000    0.000    0.000    0.000    0.000    0.000    0.000
59        0.000    0.000    0.000    0.000    0.000    0.000    0.000    0.000
60        0.000    0.000    0.000    0.000    0.000    0.000    0.000    0.000
61        0.000    0.000    0.000    0.000    0.000    0.000    0.000    0.000
62        0.000    0.000    0.000    0.000    0.000    0.000    0.000    0.000
63        0.000    0.000    0.000    0.000    0.000    0.000    0.000    0.000
64        0.000    0.000    0.000    0.000    0.000    0.000    0.000    0.000
65        0.000    0.000    0.000    0.000    0.000    0.000    0.000    0.000
66        0.000    0.000    0.000    0.000    0.000    0.000    0.000    0.000
67        0.000    0.000    0.000    0.000    0.000    0.000    0.000    0.000
68        0.000    0.000    0.000    0.000    0.000    0.000    0.000    0.000
69        4.429    0.000    0.000    0.000    0.000    0.000    0.000    0.000
70        0.000    0.000    0.000    0.000    0.000    0.000    0.000    0.000
71        0.000    0.000    0.000    0.000    0.000    0.000    0.000    0.000
72        0.000    0.000    0.000    0.000    0.000    0.000    0.000    0.000
73        0.000    0.000    0.000    0.000    0.000    0.000    0.000    0.000
74        0.000    0.000    0.000    0.000    0.000    0.000    0.000    0.000
75        0.000    0.000    0.000    0.000    0.000    0.000    0.000    0.000
76        0.000    0.000    0.000    0.000    0.000    0.000    0.000    0.000
77        0.000    0.000    0.000    0.000    0.000    0.000    0.000    0.000
78        0.000    0.000    0.000    0.000    0.000    0.000    0.000    0.000
79        3.000    0.000    0.000    0.000    0.000    0.000    0.000    0.000
80        3.500    0.000    0.000    0.000    0.000    0.000    0.000    0.000
81        3.500    3.500    0.000    0.000    0.000    0.000    0.000    0.000
82        3.000    0.000    0.000    0.000    0.000    0.000    0.000    0.000
83        0.000    0.000    0.000    0.000    0.000    0.000    0.000    0.000
84        3.500    0.000    0.000    0.000    0.000    0.000    0.000    0.000
85        0.000    0.000    0.000    0.000    0.000    0.000    0.000    0.000
86        0.000    0.000    0.000    0.000    0.000    0.000    0.000    0.000
87        0.000    0.000    0.000    0.000    0.000    0.000    0.000    0.000
88        4.000    0.000    0.000    0.000    0.000    0.000    0.000    0.000
89        0.000    0.000    0.000    0.000    0.000    0.000    0.000    0.000
90        0.000    0.000    0.000    0.000    0.000    0.000    0.000    0.000
91        0.000    0.000    0.000    0.000    0.000    0.000    0.000    0.000
92        0.000    0.000    0.000    0.000    0.000    0.000    0.000    0.000
93        0.000    0.000    0.000    0.000    0.000    0.000    0.000    0.000
94        0.000    0.000    0.000    0.000    0.000    0.000    0.000    0.000
95        0.000    0.000    0.000    0.000    0.000    0.000    0.000    0.000
96        0.000    0.000    0.000    0.000    0.000    0.000    0.000    0.000
97        0.000    0.000    0.000    0.000    0.000    0.000    0.000    0.000
98        0.000    0.000    0.000    0.000    0.000    0.000    0.000    0.000
99        0.000    0.000    0.000    0.000    0.000    0.000    0.000    0.000
100       0.000    0.000    0.000    0.000    0.000    0.000    0.000    0.000
101       0.000    0.000    0.000    0.000    0.000    0.000    0.000    0.000
102       0.000    0.000    0.000    0.000    0.000    0.000    0.000    0.000
103       0.000    0.000    0.000    0.000    0.000    0.000    0.000    0.000
104       0.000    0.000    2.000    0.000    0.000    0.000    0.000    0.000
105       0.000    0.000    0.000    0.000    0.000    0.000    0.000    0.000
106       0.000    1.000    0.000    0.000    0.000    0.000    0.000    0.000
107       0.000    0.000    0.000    0.000    0.000    0.000    0.000    0.000
108       0.000    0.000    0.000    0.000    0.000    0.000    0.000    0.000
109       0.000    0.000    0.000    0.000    0.000    0.000    0.000    0.000
110       0.000    0.000    0.000    0.000    0.000    0.000    0.000    0.000
111       0.000    0.000    0.000    0.000    0.000    0.000    0.000    0.000
112       0.000    0.000    0.000    0.000    0.000    0.000    0.000    0.000
113       0.000    0.000    0.000    0.000    0.000    0.000    0.000    0.000
114       0.000    0.000    0.000    0.000    0.000    0.000    0.000    0.000
115       0.000    0.000    0.000    0.000    0.000    0.000    0.000    0.000
116       0.000    0.000    0.000    0.000    0.000    0.000    0.000    0.000
117       0.000    0.000    0.000    0.000    0.000    0.000    0.000    0.000
118       0.000    0.000    0.000    0.000    0.000    0.000    0.000    0.000
119       0.000    0.000    0.000    0.000    0.000    0.000    0.000    0.000
120       0.000    0.000    0.000    0.000    0.000    0.000    0.000    0.000
121       0.000    0.000    0.000    0.000    0.000    0.000    0.000    0.000
122       0.000    0.000    0.000    0.000    0.000    0.000    0.000    0.000
123       0.000    0.000    0.000    0.000    0.000    0.000    0.000    0.000
124       0.000    0.000    0.000    0.000    0.000    0.000    0.000    0.000
125       0.000    0.000    0.000    0.000    0.000    0.000    0.000    0.000
126       0.000    0.000    0.000    0.000    0.000    0.000    0.000    0.000
127       0.000    0.000    0.000    0.000    0.000    0.000    0.000    0.000
128       0.000    0.000    0.000    0.000    0.000    0.000    0.000    0.000
129       0.000    0.000    0.000    0.000    0.000    0.000    0.000    0.000
130       0.000    0.000    0.000    0.000    0.000    0.000    0.000    0.000
131       0.000    0.000    0.000    0.000    0.000    0.000    0.000    0.000
132       0.000    0.000    0.000    0.000    0.000    0.000    0.000    0.000
133       0.000    0.000    0.000    0.000    0.000    0.000    0.000    0.000
134       0.000    0.000    0.000    0.000    0.000    0.000    0.000    0.000
135       0.000    0.000    0.000    0.000    0.000    0.000    0.000    0.000
136       0.000    0.000    0.000    0.000    0.000    0.000    0.000    0.000
137       0.000    0.000    0.000    0.000    0.000    0.000    0.000    0.000
138       0.000    0.000    0.000    0.000    0.000    0.000    0.000    0.000
139       0.000    0.000    0.000    0.000    0.000    0.000    0.000    0.000
140       0.000    0.000    0.000    0.000    0.000    0.000    0.000    0.000
141       0.000    0.000    0.000    0.000    0.000    0.000    0.000    0.000
142       0.000    0.000    0.000    0.000    0.000    0.000    0.000    0.000
143       0.000    0.000    0.000    0.000    0.000    0.000    0.000    0.000
144       0.000    0.000    0.000    0.000    0.000    0.000    0.000    0.000
145       0.000    0.000    0.000    0.000    0.000    0.000    0.000    0.000
146       0.000    0.000    0.000    0.000    0.000    0.000    0.000    0.000
147       0.000    0.000    0.000    0.000    0.000    0.000    0.000    0.000
148       0.000    0.000    0.000    0.000    0.000    0.000    0.000    0.000
149       0.000    0.000    0.000    0.000    0.000    0.000    0.000    0.000
150       0.000    0.000    0.000    0.000    0.000    0.000    0.000    0.000
Sum      24.929    4.500    2.000    0.000    0.000    0.000    0.000    0.000
mW        4.394    5.557    8.896    0.000    0.000    0.000    0.000    0.000
mL       80.261   87.250  104.000    0.000    0.000    0.000    0.000    0.000
pA        0.009    0.002    0.001    0.000    0.000    0.000    0.000    0.000
tot.mW 1478.520 1478.520 1478.520 1478.520 1478.520 1478.520 1478.520 1478.520
tot.mL   52.844   52.844   52.844   52.844   52.844   52.844   52.844   52.844
          Matad      Sum
1         0.000    0.000
2         0.000    0.000
3         0.000    0.000
4         0.000    0.000
5         0.000    0.000
6         0.000    0.000
7         0.000    0.000
8         0.000    0.000
9         0.000    0.000
10        0.000    0.000
11        0.000    0.000
12        0.000    0.000
13        0.000    0.000
14        0.000    0.000
15        0.000    0.000
16        0.000    0.000
17        0.000    0.000
18        0.000    0.000
19        0.000    0.000
20        0.000    0.000
21        0.000    0.000
22        0.000    0.000
23        0.000    0.000
24        0.000    0.000
25        0.000    0.000
26        0.000    0.000
27        0.000    0.000
28        0.000    0.000
29        0.000    0.000
30        0.000    0.000
31        0.000    0.000
32        1.000    0.000
33        4.000    4.000
34        5.000    5.000
35        2.000    2.000
36        8.000    8.000
37        6.000    6.000
38       11.000   11.000
39       20.000   20.000
40       33.000   33.000
41       42.000   42.000
42       72.000   72.000
43       85.000   85.000
44      116.000  116.000
45      127.000  127.000
46      125.000  125.000
47      138.000  138.000
48      159.000  159.000
49      158.000  158.000
50      174.000  174.000
51      155.000  155.000
52      111.000  111.000
53      126.000  126.000
54      100.000  100.000
55       98.000   98.000
56       89.000   89.000
57       75.000   75.000
58       70.000   70.000
59       71.000   71.000
60       59.000   59.000
61       54.000   54.000
62       58.000   58.000
63       42.000   42.000
64       48.000   48.000
65       38.000   38.000
66       22.000   22.000
67       25.000   25.000
68       23.000   23.000
69       31.000   31.000
70       20.000   20.000
71       22.000   22.000
72        8.000    8.000
73       12.000   12.000
74       14.000   14.000
75        8.000    8.000
76       10.000    0.000
77        5.000    5.000
78        5.000    0.000
79        6.000    6.000
80        7.000    7.000
81        7.000    7.000
82        6.000    6.000
83        4.000    0.000
84        7.000    7.000
85        3.000    0.000
86        4.000    0.000
87        6.000    0.000
88        4.000    4.000
89        4.000    4.000
90        2.000    0.000
91        1.000    0.000
92        1.000    0.000
93        0.000    0.000
94        1.000    0.000
95        2.000    0.000
96        0.000    0.000
97        1.000    0.000
98        1.000    1.000
99        0.000    0.000
100       0.000    0.000
101       0.000    0.000
102       0.000    0.000
103       3.000    3.000
104       2.000    2.000
105       0.000    0.000
106       1.000    1.000
107       0.000    0.000
108       0.000    0.000
109       0.000    0.000
110       0.000    0.000
111       0.000    0.000
112       0.000    0.000
113       0.000    0.000
114       0.000    0.000
115       1.000    0.000
116       0.000    0.000
117       0.000    0.000
118       0.000    0.000
119       0.000    0.000
120       0.000    0.000
121       0.000    0.000
122       0.000    0.000
123       0.000    0.000
124       0.000    0.000
125       0.000    0.000
126       0.000    0.000
127       0.000    0.000
128       0.000    0.000
129       0.000    0.000
130       0.000    0.000
131       0.000    0.000
132       0.000    0.000
133       0.000    0.000
134       0.000    0.000
135       0.000    0.000
136       0.000    0.000
137       0.000    0.000
138       0.000    0.000
139       0.000    0.000
140       0.000    0.000
141       0.000    0.000
142       0.000    0.000
143       0.000    0.000
144       0.000    0.000
145       0.000    0.000
146       0.000    0.000
147       0.000    0.000
148       0.000    0.000
149       0.000    0.000
150       0.000    0.000
Sum    2759.000 2717.000
mW        0.000    0.000
mL        0.000    0.000
pA        0.000    0.000
tot.mW 1478.520 1478.520
tot.mL   52.844   52.844

$ALD.j
              0        1        2        3        4        5        6        7
1         0.000    0.000    0.000    0.000    0.000    0.000    0.000    0.000
2         0.000    0.000    0.000    0.000    0.000    0.000    0.000    0.000
3         0.000    0.000    0.000    0.000    0.000    0.000    0.000    0.000
4         0.000    0.000    0.000    0.000    0.000    0.000    0.000    0.000
5         0.000    0.000    0.000    0.000    0.000    0.000    0.000    0.000
6         0.000    0.000    0.000    0.000    0.000    0.000    0.000    0.000
7         0.000    0.000    0.000    0.000    0.000    0.000    0.000    0.000
8         0.000    0.000    0.000    0.000    0.000    0.000    0.000    0.000
9         0.000    0.000    0.000    0.000    0.000    0.000    0.000    0.000
10        0.000    0.000    0.000    0.000    0.000    0.000    0.000    0.000
11        0.000    0.000    0.000    0.000    0.000    0.000    0.000    0.000
12        0.000    0.000    0.000    0.000    0.000    0.000    0.000    0.000
13        0.000    0.000    0.000    0.000    0.000    0.000    0.000    0.000
14        0.000    0.000    0.000    0.000    0.000    0.000    0.000    0.000
15        0.000    0.000    0.000    0.000    0.000    0.000    0.000    0.000
16        0.000    0.000    0.000    0.000    0.000    0.000    0.000    0.000
17        0.000    0.000    0.000    0.000    0.000    0.000    0.000    0.000
18        0.000    0.000    0.000    0.000    0.000    0.000    0.000    0.000
19        0.000    0.000    0.000    0.000    0.000    0.000    0.000    0.000
20        0.000    0.000    0.000    0.000    0.000    0.000    0.000    0.000
21        0.000    0.000    0.000    0.000    0.000    0.000    0.000    0.000
22        0.000    0.000    0.000    0.000    0.000    0.000    0.000    0.000
23        0.000    0.000    0.000    0.000    0.000    0.000    0.000    0.000
24        0.000    0.000    0.000    0.000    0.000    0.000    0.000    0.000
25        0.000    0.000    0.000    0.000    0.000    0.000    0.000    0.000
26        0.000    0.000    0.000    0.000    0.000    0.000    0.000    0.000
27        0.000    0.000    0.000    0.000    0.000    0.000    0.000    0.000
28        0.000    0.000    0.000    0.000    0.000    0.000    0.000    0.000
29        0.000    0.000    0.000    0.000    0.000    0.000    0.000    0.000
30        0.000    0.000    0.000    0.000    0.000    0.000    0.000    0.000
31        0.000    0.000    0.000    0.000    0.000    0.000    0.000    0.000
32        0.000    0.364    0.308    0.236    0.077    0.012    0.000    0.003
33        0.000    2.244    0.780    0.690    0.247    0.033    0.000    0.006
34        0.000    3.194    0.728    0.747    0.292    0.034    0.000    0.005
35        0.000    1.205    0.288    0.343    0.146    0.015    0.000    0.002
36        0.000    3.570    1.434    1.980    0.920    0.087    0.001    0.009
37        0.000    1.258    1.356    2.176    1.104    0.096    0.001    0.008
38        0.000    0.565    2.615    4.880    2.702    0.219    0.002    0.016
39        0.000    0.136    4.322    9.393    5.682    0.433    0.005    0.027
40        0.000    0.018    6.179   15.651   10.346    0.753    0.010    0.040
41        0.000    0.001    6.720   19.853   14.350    1.009    0.016    0.047
42        0.000    0.000    9.761   33.670   26.619    1.834    0.035    0.076
43        0.000    0.000    9.690   39.062   33.795    2.310    0.051    0.086
44        0.000    0.000   11.040   52.058   49.307    3.386    0.087    0.114
45        0.000    0.000   10.021   55.325   57.391    4.012    0.120    0.124
46        0.000    0.000    8.123   52.556   59.736    4.305    0.149    0.123
47        0.000    0.000    7.338   55.693   69.389    5.222    0.208    0.140
48        0.000    0.000    6.875   61.265   83.708    6.664    0.306    0.170
49        0.000    0.000    5.522   57.823   86.678    7.394    0.391    0.181
50        0.000    0.000    4.885   60.169   98.995    9.165    0.555    0.217
51        0.000    0.000    3.474   50.379   91.014    9.263    0.642    0.215
52        0.000    0.000    1.973   33.725   66.930    7.585    0.600    0.175
53        0.000    0.000    1.765   35.580   77.599    9.919    0.893    0.229
54        0.000    0.000    1.096   26.078   62.533    9.132    0.934    0.214
55        0.000    0.000    0.833   23.435   61.809   10.445    1.209    0.252
56        0.000    0.000    0.582   19.357   56.180   11.129    1.456    0.278
57        0.000    0.000    0.373   14.695   46.951   11.043    1.628    0.290
58        0.000    0.000    0.262   12.216   42.986   12.159    2.015    0.339
59        0.000    0.000    0.197   10.886   42.205   14.543    2.702    0.436
60        0.000    0.000    0.119    7.818   33.409   14.205    2.952    0.462
61        0.000    0.000    0.078    6.062   28.569   15.182    3.521    0.543
62        0.000    0.000    0.058    5.389   28.018   18.851    4.865    0.749
63        0.000    0.000    0.028    3.143   18.037   15.562    4.459    0.695
64        0.000    0.000    0.021    2.806   17.781   19.927    6.323    1.011
65        0.000    0.000    0.011    1.678   11.747   17.321    6.071    1.011
66        0.000    0.000    0.004    0.709    5.481   10.770    4.160    0.731
67        0.000    0.000    0.003    0.566    4.844   12.849    5.455    1.025
68        0.000    0.000    0.001    0.354    3.345   12.132    5.647    1.151
69        0.000    0.000    0.001    0.312    3.269   16.422    8.360    1.874
70        0.000    0.000    0.000    0.128    1.479   10.421    5.787    1.447
71        0.000    0.000    0.000    0.086    1.103   11.050    6.678    1.888
72        0.000    0.000    0.000    0.019    0.263    3.797    2.491    0.807
73        0.000    0.000    0.000    0.016    0.251    5.272    3.745    1.411
74        0.000    0.000    0.000    0.010    0.180    5.573    4.276    1.899
75        0.000    0.000    0.000    0.003    0.061    2.820    2.332    1.237
76        0.000    0.000    0.000    0.002    0.043    3.050    2.710    1.742
77        0.000    0.000    0.000    0.000    0.012    1.288    1.227    0.969
78        0.000    0.000    0.000    0.000    0.006    1.063    1.083    1.066
79        0.000    0.000    0.000    0.000    0.004    1.031    1.120    1.392
80        0.000    0.000    0.000    0.000    0.002    0.954    1.103    1.755
81        0.000    0.000    0.000    0.000    0.001    0.745    0.914    1.889
82        0.000    0.000    0.000    0.000    0.000    0.492    0.639    1.738
83        0.000    0.000    0.000    0.000    0.000    0.250    0.343    1.245
84        0.000    0.000    0.000    0.000    0.000    0.330    0.478    2.347
85        0.000    0.000    0.000    0.000    0.000    0.106    0.161    1.087
86        0.000    0.000    0.000    0.000    0.000    0.105    0.167    1.570
87        0.000    0.000    0.000    0.000    0.000    0.116    0.193    2.557
88        0.000    0.000    0.000    0.000    0.000    0.056    0.098    1.852
89        0.000    0.000    0.000    0.000    0.000    0.040    0.073    2.009
90        0.000    0.000    0.000    0.000    0.000    0.014    0.027    1.085
91        0.000    0.000    0.000    0.000    0.000    0.005    0.010    0.582
92        0.000    0.000    0.000    0.000    0.000    0.003    0.007    0.618
93        0.000    0.000    0.000    0.000    0.000    0.000    0.000    0.000
94        0.000    0.000    0.000    0.000    0.000    0.001    0.003    0.675
95        0.000    0.000    0.000    0.000    0.000    0.002    0.004    1.385
96        0.000    0.000    0.000    0.000    0.000    0.000    0.000    0.000
97        0.000    0.000    0.000    0.000    0.000    0.000    0.001    0.707
98        0.000    0.000    0.000    0.000    0.000    0.000    0.000    0.704
99        0.000    0.000    0.000    0.000    0.000    0.000    0.000    0.000
100       0.000    0.000    0.000    0.000    0.000    0.000    0.000    0.000
101       0.000    0.000    0.000    0.000    0.000    0.000    0.000    0.000
102       0.000    0.000    0.000    0.000    0.000    0.000    0.000    0.000
103       0.000    0.000    0.000    0.000    0.000    0.000    0.000    1.909
104       0.000    0.000    0.000    0.000    0.000    0.000    0.000    0.111
105       0.000    0.000    0.000    0.000    0.000    0.000    0.000    0.000
106       0.000    0.000    0.000    0.000    0.000    0.000    0.000    0.573
107       0.000    0.000    0.000    0.000    0.000    0.000    0.000    0.000
108       0.000    0.000    0.000    0.000    0.000    0.000    0.000    0.000
109       0.000    0.000    0.000    0.000    0.000    0.000    0.000    0.000
110       0.000    0.000    0.000    0.000    0.000    0.000    0.000    0.000
111       0.000    0.000    0.000    0.000    0.000    0.000    0.000    0.000
112       0.000    0.000    0.000    0.000    0.000    0.000    0.000    0.000
113       0.000    0.000    0.000    0.000    0.000    0.000    0.000    0.000
114       0.000    0.000    0.000    0.000    0.000    0.000    0.000    0.000
115       0.000    0.000    0.000    0.000    0.000    0.000    0.000    0.351
116       0.000    0.000    0.000    0.000    0.000    0.000    0.000    0.000
117       0.000    0.000    0.000    0.000    0.000    0.000    0.000    0.000
118       0.000    0.000    0.000    0.000    0.000    0.000    0.000    0.000
119       0.000    0.000    0.000    0.000    0.000    0.000    0.000    0.000
120       0.000    0.000    0.000    0.000    0.000    0.000    0.000    0.000
121       0.000    0.000    0.000    0.000    0.000    0.000    0.000    0.000
122       0.000    0.000    0.000    0.000    0.000    0.000    0.000    0.000
123       0.000    0.000    0.000    0.000    0.000    0.000    0.000    0.000
124       0.000    0.000    0.000    0.000    0.000    0.000    0.000    0.000
125       0.000    0.000    0.000    0.000    0.000    0.000    0.000    0.000
126       0.000    0.000    0.000    0.000    0.000    0.000    0.000    0.000
127       0.000    0.000    0.000    0.000    0.000    0.000    0.000    0.000
128       0.000    0.000    0.000    0.000    0.000    0.000    0.000    0.000
129       0.000    0.000    0.000    0.000    0.000    0.000    0.000    0.000
130       0.000    0.000    0.000    0.000    0.000    0.000    0.000    0.000
131       0.000    0.000    0.000    0.000    0.000    0.000    0.000    0.000
132       0.000    0.000    0.000    0.000    0.000    0.000    0.000    0.000
133       0.000    0.000    0.000    0.000    0.000    0.000    0.000    0.000
134       0.000    0.000    0.000    0.000    0.000    0.000    0.000    0.000
135       0.000    0.000    0.000    0.000    0.000    0.000    0.000    0.000
136       0.000    0.000    0.000    0.000    0.000    0.000    0.000    0.000
137       0.000    0.000    0.000    0.000    0.000    0.000    0.000    0.000
138       0.000    0.000    0.000    0.000    0.000    0.000    0.000    0.000
139       0.000    0.000    0.000    0.000    0.000    0.000    0.000    0.000
140       0.000    0.000    0.000    0.000    0.000    0.000    0.000    0.000
141       0.000    0.000    0.000    0.000    0.000    0.000    0.000    0.000
142       0.000    0.000    0.000    0.000    0.000    0.000    0.000    0.000
143       0.000    0.000    0.000    0.000    0.000    0.000    0.000    0.000
144       0.000    0.000    0.000    0.000    0.000    0.000    0.000    0.000
145       0.000    0.000    0.000    0.000    0.000    0.000    0.000    0.000
146       0.000    0.000    0.000    0.000    0.000    0.000    0.000    0.000
147       0.000    0.000    0.000    0.000    0.000    0.000    0.000    0.000
148       0.000    0.000    0.000    0.000    0.000    0.000    0.000    0.000
149       0.000    0.000    0.000    0.000    0.000    0.000    0.000    0.000
150       0.000    0.000    0.000    0.000    0.000    0.000    0.000    0.000
Sum       0.000   12.555  108.863  779.023 1307.596  344.007  101.500   53.681
mW        0.000    0.443    0.890    1.128    1.344    2.110    2.708    4.363
mL        0.000   34.800   44.547   48.595   51.755   60.639   67.329   80.069
pA        0.000    0.005    0.039    0.282    0.474    0.125    0.037    0.019
tot.mW 1532.185 1532.185 1532.185 1532.185 1532.185 1532.185 1532.185 1532.185
tot.mL   53.306   53.306   53.306   53.306   53.306   53.306   53.306   53.306
              8        9       10       11       12       13       14       15
1         0.000    0.000    0.000    0.000    0.000    0.000    0.000    0.000
2         0.000    0.000    0.000    0.000    0.000    0.000    0.000    0.000
3         0.000    0.000    0.000    0.000    0.000    0.000    0.000    0.000
4         0.000    0.000    0.000    0.000    0.000    0.000    0.000    0.000
5         0.000    0.000    0.000    0.000    0.000    0.000    0.000    0.000
6         0.000    0.000    0.000    0.000    0.000    0.000    0.000    0.000
7         0.000    0.000    0.000    0.000    0.000    0.000    0.000    0.000
8         0.000    0.000    0.000    0.000    0.000    0.000    0.000    0.000
9         0.000    0.000    0.000    0.000    0.000    0.000    0.000    0.000
10        0.000    0.000    0.000    0.000    0.000    0.000    0.000    0.000
11        0.000    0.000    0.000    0.000    0.000    0.000    0.000    0.000
12        0.000    0.000    0.000    0.000    0.000    0.000    0.000    0.000
13        0.000    0.000    0.000    0.000    0.000    0.000    0.000    0.000
14        0.000    0.000    0.000    0.000    0.000    0.000    0.000    0.000
15        0.000    0.000    0.000    0.000    0.000    0.000    0.000    0.000
16        0.000    0.000    0.000    0.000    0.000    0.000    0.000    0.000
17        0.000    0.000    0.000    0.000    0.000    0.000    0.000    0.000
18        0.000    0.000    0.000    0.000    0.000    0.000    0.000    0.000
19        0.000    0.000    0.000    0.000    0.000    0.000    0.000    0.000
20        0.000    0.000    0.000    0.000    0.000    0.000    0.000    0.000
21        0.000    0.000    0.000    0.000    0.000    0.000    0.000    0.000
22        0.000    0.000    0.000    0.000    0.000    0.000    0.000    0.000
23        0.000    0.000    0.000    0.000    0.000    0.000    0.000    0.000
24        0.000    0.000    0.000    0.000    0.000    0.000    0.000    0.000
25        0.000    0.000    0.000    0.000    0.000    0.000    0.000    0.000
26        0.000    0.000    0.000    0.000    0.000    0.000    0.000    0.000
27        0.000    0.000    0.000    0.000    0.000    0.000    0.000    0.000
28        0.000    0.000    0.000    0.000    0.000    0.000    0.000    0.000
29        0.000    0.000    0.000    0.000    0.000    0.000    0.000    0.000
30        0.000    0.000    0.000    0.000    0.000    0.000    0.000    0.000
31        0.000    0.000    0.000    0.000    0.000    0.000    0.000    0.000
32        0.000    0.000    0.000    0.000    0.000    0.000    0.000    0.000
33        0.000    0.001    0.000    0.000    0.000    0.000    0.000    0.000
34        0.000    0.000    0.000    0.000    0.000    0.000    0.000    0.000
35        0.000    0.000    0.000    0.000    0.000    0.000    0.000    0.000
36        0.000    0.001    0.000    0.000    0.000    0.000    0.000    0.000
37        0.000    0.001    0.000    0.000    0.000    0.000    0.000    0.000
38        0.000    0.001    0.000    0.000    0.000    0.000    0.000    0.000
39        0.000    0.002    0.000    0.000    0.000    0.000    0.000    0.000
40        0.000    0.003    0.000    0.000    0.000    0.000    0.000    0.000
41        0.000    0.003    0.000    0.000    0.000    0.000    0.000    0.000
42        0.000    0.005    0.000    0.000    0.000    0.000    0.000    0.000
43        0.000    0.006    0.000    0.000    0.000    0.000    0.000    0.000
44        0.000    0.008    0.000    0.000    0.000    0.000    0.000    0.000
45        0.000    0.008    0.000    0.000    0.000    0.000    0.000    0.000
46        0.000    0.008    0.000    0.000    0.000    0.000    0.000    0.000
47        0.000    0.009    0.000    0.000    0.000    0.000    0.000    0.000
48        0.000    0.011    0.000    0.000    0.000    0.000    0.000    0.000
49        0.000    0.012    0.000    0.000    0.000    0.000    0.000    0.000
50        0.000    0.014    0.000    0.000    0.000    0.000    0.000    0.000
51        0.000    0.014    0.000    0.000    0.000    0.000    0.000    0.000
52        0.000    0.011    0.000    0.000    0.000    0.000    0.000    0.000
53        0.000    0.015    0.000    0.000    0.000    0.000    0.000    0.000
54        0.000    0.014    0.000    0.000    0.000    0.000    0.000    0.000
55        0.000    0.016    0.000    0.000    0.000    0.000    0.000    0.000
56        0.000    0.018    0.000    0.000    0.000    0.000    0.000    0.000
57        0.001    0.019    0.000    0.000    0.000    0.000    0.000    0.000
58        0.001    0.022    0.000    0.000    0.000    0.000    0.000    0.000
59        0.003    0.029    0.000    0.000    0.000    0.000    0.000    0.000
60        0.004    0.031    0.000    0.000    0.000    0.000    0.000    0.000
61        0.009    0.037    0.000    0.000    0.000    0.000    0.000    0.000
62        0.019    0.051    0.000    0.000    0.000    0.000    0.000    0.000
63        0.027    0.048    0.000    0.000    0.000    0.000    0.000    0.000
64        0.059    0.072    0.000    0.000    0.000    0.000    0.000    0.000
65        0.088    0.073    0.000    0.000    0.000    0.000    0.000    0.000
66        0.092    0.054    0.000    0.000    0.000    0.000    0.000    0.000
67        0.181    0.077    0.000    0.000    0.000    0.000    0.000    0.000
68        0.280    0.089    0.000    0.000    0.000    0.000    0.000    0.000
69        0.613    0.149    0.000    0.000    0.000    0.000    0.000    0.000
70        0.620    0.118    0.000    0.000    0.000    0.000    0.000    0.000
71        1.035    0.159    0.000    0.000    0.000    0.000    0.000    0.000
72        0.553    0.070    0.000    0.000    0.000    0.000    0.000    0.000
73        1.178    0.127    0.000    0.000    0.000    0.000    0.000    0.000
74        1.885    0.177    0.000    0.000    0.000    0.000    0.000    0.000
75        1.427    0.120    0.000    0.000    0.000    0.000    0.000    0.000
76        2.277    0.176    0.000    0.000    0.000    0.000    0.000    0.000
77        1.402    0.102    0.000    0.000    0.000    0.000    0.000    0.000
78        1.665    0.117    0.000    0.000    0.000    0.000    0.000    0.000
79        2.292    0.160    0.000    0.000    0.000    0.000    0.000    0.000
80        2.974    0.211    0.000    0.000    0.000    0.000    0.000    0.000
81        3.214    0.238    0.000    0.000    0.000    0.000    0.000    0.000
82        2.900    0.230    0.000    0.000    0.000    0.000    0.000    0.000
83        1.988    0.174    0.000    0.000    0.000    0.000    0.000    0.000
84        3.500    0.345    0.000    0.000    0.000    0.000    0.000    0.000
85        1.477    0.169    0.000    0.000    0.000    0.000    0.000    0.000
86        1.899    0.258    0.000    0.000    0.000    0.000    0.000    0.000
87        2.687    0.446    0.000    0.000    0.000    0.000    0.000    0.000
88        1.650    0.343    0.000    0.000    0.000    0.000    0.000    0.000
89        1.481    0.396    0.000    0.000    0.000    0.000    0.000    0.000
90        0.646    0.228    0.000    0.000    0.000    0.000    0.000    0.000
91        0.273    0.131    0.000    0.000    0.000    0.000    0.000    0.000
92        0.223    0.148    0.000    0.000    0.000    0.000    0.000    0.000
93        0.000    0.000    0.000    0.000    0.000    0.000    0.000    0.000
94        0.134    0.186    0.000    0.000    0.000    0.000    0.000    0.000
95        0.197    0.412    0.000    0.000    0.000    0.000    0.000    0.000
96        0.000    0.000    0.000    0.000    0.000    0.000    0.000    0.000
97        0.048    0.244    0.000    0.000    0.000    0.000    0.000    0.000
98        0.032    0.263    0.000    0.000    0.000    0.000    0.000    0.000
99        0.000    0.000    0.000    0.000    0.000    0.000    0.000    0.000
100       0.000    0.000    0.000    0.000    0.000    0.000    0.000    0.000
101       0.000    0.000    0.000    0.000    0.000    0.000    0.000    0.000
102       0.000    0.000    0.000    0.000    0.000    0.000    0.000    0.000
103       0.008    1.083    0.000    0.000    0.000    0.000    0.000    0.000
104       0.000    0.069    1.820    0.000    0.000    0.000    0.000    0.000
105       0.000    0.000    0.000    0.000    0.000    0.000    0.000    0.000
106       0.000    0.427    0.000    0.000    0.000    0.000    0.000    0.000
107       0.000    0.000    0.000    0.000    0.000    0.000    0.000    0.000
108       0.000    0.000    0.000    0.000    0.000    0.000    0.000    0.000
109       0.000    0.000    0.000    0.000    0.000    0.000    0.000    0.000
110       0.000    0.000    0.000    0.000    0.000    0.000    0.000    0.000
111       0.000    0.000    0.000    0.000    0.000    0.000    0.000    0.000
112       0.000    0.000    0.000    0.000    0.000    0.000    0.000    0.000
113       0.000    0.000    0.000    0.000    0.000    0.000    0.000    0.000
114       0.000    0.000    0.000    0.000    0.000    0.000    0.000    0.000
115       0.000    0.649    0.000    0.000    0.000    0.000    0.000    0.000
116       0.000    0.000    0.000    0.000    0.000    0.000    0.000    0.000
117       0.000    0.000    0.000    0.000    0.000    0.000    0.000    0.000
118       0.000    0.000    0.000    0.000    0.000    0.000    0.000    0.000
119       0.000    0.000    0.000    0.000    0.000    0.000    0.000    0.000
120       0.000    0.000    0.000    0.000    0.000    0.000    0.000    0.000
121       0.000    0.000    0.000    0.000    0.000    0.000    0.000    0.000
122       0.000    0.000    0.000    0.000    0.000    0.000    0.000    0.000
123       0.000    0.000    0.000    0.000    0.000    0.000    0.000    0.000
124       0.000    0.000    0.000    0.000    0.000    0.000    0.000    0.000
125       0.000    0.000    0.000    0.000    0.000    0.000    0.000    0.000
126       0.000    0.000    0.000    0.000    0.000    0.000    0.000    0.000
127       0.000    0.000    0.000    0.000    0.000    0.000    0.000    0.000
128       0.000    0.000    0.000    0.000    0.000    0.000    0.000    0.000
129       0.000    0.000    0.000    0.000    0.000    0.000    0.000    0.000
130       0.000    0.000    0.000    0.000    0.000    0.000    0.000    0.000
131       0.000    0.000    0.000    0.000    0.000    0.000    0.000    0.000
132       0.000    0.000    0.000    0.000    0.000    0.000    0.000    0.000
133       0.000    0.000    0.000    0.000    0.000    0.000    0.000    0.000
134       0.000    0.000    0.000    0.000    0.000    0.000    0.000    0.000
135       0.000    0.000    0.000    0.000    0.000    0.000    0.000    0.000
136       0.000    0.000    0.000    0.000    0.000    0.000    0.000    0.000
137       0.000    0.000    0.000    0.000    0.000    0.000    0.000    0.000
138       0.000    0.000    0.000    0.000    0.000    0.000    0.000    0.000
139       0.000    0.000    0.000    0.000    0.000    0.000    0.000    0.000
140       0.000    0.000    0.000    0.000    0.000    0.000    0.000    0.000
141       0.000    0.000    0.000    0.000    0.000    0.000    0.000    0.000
142       0.000    0.000    0.000    0.000    0.000    0.000    0.000    0.000
143       0.000    0.000    0.000    0.000    0.000    0.000    0.000    0.000
144       0.000    0.000    0.000    0.000    0.000    0.000    0.000    0.000
145       0.000    0.000    0.000    0.000    0.000    0.000    0.000    0.000
146       0.000    0.000    0.000    0.000    0.000    0.000    0.000    0.000
147       0.000    0.000    0.000    0.000    0.000    0.000    0.000    0.000
148       0.000    0.000    0.000    0.000    0.000    0.000    0.000    0.000
149       0.000    0.000    0.000    0.000    0.000    0.000    0.000    0.000
150       0.000    0.000    0.000    0.000    0.000    0.000    0.000    0.000
Sum      41.044    8.912    1.820    0.000    0.000    0.000    0.000    0.000
mW        4.476    6.042    8.896    0.000    0.000    0.000    0.000    0.000
mL       80.815  103.000  104.000    0.000    0.000    0.000    0.000    0.000
pA        0.015    0.003    0.001    0.000    0.000    0.000    0.000    0.000
tot.mW 1532.185 1532.185 1532.185 1532.185 1532.185 1532.185 1532.185 1532.185
tot.mL   53.306   53.306   53.306   53.306   53.306   53.306   53.306   53.306
          Matad      Sum
1         0.000    0.000
2         0.000    0.000
3         0.000    0.000
4         0.000    0.000
5         0.000    0.000
6         0.000    0.000
7         0.000    0.000
8         0.000    0.000
9         0.000    0.000
10        0.000    0.000
11        0.000    0.000
12        0.000    0.000
13        0.000    0.000
14        0.000    0.000
15        0.000    0.000
16        0.000    0.000
17        0.000    0.000
18        0.000    0.000
19        0.000    0.000
20        0.000    0.000
21        0.000    0.000
22        0.000    0.000
23        0.000    0.000
24        0.000    0.000
25        0.000    0.000
26        0.000    0.000
27        0.000    0.000
28        0.000    0.000
29        0.000    0.000
30        0.000    0.000
31        0.000    0.000
32        1.000    1.000
33        4.000    4.000
34        5.000    5.000
35        2.000    2.000
36        8.000    8.000
37        6.000    6.000
38       11.000   11.000
39       20.000   20.000
40       33.000   33.000
41       42.000   42.000
42       72.000   72.000
43       85.000   85.000
44      116.000  116.000
45      127.000  127.000
46      125.000  125.000
47      138.000  138.000
48      159.000  159.000
49      158.000  158.000
50      174.000  174.000
51      155.000  155.000
52      111.000  111.000
53      126.000  126.000
54      100.000  100.000
55       98.000   98.000
56       89.000   89.000
57       75.000   75.000
58       70.000   70.000
59       71.000   71.000
60       59.000   59.000
61       54.000   54.000
62       58.000   58.000
63       42.000   42.000
64       48.000   48.000
65       38.000   38.000
66       22.000   22.000
67       25.000   25.000
68       23.000   23.000
69       31.000   31.000
70       20.000   20.000
71       22.000   22.000
72        8.000    8.000
73       12.000   12.000
74       14.000   14.000
75        8.000    8.000
76       10.000   10.000
77        5.000    5.000
78        5.000    5.000
79        6.000    6.000
80        7.000    7.000
81        7.000    7.000
82        6.000    6.000
83        4.000    4.000
84        7.000    7.000
85        3.000    3.000
86        4.000    4.000
87        6.000    6.000
88        4.000    4.000
89        4.000    4.000
90        2.000    2.000
91        1.000    1.000
92        1.000    1.000
93        0.000    0.000
94        1.000    1.000
95        2.000    2.000
96        0.000    0.000
97        1.000    1.000
98        1.000    1.000
99        0.000    0.000
100       0.000    0.000
101       0.000    0.000
102       0.000    0.000
103       3.000    3.000
104       2.000    2.000
105       0.000    0.000
106       1.000    1.000
107       0.000    0.000
108       0.000    0.000
109       0.000    0.000
110       0.000    0.000
111       0.000    0.000
112       0.000    0.000
113       0.000    0.000
114       0.000    0.000
115       1.000    1.000
116       0.000    0.000
117       0.000    0.000
118       0.000    0.000
119       0.000    0.000
120       0.000    0.000
121       0.000    0.000
122       0.000    0.000
123       0.000    0.000
124       0.000    0.000
125       0.000    0.000
126       0.000    0.000
127       0.000    0.000
128       0.000    0.000
129       0.000    0.000
130       0.000    0.000
131       0.000    0.000
132       0.000    0.000
133       0.000    0.000
134       0.000    0.000
135       0.000    0.000
136       0.000    0.000
137       0.000    0.000
138       0.000    0.000
139       0.000    0.000
140       0.000    0.000
141       0.000    0.000
142       0.000    0.000
143       0.000    0.000
144       0.000    0.000
145       0.000    0.000
146       0.000    0.000
147       0.000    0.000
148       0.000    0.000
149       0.000    0.000
150       0.000    0.000
Sum    2759.000 2759.000
mW        0.000    0.000
mL        0.000    0.000
pA        0.000    0.000
tot.mW 1532.185 1532.185
tot.mL   53.306   53.306


> .... [TRUNCATED] 

 >>>>>>>>>>>>>>>>>>>>>>>>>>>>>>>>>>>>>>>>>>>>>>>>>>>>>>>>>>>>>> 
 > Dato                :  Thu Jan 16 14:43:22 2014 
 > Slag                :  TO 
 > Ár                  :  2012 
 > Tiŵarskeiŵ          :  JAN-DEC 
 > Skipabólk/-ar       :  1 2 4 
 > Skipabólk/-ar (lán) :  0 
 > ICES-øki            :  VB1 
 <<<<<<<<<<<<<<<<<<<<<<<<<<<<<<<<<<<<<<<<<<<<<<<<<<<<<<<<<<<<<< 

$URSLITID
   aldur tal_matad tal_fiskad midal_longd midal_vekt roknad_veida
0      0         0          0        0.00      0.000            0
1      1        15       3946       34.53      0.427         1685
2      2       107      28270       43.99      0.863        24403
3      3       811     213336       48.23      1.110       236725
4      4      1305     343428       52.36      1.387       476374
5      5       321      84534       60.64      2.087       176428
6      6        84      22005       66.45      2.628        57823
7      7        42      10969       76.13      3.945        43269
8      8        25       6558       80.26      4.394        28816
9      9         4       1184       87.25      5.557         6578
10    10         2        526      104.00      8.896         4681
11    11         0          0        0.00      0.000            0
12    12         0          0        0.00      0.000            0
13    13         0          0        0.00      0.000            0
14    14         0          0        0.00      0.000            0
15    15         0          0        0.00      0.000            0
17   Sum      2716     714756       52.84      1.479      1056782

$URSLITID.j
   aldur tal_matad tal_fiskad midal_longd midal_vekt roknad_veida
0      0         0          0        0.00      0.000            0
1      1        13       3139       34.80      0.443         1390
2      2       109      27215       44.55      0.890        24225
3      3       779     194748       48.59      1.128       219589
4      4      1308     326886       51.76      1.344       439398
5      5       344      85998       60.64      2.110       181461
6      6       101      25374       67.33      2.708        68724
7      7        54      13420       80.07      4.363        58556
8      8        41      10261       80.81      4.476        45929
9      9         9       2228      103.00      6.042        13461
10    10         2        455      104.00      8.896         4047
11    11         0          0        0.00      0.000            0
12    12         0          0        0.00      0.000            0
13    13         0          0        0.00      0.000            0
14    14         0          0        0.00      0.000            0
15    15         0          0        0.00      0.000            0
17   Sum      2760     689724       53.31      1.532      1056780


> .... [TRUNCATED] 
