
 .... [TRUNCATED] 
<<<<<<<<<<<<<<<<<<<<<<<<<<<<<<<<<<<<<<<<<<<<<<<<<<<<<<<<<<<<<<<<<<<<<<<< 
 > Dato                                      :  Wed Dec  3 14:09:42 2014 
 > Slag                                      :  HY 
 > Ár                                        :  2014 
 > Skipabólk/-ar                             :  20 22 
 > Byrjanar og enda mánaŵ fyri ALK/ALD       :  JAN-DEC 
 > Skipabólk/-ar, sum longdir eru lántar frá :  0 
 > Skipabólk/-ar, sum vektir eru lántar frá  :  0 
 > Skipabólk/-ar, sum aldrar eru lántar frá  :  0 
 > ICES-øki                                  :  VB1 
 <<<<<<<<<<<<<<<<<<<<<<<<<<<<<<<<<<<<<<<<<<<<<<<<<<<<<<<<<<<<<<<<<<<<<<<<
 .... [TRUNCATED] 
>>>>>>>>>>>>>>>>>>>>>>>>>>>>>>>>>>>>> 
> Alpha	 = 0.0182479
> Beta	 = 2.822196
> R^2	 = 0.9048604
> N	 = 2214
> Veida (kg.)	  = 66666
> Rundveida (kg.) = 73999.26
<<<<<<<<<<<<<<<<<<<<<<<<<<<<<<<<<<<<<
 .... [TRUNCATED] 
>>>>>>>>>>>>>> 	 ALK-lykil 	 <<<<<<<<<<<<
 .... [TRUNCATED] 
$ALK
    longd 0 1 2 3  4  5 6 7 8 9 10 11 12 13 14 15 Sum Matad
1       1 0 0 0 0  0  0 0 0 0 0  0  0  0  0  0  0   0     0
2       2 0 0 0 0  0  0 0 0 0 0  0  0  0  0  0  0   0     0
3       3 0 0 0 0  0  0 0 0 0 0  0  0  0  0  0  0   0     0
4       4 0 0 0 0  0  0 0 0 0 0  0  0  0  0  0  0   0     0
5       5 0 0 0 0  0  0 0 0 0 0  0  0  0  0  0  0   0     0
6       6 0 0 0 0  0  0 0 0 0 0  0  0  0  0  0  0   0     0
7       7 0 0 0 0  0  0 0 0 0 0  0  0  0  0  0  0   0     0
8       8 0 0 0 0  0  0 0 0 0 0  0  0  0  0  0  0   0     0
9       9 0 0 0 0  0  0 0 0 0 0  0  0  0  0  0  0   0     0
10     10 0 0 0 0  0  0 0 0 0 0  0  0  0  0  0  0   0     0
11     11 0 0 0 0  0  0 0 0 0 0  0  0  0  0  0  0   0     0
12     12 0 0 0 0  0  0 0 0 0 0  0  0  0  0  0  0   0     0
13     13 0 0 0 0  0  0 0 0 0 0  0  0  0  0  0  0   0     0
14     14 0 0 0 0  0  0 0 0 0 0  0  0  0  0  0  0   0     0
15     15 0 0 0 0  0  0 0 0 0 0  0  0  0  0  0  0   0     0
16     16 0 0 0 0  0  0 0 0 0 0  0  0  0  0  0  0   0     0
17     17 0 0 0 0  0  0 0 0 0 0  0  0  0  0  0  0   0     0
18     18 0 0 0 0  0  0 0 0 0 0  0  0  0  0  0  0   0     0
19     19 0 0 0 0  0  0 0 0 0 0  0  0  0  0  0  0   0     0
20     20 0 0 0 0  0  0 0 0 0 0  0  0  0  0  0  0   0     0
21     21 0 0 0 0  0  0 0 0 0 0  0  0  0  0  0  0   0     0
22     22 0 0 0 0  0  0 0 0 0 0  0  0  0  0  0  0   0     0
23     23 0 0 0 0  0  0 0 0 0 0  0  0  0  0  0  0   0     0
24     24 0 0 0 0  0  0 0 0 0 0  0  0  0  0  0  0   0     0
25     25 0 0 0 0  0  0 0 0 0 0  0  0  0  0  0  0   0     0
26     26 0 0 0 0  0  0 0 0 0 0  0  0  0  0  0  0   0     0
27     27 0 0 0 0  0  0 0 0 0 0  0  0  0  0  0  0   0     0
28     28 0 0 0 0  0  0 0 0 0 0  0  0  0  0  0  0   0     0
29     29 0 0 0 0  0  0 0 0 0 0  0  0  0  0  0  0   0     0
30     30 0 0 0 0  0  0 0 0 0 0  0  0  0  0  0  0   0     1
31     31 0 0 0 0  0  0 0 0 0 0  0  0  0  0  0  0   0     3
32     32 0 0 0 0  0  0 0 0 0 0  0  0  0  0  0  0   0     1
33     33 0 0 0 0  0  0 0 0 0 0  0  0  0  0  0  0   0     2
34     34 0 0 1 0  0  0 0 0 0 0  0  0  0  0  0  0   1     4
35     35 0 0 0 0  0  0 0 0 0 0  0  0  0  0  0  0   0     5
36     36 0 0 0 0  0  0 0 0 0 0  0  0  0  0  0  0   0     4
37     37 0 0 1 0  0  0 0 0 0 0  0  0  0  0  0  0   1     4
38     38 0 0 0 0  0  0 0 0 0 0  0  0  0  0  0  0   0     3
39     39 0 0 0 1  0  0 0 0 0 0  0  0  0  0  0  0   1     8
40     40 0 0 0 1  1  0 0 0 0 0  0  0  0  0  0  0   2    12
41     41 0 0 0 3  0  0 0 0 0 0  0  0  0  0  0  0   3    21
42     42 0 0 0 4  0  0 0 0 0 0  0  0  0  0  0  0   4    28
43     43 0 0 0 5  1  0 0 0 0 0  0  0  0  0  0  0   6    44
44     44 0 0 0 3  3  0 0 0 0 0  0  0  0  0  0  0   6    63
45     45 0 0 0 1  4  0 0 0 0 0  0  0  0  0  0  0   5    77
46     46 0 0 0 1  3  3 0 0 0 0  0  0  0  0  0  0   7   123
47     47 0 0 0 1  4  1 0 0 0 0  0  0  0  0  0  0   6   134
48     48 0 0 0 0 11  6 0 0 0 0  0  0  0  0  0  0  17   141
49     49 0 0 0 0  9  9 1 0 0 0  0  0  0  0  0  0  19   208
50     50 0 0 0 0 12 11 1 0 0 0  0  0  0  0  0  0  24   183
51     51 0 0 0 0  5 10 1 0 0 0  0  0  0  0  0  0  16   179
52     52 0 0 0 0  2 14 0 0 0 0  1  0  0  0  0  0  17   157
53     53 0 0 0 0  4  8 0 1 0 1  0  0  0  0  0  0  14   144
54     54 0 0 0 0  0  9 0 0 0 0  0  0  0  0  0  0   9   119
55     55 0 0 0 0  2  3 1 0 0 0  1  0  0  1  0  0   8   108
56     56 0 0 0 0  0  3 0 0 0 0  1  0  0  0  0  0   4    81
57     57 0 0 0 0  0  1 0 0 1 0  0  0  0  0  0  0   2    82
58     58 0 0 0 0  0  1 0 1 0 0  1  0  0  0  0  0   3    69
59     59 0 0 0 0  0  1 0 0 0 0  1  0  0  0  0  0   2    52
60     60 0 0 0 0  0  1 0 0 0 0  0  0  0  0  0  0   1    39
61     61 0 0 0 0  0  0 0 0 0 0  0  0  0  0  0  0   0    26
62     62 0 0 0 0  0  0 0 0 1 0  0  0  0  0  0  0   1    25
63     63 0 0 0 0  0  0 0 0 0 0  0  0  0  0  0  0   0    17
64     64 0 0 0 0  0  0 0 0 0 0  0  0  0  0  0  0   0    11
65     65 0 0 0 0  0  0 0 0 0 0  0  0  0  0  0  0   0    10
66     66 0 0 0 0  0  0 0 0 0 0  0  0  0  0  0  0   0     9
67     67 0 0 0 0  0  0 0 0 0 0  0  1  0  0  0  0   1     7
68     68 0 0 0 0  0  0 0 0 0 0  0  0  0  0  0  0   0     6
69     69 0 0 0 0  0  0 0 0 0 0  0  0  0  0  0  0   0     1
70     70 0 0 0 0  0  0 0 0 0 0  0  0  0  0  0  0   0     0
71     71 0 0 0 0  0  0 0 0 0 0  0  0  0  0  0  0   0     1
72     72 0 0 0 0  0  0 0 0 0 0  0  0  0  0  0  0   0     0
73     73 0 0 0 0  0  0 0 0 0 0  0  0  0  0  0  0   0     0
74     74 0 0 0 0  0  0 0 0 0 0  0  0  0  0  0  0   0     1
75     75 0 0 0 0  0  0 0 0 0 0  0  0  0  0  0  0   0     0
76     76 0 0 0 0  0  0 0 0 0 0  0  0  0  0  0  0   0     0
77     77 0 0 0 0  0  0 0 0 0 0  0  0  0  0  0  0   0     1
78     78 0 0 0 0  0  0 0 0 0 0  0  0  0  0  0  0   0     0
79     79 0 0 0 0  0  0 0 0 0 0  0  0  0  0  0  0   0     0
80     80 0 0 0 0  0  0 0 0 0 0  0  0  0  0  0  0   0     0
81     81 0 0 0 0  0  0 0 0 0 0  0  0  0  0  0  0   0     0
82     82 0 0 0 0  0  0 0 0 0 0  0  0  0  0  0  0   0     0
83     83 0 0 0 0  0  0 0 0 0 0  0  0  0  0  0  0   0     0
84     84 0 0 0 0  0  0 0 0 0 0  0  0  0  0  0  0   0     0
85     85 0 0 0 0  0  0 0 0 0 0  0  0  0  0  0  0   0     0
86     86 0 0 0 0  0  0 0 0 0 0  0  0  0  0  0  0   0     0
87     87 0 0 0 0  0  0 0 0 0 0  0  0  0  0  0  0   0     0
88     88 0 0 0 0  0  0 0 0 0 0  0  0  0  0  0  0   0     0
89     89 0 0 0 0  0  0 0 0 0 0  0  0  0  0  0  0   0     0
90     90 0 0 0 0  0  0 0 0 0 0  0  0  0  0  0  0   0     0
91     91 0 0 0 0  0  0 0 0 0 0  0  0  0  0  0  0   0     0
92     92 0 0 0 0  0  0 0 0 0 0  0  0  0  0  0  0   0     0
93     93 0 0 0 0  0  0 0 0 0 0  0  0  0  0  0  0   0     0
94     94 0 0 0 0  0  0 0 0 0 0  0  0  0  0  0  0   0     0
95     95 0 0 0 0  0  0 0 0 0 0  0  0  0  0  0  0   0     0
96     96 0 0 0 0  0  0 0 0 0 0  0  0  0  0  0  0   0     0
97     97 0 0 0 0  0  0 0 0 0 0  0  0  0  0  0  0   0     0
98     98 0 0 0 0  0  0 0 0 0 0  0  0  0  0  0  0   0     0
99     99 0 0 0 0  0  0 0 0 0 0  0  0  0  0  0  0   0     0
100   100 0 0 0 0  0  0 0 0 0 0  0  0  0  0  0  0   0     0
101   101 0 0 0 0  0  0 0 0 0 0  0  0  0  0  0  0   0     0
102   102 0 0 0 0  0  0 0 0 0 0  0  0  0  0  0  0   0     0
103   103 0 0 0 0  0  0 0 0 0 0  0  0  0  0  0  0   0     0
104   104 0 0 0 0  0  0 0 0 0 0  0  0  0  0  0  0   0     0
105   105 0 0 0 0  0  0 0 0 0 0  0  0  0  0  0  0   0     0
106   106 0 0 0 0  0  0 0 0 0 0  0  0  0  0  0  0   0     0
107   107 0 0 0 0  0  0 0 0 0 0  0  0  0  0  0  0   0     0
108   108 0 0 0 0  0  0 0 0 0 0  0  0  0  0  0  0   0     0
109   109 0 0 0 0  0  0 0 0 0 0  0  0  0  0  0  0   0     0
110   110 0 0 0 0  0  0 0 0 0 0  0  0  0  0  0  0   0     0
111   111 0 0 0 0  0  0 0 0 0 0  0  0  0  0  0  0   0     0
112   112 0 0 0 0  0  0 0 0 0 0  0  0  0  0  0  0   0     0
113   113 0 0 0 0  0  0 0 0 0 0  0  0  0  0  0  0   0     0
114   114 0 0 0 0  0  0 0 0 0 0  0  0  0  0  0  0   0     0
115   115 0 0 0 0  0  0 0 0 0 0  0  0  0  0  0  0   0     0
116   116 0 0 0 0  0  0 0 0 0 0  0  0  0  0  0  0   0     0
117   117 0 0 0 0  0  0 0 0 0 0  0  0  0  0  0  0   0     0
118   118 0 0 0 0  0  0 0 0 0 0  0  0  0  0  0  0   0     0
119   119 0 0 0 0  0  0 0 0 0 0  0  0  0  0  0  0   0     0
120   120 0 0 0 0  0  0 0 0 0 0  0  0  0  0  0  0   0     0
121   121 0 0 0 0  0  0 0 0 0 0  0  0  0  0  0  0   0     0
122   122 0 0 0 0  0  0 0 0 0 0  0  0  0  0  0  0   0     0
123   123 0 0 0 0  0  0 0 0 0 0  0  0  0  0  0  0   0     0
124   124 0 0 0 0  0  0 0 0 0 0  0  0  0  0  0  0   0     0
125   125 0 0 0 0  0  0 0 0 0 0  0  0  0  0  0  0   0     0
126   126 0 0 0 0  0  0 0 0 0 0  0  0  0  0  0  0   0     0
127   127 0 0 0 0  0  0 0 0 0 0  0  0  0  0  0  0   0     0
128   128 0 0 0 0  0  0 0 0 0 0  0  0  0  0  0  0   0     0
129   129 0 0 0 0  0  0 0 0 0 0  0  0  0  0  0  0   0     0
130   130 0 0 0 0  0  0 0 0 0 0  0  0  0  0  0  0   0     0
131   131 0 0 0 0  0  0 0 0 0 0  0  0  0  0  0  0   0     0
132   132 0 0 0 0  0  0 0 0 0 0  0  0  0  0  0  0   0     0
133   133 0 0 0 0  0  0 0 0 0 0  0  0  0  0  0  0   0     0
134   134 0 0 0 0  0  0 0 0 0 0  0  0  0  0  0  0   0     0
135   135 0 0 0 0  0  0 0 0 0 0  0  0  0  0  0  0   0     0
136   136 0 0 0 0  0  0 0 0 0 0  0  0  0  0  0  0   0     0
137   137 0 0 0 0  0  0 0 0 0 0  0  0  0  0  0  0   0     0
138   138 0 0 0 0  0  0 0 0 0 0  0  0  0  0  0  0   0     0
139   139 0 0 0 0  0  0 0 0 0 0  0  0  0  0  0  0   0     0
140   140 0 0 0 0  0  0 0 0 0 0  0  0  0  0  0  0   0     0
141   141 0 0 0 0  0  0 0 0 0 0  0  0  0  0  0  0   0     0
142   142 0 0 0 0  0  0 0 0 0 0  0  0  0  0  0  0   0     0
143   143 0 0 0 0  0  0 0 0 0 0  0  0  0  0  0  0   0     0
144   144 0 0 0 0  0  0 0 0 0 0  0  0  0  0  0  0   0     0
145   145 0 0 0 0  0  0 0 0 0 0  0  0  0  0  0  0   0     0
146   146 0 0 0 0  0  0 0 0 0 0  0  0  0  0  0  0   0     0
147   147 0 0 0 0  0  0 0 0 0 0  0  0  0  0  0  0   0     0
148   148 0 0 0 0  0  0 0 0 0 0  0  0  0  0  0  0   0     0
149   149 0 0 0 0  0  0 0 0 0 0  0  0  0  0  0  0   0     0
150   150 0 0 0 0  0  0 0 0 0 0  0  0  0  0  0  0   0     0

$ALK.j
    longd 0 1     2     3     4      5     6     7     8 9    10 11 12 13 14 15    Sum Matad
1       1 0 0 0.000 0.000 0.000  0.000 0.000 0.000 0.000 0 0.000  0  0  0  0  0  0.000     0
2       2 0 0 0.000 0.000 0.000  0.000 0.000 0.000 0.000 0 0.000  0  0  0  0  0  0.000     0
3       3 0 0 0.000 0.000 0.000  0.000 0.000 0.000 0.000 0 0.000  0  0  0  0  0  0.000     0
4       4 0 0 0.000 0.000 0.000  0.000 0.000 0.000 0.000 0 0.000  0  0  0  0  0  0.000     0
5       5 0 0 0.000 0.000 0.000  0.000 0.000 0.000 0.000 0 0.000  0  0  0  0  0  0.000     0
6       6 0 0 0.000 0.000 0.000  0.000 0.000 0.000 0.000 0 0.000  0  0  0  0  0  0.000     0
7       7 0 0 0.000 0.000 0.000  0.000 0.000 0.000 0.000 0 0.000  0  0  0  0  0  0.000     0
8       8 0 0 0.000 0.000 0.000  0.000 0.000 0.000 0.000 0 0.000  0  0  0  0  0  0.000     0
9       9 0 0 0.000 0.000 0.000  0.000 0.000 0.000 0.000 0 0.000  0  0  0  0  0  0.000     0
10     10 0 0 0.000 0.000 0.000  0.000 0.000 0.000 0.000 0 0.000  0  0  0  0  0  0.000     0
11     11 0 0 0.000 0.000 0.000  0.000 0.000 0.000 0.000 0 0.000  0  0  0  0  0  0.000     0
12     12 0 0 0.000 0.000 0.000  0.000 0.000 0.000 0.000 0 0.000  0  0  0  0  0  0.000     0
13     13 0 0 0.000 0.000 0.000  0.000 0.000 0.000 0.000 0 0.000  0  0  0  0  0  0.000     0
14     14 0 0 0.000 0.000 0.000  0.000 0.000 0.000 0.000 0 0.000  0  0  0  0  0  0.000     0
15     15 0 0 0.000 0.000 0.000  0.000 0.000 0.000 0.000 0 0.000  0  0  0  0  0  0.000     0
16     16 0 0 0.000 0.000 0.000  0.000 0.000 0.000 0.000 0 0.000  0  0  0  0  0  0.000     0
17     17 0 0 0.000 0.000 0.000  0.000 0.000 0.000 0.000 0 0.000  0  0  0  0  0  0.000     0
18     18 0 0 0.000 0.000 0.000  0.000 0.000 0.000 0.000 0 0.000  0  0  0  0  0  0.000     0
19     19 0 0 0.000 0.000 0.000  0.000 0.000 0.000 0.000 0 0.000  0  0  0  0  0  0.000     0
20     20 0 0 0.000 0.000 0.000  0.000 0.000 0.000 0.000 0 0.000  0  0  0  0  0  0.000     0
21     21 0 0 0.000 0.000 0.000  0.000 0.000 0.000 0.000 0 0.000  0  0  0  0  0  0.000     0
22     22 0 0 0.000 0.000 0.000  0.000 0.000 0.000 0.000 0 0.000  0  0  0  0  0  0.000     0
23     23 0 0 0.000 0.000 0.000  0.000 0.000 0.000 0.000 0 0.000  0  0  0  0  0  0.000     0
24     24 0 0 0.000 0.000 0.000  0.000 0.000 0.000 0.000 0 0.000  0  0  0  0  0  0.000     0
25     25 0 0 0.000 0.000 0.000  0.000 0.000 0.000 0.000 0 0.000  0  0  0  0  0  0.000     0
26     26 0 0 0.000 0.000 0.000  0.000 0.000 0.000 0.000 0 0.000  0  0  0  0  0  0.000     0
27     27 0 0 0.000 0.000 0.000  0.000 0.000 0.000 0.000 0 0.000  0  0  0  0  0  0.000     0
28     28 0 0 0.001 0.000 0.000  0.000 0.000 0.000 0.000 0 0.000  0  0  0  0  0  0.001     0
29     29 0 0 0.003 0.000 0.000  0.000 0.000 0.000 0.000 0 0.000  0  0  0  0  0  0.003     0
30     30 0 0 0.013 0.000 0.000  0.000 0.000 0.000 0.000 0 0.000  0  0  0  0  0  0.013     1
31     31 0 0 0.040 0.000 0.000  0.000 0.000 0.000 0.000 0 0.000  0  0  0  0  0  0.040     3
32     32 0 0 0.096 0.000 0.000  0.000 0.000 0.000 0.000 0 0.000  0  0  0  0  0  0.096     1
33     33 0 0 0.188 0.000 0.000  0.000 0.000 0.000 0.000 0 0.000  0  0  0  0  0  0.188     2
34     34 0 0 0.293 0.000 0.000  0.000 0.000 0.000 0.000 0 0.000  0  0  0  0  0  0.293     4
35     35 0 0 0.366 0.001 0.000  0.000 0.000 0.000 0.000 0 0.000  0  0  0  0  0  0.367     5
36     36 0 0 0.366 0.010 0.000  0.000 0.000 0.000 0.000 0 0.000  0  0  0  0  0  0.376     4
37     37 0 0 0.293 0.052 0.002  0.000 0.000 0.000 0.000 0 0.000  0  0  0  0  0  0.346     4
38     38 0 0 0.188 0.207 0.008  0.000 0.000 0.000 0.000 0 0.000  0  0  0  0  0  0.403     3
39     39 0 0 0.096 0.638 0.027  0.001 0.000 0.000 0.000 0 0.000  0  0  0  0  0  0.762     8
40     40 0 0 0.040 1.508 0.083  0.003 0.000 0.000 0.000 0 0.000  0  0  0  0  0  1.634    12
41     41 0 0 0.013 2.737 0.226  0.011 0.000 0.000 0.000 0 0.000  0  0  0  0  0  2.987    21
42     42 0 0 0.003 3.811 0.545  0.037 0.001 0.000 0.000 0 0.000  0  0  0  0  0  4.398    28
43     43 0 0 0.001 4.072 1.163  0.116 0.004 0.000 0.000 0 0.000  0  0  0  0  0  5.357    44
44     44 0 0 0.000 3.339 2.199  0.317 0.014 0.001 0.000 0 0.000  0  0  0  0  0  5.869    63
45     45 0 0 0.000 2.100 3.677  0.765 0.036 0.003 0.000 0 0.000  0  0  0  0  0  6.581    77
46     46 0 0 0.000 1.014 5.441  1.631 0.083 0.006 0.000 0 0.001  0  0  0  0  0  8.175   123
47     47 0 0 0.000 0.376 7.124  3.071 0.164 0.013 0.000 0 0.003  0  0  0  0  0 10.752   134
48     48 0 0 0.000 0.107 8.255  5.108 0.283 0.024 0.001 0 0.010  0  0  0  0  0 13.788   141
49     49 0 0 0.000 0.023 8.464  7.503 0.421 0.042 0.003 0 0.028  0  0  0  0  0 16.483   208
50     50 0 0 0.000 0.004 7.680  9.732 0.542 0.067 0.006 0 0.066  0  0  0  0  0 18.097   183
51     51 0 0 0.000 0.001 6.167 11.147 0.604 0.100 0.013 0 0.138  0  0  0  0  0 18.169   179
52     52 0 0 0.000 0.000 4.381 11.276 0.583 0.138 0.024 0 0.251  0  0  0  0  0 16.653   157
53     53 0 0 0.000 0.000 2.755 10.073 0.486 0.176 0.042 1 0.400  0  0  0  0  0 14.932   144
54     54 0 0 0.000 0.000 1.533  7.947 0.351 0.206 0.067 0 0.558  0  0  0  0  0 10.662   119
55     55 0 0 0.000 0.000 0.755  5.537 0.220 0.223 0.100 0 0.681  0  0  1  0  0  8.516   108
56     56 0 0 0.000 0.000 0.329  3.406 0.119 0.223 0.138 0 0.728  0  0  0  0  0  4.944    81
57     57 0 0 0.000 0.000 0.127  1.851 0.056 0.206 0.176 0 0.681  0  0  0  0  0  3.097    82
58     58 0 0 0.000 0.000 0.043  0.888 0.023 0.176 0.206 0 0.558  0  0  0  0  0  1.894    69
59     59 0 0 0.000 0.000 0.013  0.376 0.008 0.138 0.223 0 0.400  0  0  0  0  0  1.159    52
60     60 0 0 0.000 0.000 0.003  0.141 0.002 0.100 0.223 0 0.251  0  0  0  0  0  0.721    39
61     61 0 0 0.000 0.000 0.001  0.047 0.001 0.067 0.206 0 0.138  0  0  0  0  0  0.459    26
62     62 0 0 0.000 0.000 0.000  0.014 0.000 0.042 0.176 0 0.066  0  0  0  0  0  0.297    25
63     63 0 0 0.000 0.000 0.000  0.003 0.000 0.024 0.138 0 0.028  0  0  0  0  0  0.193    17
64     64 0 0 0.000 0.000 0.000  0.001 0.000 0.013 0.100 0 0.010  0  0  0  0  0  0.124    11
65     65 0 0 0.000 0.000 0.000  0.000 0.000 0.006 0.067 0 0.003  0  0  0  0  0  0.077    10
66     66 0 0 0.000 0.000 0.000  0.000 0.000 0.003 0.042 0 0.001  0  0  0  0  0  0.045     9
67     67 0 0 0.000 0.000 0.000  0.000 0.000 0.001 0.024 0 0.000  1  0  0  0  0  1.025     7
68     68 0 0 0.000 0.000 0.000  0.000 0.000 0.000 0.013 0 0.000  0  0  0  0  0  0.013     6
69     69 0 0 0.000 0.000 0.000  0.000 0.000 0.000 0.006 0 0.000  0  0  0  0  0  0.006     1
70     70 0 0 0.000 0.000 0.000  0.000 0.000 0.000 0.003 0 0.000  0  0  0  0  0  0.003     0
71     71 0 0 0.000 0.000 0.000  0.000 0.000 0.000 0.001 0 0.000  0  0  0  0  0  0.001     1
72     72 0 0 0.000 0.000 0.000  0.000 0.000 0.000 0.000 0 0.000  0  0  0  0  0  0.000     0
73     73 0 0 0.000 0.000 0.000  0.000 0.000 0.000 0.000 0 0.000  0  0  0  0  0  0.000     0
74     74 0 0 0.000 0.000 0.000  0.000 0.000 0.000 0.000 0 0.000  0  0  0  0  0  0.000     1
75     75 0 0 0.000 0.000 0.000  0.000 0.000 0.000 0.000 0 0.000  0  0  0  0  0  0.000     0
76     76 0 0 0.000 0.000 0.000  0.000 0.000 0.000 0.000 0 0.000  0  0  0  0  0  0.000     0
77     77 0 0 0.000 0.000 0.000  0.000 0.000 0.000 0.000 0 0.000  0  0  0  0  0  0.000     1
78     78 0 0 0.000 0.000 0.000  0.000 0.000 0.000 0.000 0 0.000  0  0  0  0  0  0.000     0
79     79 0 0 0.000 0.000 0.000  0.000 0.000 0.000 0.000 0 0.000  0  0  0  0  0  0.000     0
80     80 0 0 0.000 0.000 0.000  0.000 0.000 0.000 0.000 0 0.000  0  0  0  0  0  0.000     0
81     81 0 0 0.000 0.000 0.000  0.000 0.000 0.000 0.000 0 0.000  0  0  0  0  0  0.000     0
82     82 0 0 0.000 0.000 0.000  0.000 0.000 0.000 0.000 0 0.000  0  0  0  0  0  0.000     0
83     83 0 0 0.000 0.000 0.000  0.000 0.000 0.000 0.000 0 0.000  0  0  0  0  0  0.000     0
84     84 0 0 0.000 0.000 0.000  0.000 0.000 0.000 0.000 0 0.000  0  0  0  0  0  0.000     0
85     85 0 0 0.000 0.000 0.000  0.000 0.000 0.000 0.000 0 0.000  0  0  0  0  0  0.000     0
86     86 0 0 0.000 0.000 0.000  0.000 0.000 0.000 0.000 0 0.000  0  0  0  0  0  0.000     0
87     87 0 0 0.000 0.000 0.000  0.000 0.000 0.000 0.000 0 0.000  0  0  0  0  0  0.000     0
88     88 0 0 0.000 0.000 0.000  0.000 0.000 0.000 0.000 0 0.000  0  0  0  0  0  0.000     0
89     89 0 0 0.000 0.000 0.000  0.000 0.000 0.000 0.000 0 0.000  0  0  0  0  0  0.000     0
90     90 0 0 0.000 0.000 0.000  0.000 0.000 0.000 0.000 0 0.000  0  0  0  0  0  0.000     0
91     91 0 0 0.000 0.000 0.000  0.000 0.000 0.000 0.000 0 0.000  0  0  0  0  0  0.000     0
92     92 0 0 0.000 0.000 0.000  0.000 0.000 0.000 0.000 0 0.000  0  0  0  0  0  0.000     0
93     93 0 0 0.000 0.000 0.000  0.000 0.000 0.000 0.000 0 0.000  0  0  0  0  0  0.000     0
94     94 0 0 0.000 0.000 0.000  0.000 0.000 0.000 0.000 0 0.000  0  0  0  0  0  0.000     0
95     95 0 0 0.000 0.000 0.000  0.000 0.000 0.000 0.000 0 0.000  0  0  0  0  0  0.000     0
96     96 0 0 0.000 0.000 0.000  0.000 0.000 0.000 0.000 0 0.000  0  0  0  0  0  0.000     0
97     97 0 0 0.000 0.000 0.000  0.000 0.000 0.000 0.000 0 0.000  0  0  0  0  0  0.000     0
98     98 0 0 0.000 0.000 0.000  0.000 0.000 0.000 0.000 0 0.000  0  0  0  0  0  0.000     0
99     99 0 0 0.000 0.000 0.000  0.000 0.000 0.000 0.000 0 0.000  0  0  0  0  0  0.000     0
100   100 0 0 0.000 0.000 0.000  0.000 0.000 0.000 0.000 0 0.000  0  0  0  0  0  0.000     0
101   101 0 0 0.000 0.000 0.000  0.000 0.000 0.000 0.000 0 0.000  0  0  0  0  0  0.000     0
102   102 0 0 0.000 0.000 0.000  0.000 0.000 0.000 0.000 0 0.000  0  0  0  0  0  0.000     0
103   103 0 0 0.000 0.000 0.000  0.000 0.000 0.000 0.000 0 0.000  0  0  0  0  0  0.000     0
104   104 0 0 0.000 0.000 0.000  0.000 0.000 0.000 0.000 0 0.000  0  0  0  0  0  0.000     0
105   105 0 0 0.000 0.000 0.000  0.000 0.000 0.000 0.000 0 0.000  0  0  0  0  0  0.000     0
106   106 0 0 0.000 0.000 0.000  0.000 0.000 0.000 0.000 0 0.000  0  0  0  0  0  0.000     0
107   107 0 0 0.000 0.000 0.000  0.000 0.000 0.000 0.000 0 0.000  0  0  0  0  0  0.000     0
108   108 0 0 0.000 0.000 0.000  0.000 0.000 0.000 0.000 0 0.000  0  0  0  0  0  0.000     0
109   109 0 0 0.000 0.000 0.000  0.000 0.000 0.000 0.000 0 0.000  0  0  0  0  0  0.000     0
110   110 0 0 0.000 0.000 0.000  0.000 0.000 0.000 0.000 0 0.000  0  0  0  0  0  0.000     0
111   111 0 0 0.000 0.000 0.000  0.000 0.000 0.000 0.000 0 0.000  0  0  0  0  0  0.000     0
112   112 0 0 0.000 0.000 0.000  0.000 0.000 0.000 0.000 0 0.000  0  0  0  0  0  0.000     0
113   113 0 0 0.000 0.000 0.000  0.000 0.000 0.000 0.000 0 0.000  0  0  0  0  0  0.000     0
114   114 0 0 0.000 0.000 0.000  0.000 0.000 0.000 0.000 0 0.000  0  0  0  0  0  0.000     0
115   115 0 0 0.000 0.000 0.000  0.000 0.000 0.000 0.000 0 0.000  0  0  0  0  0  0.000     0
116   116 0 0 0.000 0.000 0.000  0.000 0.000 0.000 0.000 0 0.000  0  0  0  0  0  0.000     0
117   117 0 0 0.000 0.000 0.000  0.000 0.000 0.000 0.000 0 0.000  0  0  0  0  0  0.000     0
118   118 0 0 0.000 0.000 0.000  0.000 0.000 0.000 0.000 0 0.000  0  0  0  0  0  0.000     0
119   119 0 0 0.000 0.000 0.000  0.000 0.000 0.000 0.000 0 0.000  0  0  0  0  0  0.000     0
120   120 0 0 0.000 0.000 0.000  0.000 0.000 0.000 0.000 0 0.000  0  0  0  0  0  0.000     0
121   121 0 0 0.000 0.000 0.000  0.000 0.000 0.000 0.000 0 0.000  0  0  0  0  0  0.000     0
122   122 0 0 0.000 0.000 0.000  0.000 0.000 0.000 0.000 0 0.000  0  0  0  0  0  0.000     0
123   123 0 0 0.000 0.000 0.000  0.000 0.000 0.000 0.000 0 0.000  0  0  0  0  0  0.000     0
124   124 0 0 0.000 0.000 0.000  0.000 0.000 0.000 0.000 0 0.000  0  0  0  0  0  0.000     0
125   125 0 0 0.000 0.000 0.000  0.000 0.000 0.000 0.000 0 0.000  0  0  0  0  0  0.000     0
126   126 0 0 0.000 0.000 0.000  0.000 0.000 0.000 0.000 0 0.000  0  0  0  0  0  0.000     0
127   127 0 0 0.000 0.000 0.000  0.000 0.000 0.000 0.000 0 0.000  0  0  0  0  0  0.000     0
128   128 0 0 0.000 0.000 0.000  0.000 0.000 0.000 0.000 0 0.000  0  0  0  0  0  0.000     0
129   129 0 0 0.000 0.000 0.000  0.000 0.000 0.000 0.000 0 0.000  0  0  0  0  0  0.000     0
130   130 0 0 0.000 0.000 0.000  0.000 0.000 0.000 0.000 0 0.000  0  0  0  0  0  0.000     0
131   131 0 0 0.000 0.000 0.000  0.000 0.000 0.000 0.000 0 0.000  0  0  0  0  0  0.000     0
132   132 0 0 0.000 0.000 0.000  0.000 0.000 0.000 0.000 0 0.000  0  0  0  0  0  0.000     0
133   133 0 0 0.000 0.000 0.000  0.000 0.000 0.000 0.000 0 0.000  0  0  0  0  0  0.000     0
134   134 0 0 0.000 0.000 0.000  0.000 0.000 0.000 0.000 0 0.000  0  0  0  0  0  0.000     0
135   135 0 0 0.000 0.000 0.000  0.000 0.000 0.000 0.000 0 0.000  0  0  0  0  0  0.000     0
136   136 0 0 0.000 0.000 0.000  0.000 0.000 0.000 0.000 0 0.000  0  0  0  0  0  0.000     0
137   137 0 0 0.000 0.000 0.000  0.000 0.000 0.000 0.000 0 0.000  0  0  0  0  0  0.000     0
138   138 0 0 0.000 0.000 0.000  0.000 0.000 0.000 0.000 0 0.000  0  0  0  0  0  0.000     0
139   139 0 0 0.000 0.000 0.000  0.000 0.000 0.000 0.000 0 0.000  0  0  0  0  0  0.000     0
140   140 0 0 0.000 0.000 0.000  0.000 0.000 0.000 0.000 0 0.000  0  0  0  0  0  0.000     0
141   141 0 0 0.000 0.000 0.000  0.000 0.000 0.000 0.000 0 0.000  0  0  0  0  0  0.000     0
142   142 0 0 0.000 0.000 0.000  0.000 0.000 0.000 0.000 0 0.000  0  0  0  0  0  0.000     0
143   143 0 0 0.000 0.000 0.000  0.000 0.000 0.000 0.000 0 0.000  0  0  0  0  0  0.000     0
144   144 0 0 0.000 0.000 0.000  0.000 0.000 0.000 0.000 0 0.000  0  0  0  0  0  0.000     0
145   145 0 0 0.000 0.000 0.000  0.000 0.000 0.000 0.000 0 0.000  0  0  0  0  0  0.000     0
146   146 0 0 0.000 0.000 0.000  0.000 0.000 0.000 0.000 0 0.000  0  0  0  0  0  0.000     0
147   147 0 0 0.000 0.000 0.000  0.000 0.000 0.000 0.000 0 0.000  0  0  0  0  0  0.000     0
148   148 0 0 0.000 0.000 0.000  0.000 0.000 0.000 0.000 0 0.000  0  0  0  0  0  0.000     0
149   149 0 0 0.000 0.000 0.000  0.000 0.000 0.000 0.000 0 0.000  0  0  0  0  0  0.000     0
150   150 0 0 0.000 0.000 0.000  0.000 0.000 0.000 0.000 0 0.000  0  0  0  0  0  0.000     0


 .... [TRUNCATED] 
>>>>>>>>>>>>>> 	 ALD-lykil 	 <<<<<<<<<<<<
 .... [TRUNCATED] 
$ALD
              0        1        2        3        4        5        6        7        8        9       10       11       12       13       14
1         0.000    0.000    0.000    0.000    0.000    0.000    0.000    0.000    0.000    0.000    0.000    0.000    0.000    0.000    0.000
2         0.000    0.000    0.000    0.000    0.000    0.000    0.000    0.000    0.000    0.000    0.000    0.000    0.000    0.000    0.000
3         0.000    0.000    0.000    0.000    0.000    0.000    0.000    0.000    0.000    0.000    0.000    0.000    0.000    0.000    0.000
4         0.000    0.000    0.000    0.000    0.000    0.000    0.000    0.000    0.000    0.000    0.000    0.000    0.000    0.000    0.000
5         0.000    0.000    0.000    0.000    0.000    0.000    0.000    0.000    0.000    0.000    0.000    0.000    0.000    0.000    0.000
6         0.000    0.000    0.000    0.000    0.000    0.000    0.000    0.000    0.000    0.000    0.000    0.000    0.000    0.000    0.000
7         0.000    0.000    0.000    0.000    0.000    0.000    0.000    0.000    0.000    0.000    0.000    0.000    0.000    0.000    0.000
8         0.000    0.000    0.000    0.000    0.000    0.000    0.000    0.000    0.000    0.000    0.000    0.000    0.000    0.000    0.000
9         0.000    0.000    0.000    0.000    0.000    0.000    0.000    0.000    0.000    0.000    0.000    0.000    0.000    0.000    0.000
10        0.000    0.000    0.000    0.000    0.000    0.000    0.000    0.000    0.000    0.000    0.000    0.000    0.000    0.000    0.000
11        0.000    0.000    0.000    0.000    0.000    0.000    0.000    0.000    0.000    0.000    0.000    0.000    0.000    0.000    0.000
12        0.000    0.000    0.000    0.000    0.000    0.000    0.000    0.000    0.000    0.000    0.000    0.000    0.000    0.000    0.000
13        0.000    0.000    0.000    0.000    0.000    0.000    0.000    0.000    0.000    0.000    0.000    0.000    0.000    0.000    0.000
14        0.000    0.000    0.000    0.000    0.000    0.000    0.000    0.000    0.000    0.000    0.000    0.000    0.000    0.000    0.000
15        0.000    0.000    0.000    0.000    0.000    0.000    0.000    0.000    0.000    0.000    0.000    0.000    0.000    0.000    0.000
16        0.000    0.000    0.000    0.000    0.000    0.000    0.000    0.000    0.000    0.000    0.000    0.000    0.000    0.000    0.000
17        0.000    0.000    0.000    0.000    0.000    0.000    0.000    0.000    0.000    0.000    0.000    0.000    0.000    0.000    0.000
18        0.000    0.000    0.000    0.000    0.000    0.000    0.000    0.000    0.000    0.000    0.000    0.000    0.000    0.000    0.000
19        0.000    0.000    0.000    0.000    0.000    0.000    0.000    0.000    0.000    0.000    0.000    0.000    0.000    0.000    0.000
20        0.000    0.000    0.000    0.000    0.000    0.000    0.000    0.000    0.000    0.000    0.000    0.000    0.000    0.000    0.000
21        0.000    0.000    0.000    0.000    0.000    0.000    0.000    0.000    0.000    0.000    0.000    0.000    0.000    0.000    0.000
22        0.000    0.000    0.000    0.000    0.000    0.000    0.000    0.000    0.000    0.000    0.000    0.000    0.000    0.000    0.000
23        0.000    0.000    0.000    0.000    0.000    0.000    0.000    0.000    0.000    0.000    0.000    0.000    0.000    0.000    0.000
24        0.000    0.000    0.000    0.000    0.000    0.000    0.000    0.000    0.000    0.000    0.000    0.000    0.000    0.000    0.000
25        0.000    0.000    0.000    0.000    0.000    0.000    0.000    0.000    0.000    0.000    0.000    0.000    0.000    0.000    0.000
26        0.000    0.000    0.000    0.000    0.000    0.000    0.000    0.000    0.000    0.000    0.000    0.000    0.000    0.000    0.000
27        0.000    0.000    0.000    0.000    0.000    0.000    0.000    0.000    0.000    0.000    0.000    0.000    0.000    0.000    0.000
28        0.000    0.000    0.000    0.000    0.000    0.000    0.000    0.000    0.000    0.000    0.000    0.000    0.000    0.000    0.000
29        0.000    0.000    0.000    0.000    0.000    0.000    0.000    0.000    0.000    0.000    0.000    0.000    0.000    0.000    0.000
30        0.000    0.000    0.000    0.000    0.000    0.000    0.000    0.000    0.000    0.000    0.000    0.000    0.000    0.000    0.000
31        0.000    0.000    0.000    0.000    0.000    0.000    0.000    0.000    0.000    0.000    0.000    0.000    0.000    0.000    0.000
32        0.000    0.000    0.000    0.000    0.000    0.000    0.000    0.000    0.000    0.000    0.000    0.000    0.000    0.000    0.000
33        0.000    0.000    0.000    0.000    0.000    0.000    0.000    0.000    0.000    0.000    0.000    0.000    0.000    0.000    0.000
34        0.000    0.000    4.000    0.000    0.000    0.000    0.000    0.000    0.000    0.000    0.000    0.000    0.000    0.000    0.000
35        0.000    0.000    0.000    0.000    0.000    0.000    0.000    0.000    0.000    0.000    0.000    0.000    0.000    0.000    0.000
36        0.000    0.000    0.000    0.000    0.000    0.000    0.000    0.000    0.000    0.000    0.000    0.000    0.000    0.000    0.000
37        0.000    0.000    4.000    0.000    0.000    0.000    0.000    0.000    0.000    0.000    0.000    0.000    0.000    0.000    0.000
38        0.000    0.000    0.000    0.000    0.000    0.000    0.000    0.000    0.000    0.000    0.000    0.000    0.000    0.000    0.000
39        0.000    0.000    0.000    8.000    0.000    0.000    0.000    0.000    0.000    0.000    0.000    0.000    0.000    0.000    0.000
40        0.000    0.000    0.000    6.000    6.000    0.000    0.000    0.000    0.000    0.000    0.000    0.000    0.000    0.000    0.000
41        0.000    0.000    0.000   21.000    0.000    0.000    0.000    0.000    0.000    0.000    0.000    0.000    0.000    0.000    0.000
42        0.000    0.000    0.000   28.000    0.000    0.000    0.000    0.000    0.000    0.000    0.000    0.000    0.000    0.000    0.000
43        0.000    0.000    0.000   36.667    7.333    0.000    0.000    0.000    0.000    0.000    0.000    0.000    0.000    0.000    0.000
44        0.000    0.000    0.000   31.500   31.500    0.000    0.000    0.000    0.000    0.000    0.000    0.000    0.000    0.000    0.000
45        0.000    0.000    0.000   15.400   61.600    0.000    0.000    0.000    0.000    0.000    0.000    0.000    0.000    0.000    0.000
46        0.000    0.000    0.000   17.571   52.714   52.714    0.000    0.000    0.000    0.000    0.000    0.000    0.000    0.000    0.000
47        0.000    0.000    0.000   22.333   89.333   22.333    0.000    0.000    0.000    0.000    0.000    0.000    0.000    0.000    0.000
48        0.000    0.000    0.000    0.000   91.235   49.765    0.000    0.000    0.000    0.000    0.000    0.000    0.000    0.000    0.000
49        0.000    0.000    0.000    0.000   98.526   98.526   10.947    0.000    0.000    0.000    0.000    0.000    0.000    0.000    0.000
50        0.000    0.000    0.000    0.000   91.500   83.875    7.625    0.000    0.000    0.000    0.000    0.000    0.000    0.000    0.000
51        0.000    0.000    0.000    0.000   55.938  111.875   11.188    0.000    0.000    0.000    0.000    0.000    0.000    0.000    0.000
52        0.000    0.000    0.000    0.000   18.471  129.294    0.000    0.000    0.000    0.000    9.235    0.000    0.000    0.000    0.000
53        0.000    0.000    0.000    0.000   41.143   82.286    0.000   10.286    0.000   10.286    0.000    0.000    0.000    0.000    0.000
54        0.000    0.000    0.000    0.000    0.000  119.000    0.000    0.000    0.000    0.000    0.000    0.000    0.000    0.000    0.000
55        0.000    0.000    0.000    0.000   27.000   40.500   13.500    0.000    0.000    0.000   13.500    0.000    0.000   13.500    0.000
56        0.000    0.000    0.000    0.000    0.000   60.750    0.000    0.000    0.000    0.000   20.250    0.000    0.000    0.000    0.000
57        0.000    0.000    0.000    0.000    0.000   41.000    0.000    0.000   41.000    0.000    0.000    0.000    0.000    0.000    0.000
58        0.000    0.000    0.000    0.000    0.000   23.000    0.000   23.000    0.000    0.000   23.000    0.000    0.000    0.000    0.000
59        0.000    0.000    0.000    0.000    0.000   26.000    0.000    0.000    0.000    0.000   26.000    0.000    0.000    0.000    0.000
60        0.000    0.000    0.000    0.000    0.000   39.000    0.000    0.000    0.000    0.000    0.000    0.000    0.000    0.000    0.000
61        0.000    0.000    0.000    0.000    0.000    0.000    0.000    0.000    0.000    0.000    0.000    0.000    0.000    0.000    0.000
62        0.000    0.000    0.000    0.000    0.000    0.000    0.000    0.000   25.000    0.000    0.000    0.000    0.000    0.000    0.000
63        0.000    0.000    0.000    0.000    0.000    0.000    0.000    0.000    0.000    0.000    0.000    0.000    0.000    0.000    0.000
64        0.000    0.000    0.000    0.000    0.000    0.000    0.000    0.000    0.000    0.000    0.000    0.000    0.000    0.000    0.000
65        0.000    0.000    0.000    0.000    0.000    0.000    0.000    0.000    0.000    0.000    0.000    0.000    0.000    0.000    0.000
66        0.000    0.000    0.000    0.000    0.000    0.000    0.000    0.000    0.000    0.000    0.000    0.000    0.000    0.000    0.000
67        0.000    0.000    0.000    0.000    0.000    0.000    0.000    0.000    0.000    0.000    0.000    7.000    0.000    0.000    0.000
68        0.000    0.000    0.000    0.000    0.000    0.000    0.000    0.000    0.000    0.000    0.000    0.000    0.000    0.000    0.000
69        0.000    0.000    0.000    0.000    0.000    0.000    0.000    0.000    0.000    0.000    0.000    0.000    0.000    0.000    0.000
70        0.000    0.000    0.000    0.000    0.000    0.000    0.000    0.000    0.000    0.000    0.000    0.000    0.000    0.000    0.000
71        0.000    0.000    0.000    0.000    0.000    0.000    0.000    0.000    0.000    0.000    0.000    0.000    0.000    0.000    0.000
72        0.000    0.000    0.000    0.000    0.000    0.000    0.000    0.000    0.000    0.000    0.000    0.000    0.000    0.000    0.000
73        0.000    0.000    0.000    0.000    0.000    0.000    0.000    0.000    0.000    0.000    0.000    0.000    0.000    0.000    0.000
74        0.000    0.000    0.000    0.000    0.000    0.000    0.000    0.000    0.000    0.000    0.000    0.000    0.000    0.000    0.000
75        0.000    0.000    0.000    0.000    0.000    0.000    0.000    0.000    0.000    0.000    0.000    0.000    0.000    0.000    0.000
76        0.000    0.000    0.000    0.000    0.000    0.000    0.000    0.000    0.000    0.000    0.000    0.000    0.000    0.000    0.000
77        0.000    0.000    0.000    0.000    0.000    0.000    0.000    0.000    0.000    0.000    0.000    0.000    0.000    0.000    0.000
78        0.000    0.000    0.000    0.000    0.000    0.000    0.000    0.000    0.000    0.000    0.000    0.000    0.000    0.000    0.000
79        0.000    0.000    0.000    0.000    0.000    0.000    0.000    0.000    0.000    0.000    0.000    0.000    0.000    0.000    0.000
80        0.000    0.000    0.000    0.000    0.000    0.000    0.000    0.000    0.000    0.000    0.000    0.000    0.000    0.000    0.000
81        0.000    0.000    0.000    0.000    0.000    0.000    0.000    0.000    0.000    0.000    0.000    0.000    0.000    0.000    0.000
82        0.000    0.000    0.000    0.000    0.000    0.000    0.000    0.000    0.000    0.000    0.000    0.000    0.000    0.000    0.000
83        0.000    0.000    0.000    0.000    0.000    0.000    0.000    0.000    0.000    0.000    0.000    0.000    0.000    0.000    0.000
84        0.000    0.000    0.000    0.000    0.000    0.000    0.000    0.000    0.000    0.000    0.000    0.000    0.000    0.000    0.000
85        0.000    0.000    0.000    0.000    0.000    0.000    0.000    0.000    0.000    0.000    0.000    0.000    0.000    0.000    0.000
86        0.000    0.000    0.000    0.000    0.000    0.000    0.000    0.000    0.000    0.000    0.000    0.000    0.000    0.000    0.000
87        0.000    0.000    0.000    0.000    0.000    0.000    0.000    0.000    0.000    0.000    0.000    0.000    0.000    0.000    0.000
88        0.000    0.000    0.000    0.000    0.000    0.000    0.000    0.000    0.000    0.000    0.000    0.000    0.000    0.000    0.000
89        0.000    0.000    0.000    0.000    0.000    0.000    0.000    0.000    0.000    0.000    0.000    0.000    0.000    0.000    0.000
90        0.000    0.000    0.000    0.000    0.000    0.000    0.000    0.000    0.000    0.000    0.000    0.000    0.000    0.000    0.000
91        0.000    0.000    0.000    0.000    0.000    0.000    0.000    0.000    0.000    0.000    0.000    0.000    0.000    0.000    0.000
92        0.000    0.000    0.000    0.000    0.000    0.000    0.000    0.000    0.000    0.000    0.000    0.000    0.000    0.000    0.000
93        0.000    0.000    0.000    0.000    0.000    0.000    0.000    0.000    0.000    0.000    0.000    0.000    0.000    0.000    0.000
94        0.000    0.000    0.000    0.000    0.000    0.000    0.000    0.000    0.000    0.000    0.000    0.000    0.000    0.000    0.000
95        0.000    0.000    0.000    0.000    0.000    0.000    0.000    0.000    0.000    0.000    0.000    0.000    0.000    0.000    0.000
96        0.000    0.000    0.000    0.000    0.000    0.000    0.000    0.000    0.000    0.000    0.000    0.000    0.000    0.000    0.000
97        0.000    0.000    0.000    0.000    0.000    0.000    0.000    0.000    0.000    0.000    0.000    0.000    0.000    0.000    0.000
98        0.000    0.000    0.000    0.000    0.000    0.000    0.000    0.000    0.000    0.000    0.000    0.000    0.000    0.000    0.000
99        0.000    0.000    0.000    0.000    0.000    0.000    0.000    0.000    0.000    0.000    0.000    0.000    0.000    0.000    0.000
100       0.000    0.000    0.000    0.000    0.000    0.000    0.000    0.000    0.000    0.000    0.000    0.000    0.000    0.000    0.000
101       0.000    0.000    0.000    0.000    0.000    0.000    0.000    0.000    0.000    0.000    0.000    0.000    0.000    0.000    0.000
102       0.000    0.000    0.000    0.000    0.000    0.000    0.000    0.000    0.000    0.000    0.000    0.000    0.000    0.000    0.000
103       0.000    0.000    0.000    0.000    0.000    0.000    0.000    0.000    0.000    0.000    0.000    0.000    0.000    0.000    0.000
104       0.000    0.000    0.000    0.000    0.000    0.000    0.000    0.000    0.000    0.000    0.000    0.000    0.000    0.000    0.000
105       0.000    0.000    0.000    0.000    0.000    0.000    0.000    0.000    0.000    0.000    0.000    0.000    0.000    0.000    0.000
106       0.000    0.000    0.000    0.000    0.000    0.000    0.000    0.000    0.000    0.000    0.000    0.000    0.000    0.000    0.000
107       0.000    0.000    0.000    0.000    0.000    0.000    0.000    0.000    0.000    0.000    0.000    0.000    0.000    0.000    0.000
108       0.000    0.000    0.000    0.000    0.000    0.000    0.000    0.000    0.000    0.000    0.000    0.000    0.000    0.000    0.000
109       0.000    0.000    0.000    0.000    0.000    0.000    0.000    0.000    0.000    0.000    0.000    0.000    0.000    0.000    0.000
110       0.000    0.000    0.000    0.000    0.000    0.000    0.000    0.000    0.000    0.000    0.000    0.000    0.000    0.000    0.000
111       0.000    0.000    0.000    0.000    0.000    0.000    0.000    0.000    0.000    0.000    0.000    0.000    0.000    0.000    0.000
112       0.000    0.000    0.000    0.000    0.000    0.000    0.000    0.000    0.000    0.000    0.000    0.000    0.000    0.000    0.000
113       0.000    0.000    0.000    0.000    0.000    0.000    0.000    0.000    0.000    0.000    0.000    0.000    0.000    0.000    0.000
114       0.000    0.000    0.000    0.000    0.000    0.000    0.000    0.000    0.000    0.000    0.000    0.000    0.000    0.000    0.000
115       0.000    0.000    0.000    0.000    0.000    0.000    0.000    0.000    0.000    0.000    0.000    0.000    0.000    0.000    0.000
116       0.000    0.000    0.000    0.000    0.000    0.000    0.000    0.000    0.000    0.000    0.000    0.000    0.000    0.000    0.000
117       0.000    0.000    0.000    0.000    0.000    0.000    0.000    0.000    0.000    0.000    0.000    0.000    0.000    0.000    0.000
118       0.000    0.000    0.000    0.000    0.000    0.000    0.000    0.000    0.000    0.000    0.000    0.000    0.000    0.000    0.000
119       0.000    0.000    0.000    0.000    0.000    0.000    0.000    0.000    0.000    0.000    0.000    0.000    0.000    0.000    0.000
120       0.000    0.000    0.000    0.000    0.000    0.000    0.000    0.000    0.000    0.000    0.000    0.000    0.000    0.000    0.000
121       0.000    0.000    0.000    0.000    0.000    0.000    0.000    0.000    0.000    0.000    0.000    0.000    0.000    0.000    0.000
122       0.000    0.000    0.000    0.000    0.000    0.000    0.000    0.000    0.000    0.000    0.000    0.000    0.000    0.000    0.000
123       0.000    0.000    0.000    0.000    0.000    0.000    0.000    0.000    0.000    0.000    0.000    0.000    0.000    0.000    0.000
124       0.000    0.000    0.000    0.000    0.000    0.000    0.000    0.000    0.000    0.000    0.000    0.000    0.000    0.000    0.000
125       0.000    0.000    0.000    0.000    0.000    0.000    0.000    0.000    0.000    0.000    0.000    0.000    0.000    0.000    0.000
126       0.000    0.000    0.000    0.000    0.000    0.000    0.000    0.000    0.000    0.000    0.000    0.000    0.000    0.000    0.000
127       0.000    0.000    0.000    0.000    0.000    0.000    0.000    0.000    0.000    0.000    0.000    0.000    0.000    0.000    0.000
128       0.000    0.000    0.000    0.000    0.000    0.000    0.000    0.000    0.000    0.000    0.000    0.000    0.000    0.000    0.000
129       0.000    0.000    0.000    0.000    0.000    0.000    0.000    0.000    0.000    0.000    0.000    0.000    0.000    0.000    0.000
130       0.000    0.000    0.000    0.000    0.000    0.000    0.000    0.000    0.000    0.000    0.000    0.000    0.000    0.000    0.000
131       0.000    0.000    0.000    0.000    0.000    0.000    0.000    0.000    0.000    0.000    0.000    0.000    0.000    0.000    0.000
132       0.000    0.000    0.000    0.000    0.000    0.000    0.000    0.000    0.000    0.000    0.000    0.000    0.000    0.000    0.000
133       0.000    0.000    0.000    0.000    0.000    0.000    0.000    0.000    0.000    0.000    0.000    0.000    0.000    0.000    0.000
134       0.000    0.000    0.000    0.000    0.000    0.000    0.000    0.000    0.000    0.000    0.000    0.000    0.000    0.000    0.000
135       0.000    0.000    0.000    0.000    0.000    0.000    0.000    0.000    0.000    0.000    0.000    0.000    0.000    0.000    0.000
136       0.000    0.000    0.000    0.000    0.000    0.000    0.000    0.000    0.000    0.000    0.000    0.000    0.000    0.000    0.000
137       0.000    0.000    0.000    0.000    0.000    0.000    0.000    0.000    0.000    0.000    0.000    0.000    0.000    0.000    0.000
138       0.000    0.000    0.000    0.000    0.000    0.000    0.000    0.000    0.000    0.000    0.000    0.000    0.000    0.000    0.000
139       0.000    0.000    0.000    0.000    0.000    0.000    0.000    0.000    0.000    0.000    0.000    0.000    0.000    0.000    0.000
140       0.000    0.000    0.000    0.000    0.000    0.000    0.000    0.000    0.000    0.000    0.000    0.000    0.000    0.000    0.000
141       0.000    0.000    0.000    0.000    0.000    0.000    0.000    0.000    0.000    0.000    0.000    0.000    0.000    0.000    0.000
142       0.000    0.000    0.000    0.000    0.000    0.000    0.000    0.000    0.000    0.000    0.000    0.000    0.000    0.000    0.000
143       0.000    0.000    0.000    0.000    0.000    0.000    0.000    0.000    0.000    0.000    0.000    0.000    0.000    0.000    0.000
144       0.000    0.000    0.000    0.000    0.000    0.000    0.000    0.000    0.000    0.000    0.000    0.000    0.000    0.000    0.000
145       0.000    0.000    0.000    0.000    0.000    0.000    0.000    0.000    0.000    0.000    0.000    0.000    0.000    0.000    0.000
146       0.000    0.000    0.000    0.000    0.000    0.000    0.000    0.000    0.000    0.000    0.000    0.000    0.000    0.000    0.000
147       0.000    0.000    0.000    0.000    0.000    0.000    0.000    0.000    0.000    0.000    0.000    0.000    0.000    0.000    0.000
148       0.000    0.000    0.000    0.000    0.000    0.000    0.000    0.000    0.000    0.000    0.000    0.000    0.000    0.000    0.000
149       0.000    0.000    0.000    0.000    0.000    0.000    0.000    0.000    0.000    0.000    0.000    0.000    0.000    0.000    0.000
150       0.000    0.000    0.000    0.000    0.000    0.000    0.000    0.000    0.000    0.000    0.000    0.000    0.000    0.000    0.000
Sum       0.000    0.000    8.000  186.471  672.294  979.918   43.260   33.286   66.000   10.286   91.985    7.000    0.000   13.500    0.000
mW        0.000    0.000    0.435    0.770    1.052    1.308    1.248    1.610    1.814    1.341    1.636    2.599    0.000    1.489    0.000
mL        0.000    0.000   35.500   43.435   48.492   52.337   51.610   56.485   58.894   53.000   56.824   67.000    0.000   55.000    0.000
pA        0.000    0.000    0.004    0.088    0.318    0.464    0.020    0.016    0.031    0.005    0.044    0.003    0.000    0.006    0.000
tot.mW 1215.327 1215.327 1215.327 1215.327 1215.327 1215.327 1215.327 1215.327 1215.327 1215.327 1215.327 1215.327 1215.327 1215.327 1215.327
tot.mL   50.776   50.776   50.776   50.776   50.776   50.776   50.776   50.776   50.776   50.776   50.776   50.776   50.776   50.776   50.776
             15    Matad      Sum
1         0.000    0.000    0.000
2         0.000    0.000    0.000
3         0.000    0.000    0.000
4         0.000    0.000    0.000
5         0.000    0.000    0.000
6         0.000    0.000    0.000
7         0.000    0.000    0.000
8         0.000    0.000    0.000
9         0.000    0.000    0.000
10        0.000    0.000    0.000
11        0.000    0.000    0.000
12        0.000    0.000    0.000
13        0.000    0.000    0.000
14        0.000    0.000    0.000
15        0.000    0.000    0.000
16        0.000    0.000    0.000
17        0.000    0.000    0.000
18        0.000    0.000    0.000
19        0.000    0.000    0.000
20        0.000    0.000    0.000
21        0.000    0.000    0.000
22        0.000    0.000    0.000
23        0.000    0.000    0.000
24        0.000    0.000    0.000
25        0.000    0.000    0.000
26        0.000    0.000    0.000
27        0.000    0.000    0.000
28        0.000    0.000    0.000
29        0.000    0.000    0.000
30        0.000    1.000    0.000
31        0.000    3.000    0.000
32        0.000    1.000    0.000
33        0.000    2.000    0.000
34        0.000    4.000    4.000
35        0.000    5.000    0.000
36        0.000    4.000    0.000
37        0.000    4.000    4.000
38        0.000    3.000    0.000
39        0.000    8.000    8.000
40        0.000   12.000   12.000
41        0.000   21.000   21.000
42        0.000   28.000   28.000
43        0.000   44.000   44.000
44        0.000   63.000   63.000
45        0.000   77.000   77.000
46        0.000  123.000  123.000
47        0.000  134.000  134.000
48        0.000  141.000  141.000
49        0.000  208.000  208.000
50        0.000  183.000  183.000
51        0.000  179.000  179.000
52        0.000  157.000  157.000
53        0.000  144.000  144.000
54        0.000  119.000  119.000
55        0.000  108.000  108.000
56        0.000   81.000   81.000
57        0.000   82.000   82.000
58        0.000   69.000   69.000
59        0.000   52.000   52.000
60        0.000   39.000   39.000
61        0.000   26.000    0.000
62        0.000   25.000   25.000
63        0.000   17.000    0.000
64        0.000   11.000    0.000
65        0.000   10.000    0.000
66        0.000    9.000    0.000
67        0.000    7.000    7.000
68        0.000    6.000    0.000
69        0.000    1.000    0.000
70        0.000    0.000    0.000
71        0.000    1.000    0.000
72        0.000    0.000    0.000
73        0.000    0.000    0.000
74        0.000    1.000    0.000
75        0.000    0.000    0.000
76        0.000    0.000    0.000
77        0.000    1.000    0.000
78        0.000    0.000    0.000
79        0.000    0.000    0.000
80        0.000    0.000    0.000
81        0.000    0.000    0.000
82        0.000    0.000    0.000
83        0.000    0.000    0.000
84        0.000    0.000    0.000
85        0.000    0.000    0.000
86        0.000    0.000    0.000
87        0.000    0.000    0.000
88        0.000    0.000    0.000
89        0.000    0.000    0.000
90        0.000    0.000    0.000
91        0.000    0.000    0.000
92        0.000    0.000    0.000
93        0.000    0.000    0.000
94        0.000    0.000    0.000
95        0.000    0.000    0.000
96        0.000    0.000    0.000
97        0.000    0.000    0.000
98        0.000    0.000    0.000
99        0.000    0.000    0.000
100       0.000    0.000    0.000
101       0.000    0.000    0.000
102       0.000    0.000    0.000
103       0.000    0.000    0.000
104       0.000    0.000    0.000
105       0.000    0.000    0.000
106       0.000    0.000    0.000
107       0.000    0.000    0.000
108       0.000    0.000    0.000
109       0.000    0.000    0.000
110       0.000    0.000    0.000
111       0.000    0.000    0.000
112       0.000    0.000    0.000
113       0.000    0.000    0.000
114       0.000    0.000    0.000
115       0.000    0.000    0.000
116       0.000    0.000    0.000
117       0.000    0.000    0.000
118       0.000    0.000    0.000
119       0.000    0.000    0.000
120       0.000    0.000    0.000
121       0.000    0.000    0.000
122       0.000    0.000    0.000
123       0.000    0.000    0.000
124       0.000    0.000    0.000
125       0.000    0.000    0.000
126       0.000    0.000    0.000
127       0.000    0.000    0.000
128       0.000    0.000    0.000
129       0.000    0.000    0.000
130       0.000    0.000    0.000
131       0.000    0.000    0.000
132       0.000    0.000    0.000
133       0.000    0.000    0.000
134       0.000    0.000    0.000
135       0.000    0.000    0.000
136       0.000    0.000    0.000
137       0.000    0.000    0.000
138       0.000    0.000    0.000
139       0.000    0.000    0.000
140       0.000    0.000    0.000
141       0.000    0.000    0.000
142       0.000    0.000    0.000
143       0.000    0.000    0.000
144       0.000    0.000    0.000
145       0.000    0.000    0.000
146       0.000    0.000    0.000
147       0.000    0.000    0.000
148       0.000    0.000    0.000
149       0.000    0.000    0.000
150       0.000    0.000    0.000
Sum       0.000 2214.000 2112.000
mW        0.000    0.000    0.000
mL        0.000    0.000    0.000
pA        0.000    0.000    0.000
tot.mW 1215.327 1215.327 1215.327
tot.mL   50.776   50.776   50.776

$ALD.j
              0        1        2        3        4        5        6        7        8        9       10       11       12       13       14
1         0.000    0.000    0.000    0.000    0.000    0.000    0.000    0.000    0.000    0.000    0.000    0.000    0.000    0.000    0.000
2         0.000    0.000    0.000    0.000    0.000    0.000    0.000    0.000    0.000    0.000    0.000    0.000    0.000    0.000    0.000
3         0.000    0.000    0.000    0.000    0.000    0.000    0.000    0.000    0.000    0.000    0.000    0.000    0.000    0.000    0.000
4         0.000    0.000    0.000    0.000    0.000    0.000    0.000    0.000    0.000    0.000    0.000    0.000    0.000    0.000    0.000
5         0.000    0.000    0.000    0.000    0.000    0.000    0.000    0.000    0.000    0.000    0.000    0.000    0.000    0.000    0.000
6         0.000    0.000    0.000    0.000    0.000    0.000    0.000    0.000    0.000    0.000    0.000    0.000    0.000    0.000    0.000
7         0.000    0.000    0.000    0.000    0.000    0.000    0.000    0.000    0.000    0.000    0.000    0.000    0.000    0.000    0.000
8         0.000    0.000    0.000    0.000    0.000    0.000    0.000    0.000    0.000    0.000    0.000    0.000    0.000    0.000    0.000
9         0.000    0.000    0.000    0.000    0.000    0.000    0.000    0.000    0.000    0.000    0.000    0.000    0.000    0.000    0.000
10        0.000    0.000    0.000    0.000    0.000    0.000    0.000    0.000    0.000    0.000    0.000    0.000    0.000    0.000    0.000
11        0.000    0.000    0.000    0.000    0.000    0.000    0.000    0.000    0.000    0.000    0.000    0.000    0.000    0.000    0.000
12        0.000    0.000    0.000    0.000    0.000    0.000    0.000    0.000    0.000    0.000    0.000    0.000    0.000    0.000    0.000
13        0.000    0.000    0.000    0.000    0.000    0.000    0.000    0.000    0.000    0.000    0.000    0.000    0.000    0.000    0.000
14        0.000    0.000    0.000    0.000    0.000    0.000    0.000    0.000    0.000    0.000    0.000    0.000    0.000    0.000    0.000
15        0.000    0.000    0.000    0.000    0.000    0.000    0.000    0.000    0.000    0.000    0.000    0.000    0.000    0.000    0.000
16        0.000    0.000    0.000    0.000    0.000    0.000    0.000    0.000    0.000    0.000    0.000    0.000    0.000    0.000    0.000
17        0.000    0.000    0.000    0.000    0.000    0.000    0.000    0.000    0.000    0.000    0.000    0.000    0.000    0.000    0.000
18        0.000    0.000    0.000    0.000    0.000    0.000    0.000    0.000    0.000    0.000    0.000    0.000    0.000    0.000    0.000
19        0.000    0.000    0.000    0.000    0.000    0.000    0.000    0.000    0.000    0.000    0.000    0.000    0.000    0.000    0.000
20        0.000    0.000    0.000    0.000    0.000    0.000    0.000    0.000    0.000    0.000    0.000    0.000    0.000    0.000    0.000
21        0.000    0.000    0.000    0.000    0.000    0.000    0.000    0.000    0.000    0.000    0.000    0.000    0.000    0.000    0.000
22        0.000    0.000    0.000    0.000    0.000    0.000    0.000    0.000    0.000    0.000    0.000    0.000    0.000    0.000    0.000
23        0.000    0.000    0.000    0.000    0.000    0.000    0.000    0.000    0.000    0.000    0.000    0.000    0.000    0.000    0.000
24        0.000    0.000    0.000    0.000    0.000    0.000    0.000    0.000    0.000    0.000    0.000    0.000    0.000    0.000    0.000
25        0.000    0.000    0.000    0.000    0.000    0.000    0.000    0.000    0.000    0.000    0.000    0.000    0.000    0.000    0.000
26        0.000    0.000    0.000    0.000    0.000    0.000    0.000    0.000    0.000    0.000    0.000    0.000    0.000    0.000    0.000
27        0.000    0.000    0.000    0.000    0.000    0.000    0.000    0.000    0.000    0.000    0.000    0.000    0.000    0.000    0.000
28        0.000    0.000    0.000    0.000    0.000    0.000    0.000    0.000    0.000    0.000    0.000    0.000    0.000    0.000    0.000
29        0.000    0.000    0.000    0.000    0.000    0.000    0.000    0.000    0.000    0.000    0.000    0.000    0.000    0.000    0.000
30        0.000    0.000    1.000    0.000    0.000    0.000    0.000    0.000    0.000    0.000    0.000    0.000    0.000    0.000    0.000
31        0.000    0.000    3.000    0.000    0.000    0.000    0.000    0.000    0.000    0.000    0.000    0.000    0.000    0.000    0.000
32        0.000    0.000    1.000    0.000    0.000    0.000    0.000    0.000    0.000    0.000    0.000    0.000    0.000    0.000    0.000
33        0.000    0.000    2.000    0.000    0.000    0.000    0.000    0.000    0.000    0.000    0.000    0.000    0.000    0.000    0.000
34        0.000    0.000    3.998    0.002    0.000    0.000    0.000    0.000    0.000    0.000    0.000    0.000    0.000    0.000    0.000
35        0.000    0.000    4.979    0.020    0.001    0.000    0.000    0.000    0.000    0.000    0.000    0.000    0.000    0.000    0.000
36        0.000    0.000    3.891    0.105    0.005    0.000    0.000    0.000    0.000    0.000    0.000    0.000    0.000    0.000    0.000
37        0.000    0.000    3.382    0.595    0.023    0.000    0.000    0.000    0.000    0.000    0.000    0.000    0.000    0.000    0.000
38        0.000    0.000    1.399    1.542    0.057    0.001    0.000    0.000    0.000    0.000    0.000    0.000    0.000    0.000    0.000
39        0.000    0.000    1.013    6.699    0.282    0.006    0.000    0.000    0.000    0.000    0.000    0.000    0.000    0.000    0.000
40        0.000    0.000    0.291   11.080    0.608    0.020    0.000    0.000    0.000    0.000    0.000    0.000    0.000    0.000    0.000
41        0.000    0.000    0.092   19.244    1.587    0.075    0.002    0.000    0.000    0.000    0.000    0.000    0.000    0.000    0.000
42        0.000    0.000    0.022   24.263    3.468    0.238    0.008    0.001    0.000    0.000    0.000    0.000    0.000    0.000    0.000
43        0.000    0.000    0.006   33.447    9.556    0.951    0.036    0.004    0.000    0.000    0.000    0.000    0.000    0.000    0.000
44        0.000    0.000    0.001   35.839   23.602    3.399    0.146    0.012    0.000    0.000    0.001    0.000    0.000    0.000    0.000
45        0.000    0.000    0.000   24.576   43.020    8.947    0.422    0.032    0.001    0.000    0.003    0.000    0.000    0.000    0.000
46        0.000    0.000    0.000   15.256   81.856   24.535    1.245    0.092    0.002    0.000    0.014    0.000    0.000    0.000    0.000
47        0.000    0.000    0.000    4.682   88.790   38.277    2.049    0.156    0.005    0.000    0.041    0.000    0.000    0.000    0.000
48        0.000    0.000    0.000    1.092   84.420   52.237    2.892    0.243    0.012    0.000    0.104    0.000    0.000    0.000    0.000
49        0.000    0.000    0.000    0.294  106.812   94.674    5.310    0.525    0.035    0.000    0.350    0.000    0.000    0.000    0.000
50        0.000    0.000    0.000    0.039   77.664   98.406    5.480    0.681    0.062    0.000    0.668    0.000    0.000    0.000    0.000
51        0.000    0.000    0.000    0.005   60.754  109.822    5.951    0.989    0.124    0.000    1.355    0.000    0.000    0.000    0.000
52        0.000    0.000    0.000    0.000   41.307  106.309    5.492    1.303    0.224    0.000    2.363    0.000    0.000    0.000    0.000
53        0.000    0.000    0.000    0.000   26.567   97.148    4.690    1.695    0.402    9.644    3.855    0.000    0.000    0.000    0.000
54        0.000    0.000    0.000    0.000   17.106   88.695    3.920    2.302    0.751    0.000    6.226    0.000    0.000    0.000    0.000
55        0.000    0.000    0.000    0.000    9.570   70.216    2.784    2.834    1.273    0.000    8.641    0.000    0.000   12.682    0.000
56        0.000    0.000    0.000    0.000    5.386   55.809    1.946    3.661    2.265    0.000   11.933    0.000    0.000    0.000    0.000
57        0.000    0.000    0.000    0.000    3.356   49.011    1.472    5.462    4.654    0.000   18.044    0.000    0.000    0.000    0.000
58        0.000    0.000    0.000    0.000    1.575   32.358    0.821    6.404    7.515    0.000   20.327    0.000    0.000    0.000    0.000
59        0.000    0.000    0.000    0.000    0.586   16.888    0.354    6.205   10.027    0.000   17.940    0.000    0.000    0.000    0.000
60        0.000    0.000    0.000    0.000    0.189    7.615    0.130    5.429   12.083    0.000   13.556    0.000    0.000    0.000    0.000
61        0.000    0.000    0.000    0.000    0.047    2.635    0.036    3.811   11.681    0.000    7.791    0.000    0.000    0.000    0.000
62        0.000    0.000    0.000    0.000    0.014    1.142    0.012    3.501   14.776    0.000    5.555    0.000    0.000    0.000    0.000
63        0.000    0.000    0.000    0.000    0.003    0.308    0.002    2.091   12.154    0.000    2.442    0.000    0.000    0.000    0.000
64        0.000    0.000    0.000    0.000    0.000    0.071    0.000    1.113    8.909    0.000    0.907    0.000    0.000    0.000    0.000
65        0.000    0.000    0.000    0.000    0.000    0.021    0.000    0.794    8.757    0.000    0.428    0.000    0.000    0.000    0.000
66        0.000    0.000    0.000    0.000    0.000    0.006    0.000    0.545    8.266    0.000    0.184    0.000    0.000    0.000    0.000
67        0.000    0.000    0.000    0.000    0.000    0.000    0.000    0.008    0.162    0.000    0.002    6.828    0.000    0.000    0.000
68        0.000    0.000    0.000    0.000    0.000    0.000    0.000    0.201    5.776    0.000    0.023    0.000    0.000    0.000    0.000
69        0.000    0.000    0.000    0.000    0.000    0.000    0.000    0.025    0.974    0.000    0.001    0.000    0.000    0.000    0.000
70        0.000    0.000    0.000    0.000    0.000    0.000    0.000    0.000    0.000    0.000    0.000    0.000    0.000    0.000    0.000
71        0.000    0.000    0.000    0.000    0.000    0.000    0.000    0.013    0.987    0.000    0.000    0.000    0.000    0.000    0.000
72        0.000    0.000    0.000    0.000    0.000    0.000    0.000    0.000    0.000    0.000    0.000    0.000    0.000    0.000    0.000
73        0.000    0.000    0.000    0.000    0.000    0.000    0.000    0.000    0.000    0.000    0.000    0.000    0.000    0.000    0.000
74        0.000    0.000    0.000    0.000    0.000    0.000    0.000    0.005    0.995    0.000    0.000    0.000    0.000    0.000    0.000
75        0.000    0.000    0.000    0.000    0.000    0.000    0.000    0.000    0.000    0.000    0.000    0.000    0.000    0.000    0.000
76        0.000    0.000    0.000    0.000    0.000    0.000    0.000    0.000    0.000    0.000    0.000    0.000    0.000    0.000    0.000
77        0.000    0.000    0.000    0.000    0.000    0.000    0.000    0.002    0.998    0.000    0.000    0.000    0.000    0.000    0.000
78        0.000    0.000    0.000    0.000    0.000    0.000    0.000    0.000    0.000    0.000    0.000    0.000    0.000    0.000    0.000
79        0.000    0.000    0.000    0.000    0.000    0.000    0.000    0.000    0.000    0.000    0.000    0.000    0.000    0.000    0.000
80        0.000    0.000    0.000    0.000    0.000    0.000    0.000    0.000    0.000    0.000    0.000    0.000    0.000    0.000    0.000
81        0.000    0.000    0.000    0.000    0.000    0.000    0.000    0.000    0.000    0.000    0.000    0.000    0.000    0.000    0.000
82        0.000    0.000    0.000    0.000    0.000    0.000    0.000    0.000    0.000    0.000    0.000    0.000    0.000    0.000    0.000
83        0.000    0.000    0.000    0.000    0.000    0.000    0.000    0.000    0.000    0.000    0.000    0.000    0.000    0.000    0.000
84        0.000    0.000    0.000    0.000    0.000    0.000    0.000    0.000    0.000    0.000    0.000    0.000    0.000    0.000    0.000
85        0.000    0.000    0.000    0.000    0.000    0.000    0.000    0.000    0.000    0.000    0.000    0.000    0.000    0.000    0.000
86        0.000    0.000    0.000    0.000    0.000    0.000    0.000    0.000    0.000    0.000    0.000    0.000    0.000    0.000    0.000
87        0.000    0.000    0.000    0.000    0.000    0.000    0.000    0.000    0.000    0.000    0.000    0.000    0.000    0.000    0.000
88        0.000    0.000    0.000    0.000    0.000    0.000    0.000    0.000    0.000    0.000    0.000    0.000    0.000    0.000    0.000
89        0.000    0.000    0.000    0.000    0.000    0.000    0.000    0.000    0.000    0.000    0.000    0.000    0.000    0.000    0.000
90        0.000    0.000    0.000    0.000    0.000    0.000    0.000    0.000    0.000    0.000    0.000    0.000    0.000    0.000    0.000
91        0.000    0.000    0.000    0.000    0.000    0.000    0.000    0.000    0.000    0.000    0.000    0.000    0.000    0.000    0.000
92        0.000    0.000    0.000    0.000    0.000    0.000    0.000    0.000    0.000    0.000    0.000    0.000    0.000    0.000    0.000
93        0.000    0.000    0.000    0.000    0.000    0.000    0.000    0.000    0.000    0.000    0.000    0.000    0.000    0.000    0.000
94        0.000    0.000    0.000    0.000    0.000    0.000    0.000    0.000    0.000    0.000    0.000    0.000    0.000    0.000    0.000
95        0.000    0.000    0.000    0.000    0.000    0.000    0.000    0.000    0.000    0.000    0.000    0.000    0.000    0.000    0.000
96        0.000    0.000    0.000    0.000    0.000    0.000    0.000    0.000    0.000    0.000    0.000    0.000    0.000    0.000    0.000
97        0.000    0.000    0.000    0.000    0.000    0.000    0.000    0.000    0.000    0.000    0.000    0.000    0.000    0.000    0.000
98        0.000    0.000    0.000    0.000    0.000    0.000    0.000    0.000    0.000    0.000    0.000    0.000    0.000    0.000    0.000
99        0.000    0.000    0.000    0.000    0.000    0.000    0.000    0.000    0.000    0.000    0.000    0.000    0.000    0.000    0.000
100       0.000    0.000    0.000    0.000    0.000    0.000    0.000    0.000    0.000    0.000    0.000    0.000    0.000    0.000    0.000
101       0.000    0.000    0.000    0.000    0.000    0.000    0.000    0.000    0.000    0.000    0.000    0.000    0.000    0.000    0.000
102       0.000    0.000    0.000    0.000    0.000    0.000    0.000    0.000    0.000    0.000    0.000    0.000    0.000    0.000    0.000
103       0.000    0.000    0.000    0.000    0.000    0.000    0.000    0.000    0.000    0.000    0.000    0.000    0.000    0.000    0.000
104       0.000    0.000    0.000    0.000    0.000    0.000    0.000    0.000    0.000    0.000    0.000    0.000    0.000    0.000    0.000
105       0.000    0.000    0.000    0.000    0.000    0.000    0.000    0.000    0.000    0.000    0.000    0.000    0.000    0.000    0.000
106       0.000    0.000    0.000    0.000    0.000    0.000    0.000    0.000    0.000    0.000    0.000    0.000    0.000    0.000    0.000
107       0.000    0.000    0.000    0.000    0.000    0.000    0.000    0.000    0.000    0.000    0.000    0.000    0.000    0.000    0.000
108       0.000    0.000    0.000    0.000    0.000    0.000    0.000    0.000    0.000    0.000    0.000    0.000    0.000    0.000    0.000
109       0.000    0.000    0.000    0.000    0.000    0.000    0.000    0.000    0.000    0.000    0.000    0.000    0.000    0.000    0.000
110       0.000    0.000    0.000    0.000    0.000    0.000    0.000    0.000    0.000    0.000    0.000    0.000    0.000    0.000    0.000
111       0.000    0.000    0.000    0.000    0.000    0.000    0.000    0.000    0.000    0.000    0.000    0.000    0.000    0.000    0.000
112       0.000    0.000    0.000    0.000    0.000    0.000    0.000    0.000    0.000    0.000    0.000    0.000    0.000    0.000    0.000
113       0.000    0.000    0.000    0.000    0.000    0.000    0.000    0.000    0.000    0.000    0.000    0.000    0.000    0.000    0.000
114       0.000    0.000    0.000    0.000    0.000    0.000    0.000    0.000    0.000    0.000    0.000    0.000    0.000    0.000    0.000
115       0.000    0.000    0.000    0.000    0.000    0.000    0.000    0.000    0.000    0.000    0.000    0.000    0.000    0.000    0.000
116       0.000    0.000    0.000    0.000    0.000    0.000    0.000    0.000    0.000    0.000    0.000    0.000    0.000    0.000    0.000
117       0.000    0.000    0.000    0.000    0.000    0.000    0.000    0.000    0.000    0.000    0.000    0.000    0.000    0.000    0.000
118       0.000    0.000    0.000    0.000    0.000    0.000    0.000    0.000    0.000    0.000    0.000    0.000    0.000    0.000    0.000
119       0.000    0.000    0.000    0.000    0.000    0.000    0.000    0.000    0.000    0.000    0.000    0.000    0.000    0.000    0.000
120       0.000    0.000    0.000    0.000    0.000    0.000    0.000    0.000    0.000    0.000    0.000    0.000    0.000    0.000    0.000
121       0.000    0.000    0.000    0.000    0.000    0.000    0.000    0.000    0.000    0.000    0.000    0.000    0.000    0.000    0.000
122       0.000    0.000    0.000    0.000    0.000    0.000    0.000    0.000    0.000    0.000    0.000    0.000    0.000    0.000    0.000
123       0.000    0.000    0.000    0.000    0.000    0.000    0.000    0.000    0.000    0.000    0.000    0.000    0.000    0.000    0.000
124       0.000    0.000    0.000    0.000    0.000    0.000    0.000    0.000    0.000    0.000    0.000    0.000    0.000    0.000    0.000
125       0.000    0.000    0.000    0.000    0.000    0.000    0.000    0.000    0.000    0.000    0.000    0.000    0.000    0.000    0.000
126       0.000    0.000    0.000    0.000    0.000    0.000    0.000    0.000    0.000    0.000    0.000    0.000    0.000    0.000    0.000
127       0.000    0.000    0.000    0.000    0.000    0.000    0.000    0.000    0.000    0.000    0.000    0.000    0.000    0.000    0.000
128       0.000    0.000    0.000    0.000    0.000    0.000    0.000    0.000    0.000    0.000    0.000    0.000    0.000    0.000    0.000
129       0.000    0.000    0.000    0.000    0.000    0.000    0.000    0.000    0.000    0.000    0.000    0.000    0.000    0.000    0.000
130       0.000    0.000    0.000    0.000    0.000    0.000    0.000    0.000    0.000    0.000    0.000    0.000    0.000    0.000    0.000
131       0.000    0.000    0.000    0.000    0.000    0.000    0.000    0.000    0.000    0.000    0.000    0.000    0.000    0.000    0.000
132       0.000    0.000    0.000    0.000    0.000    0.000    0.000    0.000    0.000    0.000    0.000    0.000    0.000    0.000    0.000
133       0.000    0.000    0.000    0.000    0.000    0.000    0.000    0.000    0.000    0.000    0.000    0.000    0.000    0.000    0.000
134       0.000    0.000    0.000    0.000    0.000    0.000    0.000    0.000    0.000    0.000    0.000    0.000    0.000    0.000    0.000
135       0.000    0.000    0.000    0.000    0.000    0.000    0.000    0.000    0.000    0.000    0.000    0.000    0.000    0.000    0.000
136       0.000    0.000    0.000    0.000    0.000    0.000    0.000    0.000    0.000    0.000    0.000    0.000    0.000    0.000    0.000
137       0.000    0.000    0.000    0.000    0.000    0.000    0.000    0.000    0.000    0.000    0.000    0.000    0.000    0.000    0.000
138       0.000    0.000    0.000    0.000    0.000    0.000    0.000    0.000    0.000    0.000    0.000    0.000    0.000    0.000    0.000
139       0.000    0.000    0.000    0.000    0.000    0.000    0.000    0.000    0.000    0.000    0.000    0.000    0.000    0.000    0.000
140       0.000    0.000    0.000    0.000    0.000    0.000    0.000    0.000    0.000    0.000    0.000    0.000    0.000    0.000    0.000
141       0.000    0.000    0.000    0.000    0.000    0.000    0.000    0.000    0.000    0.000    0.000    0.000    0.000    0.000    0.000
142       0.000    0.000    0.000    0.000    0.000    0.000    0.000    0.000    0.000    0.000    0.000    0.000    0.000    0.000    0.000
143       0.000    0.000    0.000    0.000    0.000    0.000    0.000    0.000    0.000    0.000    0.000    0.000    0.000    0.000    0.000
144       0.000    0.000    0.000    0.000    0.000    0.000    0.000    0.000    0.000    0.000    0.000    0.000    0.000    0.000    0.000
145       0.000    0.000    0.000    0.000    0.000    0.000    0.000    0.000    0.000    0.000    0.000    0.000    0.000    0.000    0.000
146       0.000    0.000    0.000    0.000    0.000    0.000    0.000    0.000    0.000    0.000    0.000    0.000    0.000    0.000    0.000
147       0.000    0.000    0.000    0.000    0.000    0.000    0.000    0.000    0.000    0.000    0.000    0.000    0.000    0.000    0.000
148       0.000    0.000    0.000    0.000    0.000    0.000    0.000    0.000    0.000    0.000    0.000    0.000    0.000    0.000    0.000
149       0.000    0.000    0.000    0.000    0.000    0.000    0.000    0.000    0.000    0.000    0.000    0.000    0.000    0.000    0.000
150       0.000    0.000    0.000    0.000    0.000    0.000    0.000    0.000    0.000    0.000    0.000    0.000    0.000    0.000    0.000
Sum       0.000    0.000   26.073  178.781  688.211  959.817   45.201   50.138  113.869    9.644  122.756    6.828    0.000   12.682    0.000
mW        0.000    0.000    0.412    0.754    1.063    1.294    1.249    1.752    2.117    1.341    1.717    2.599    0.000    1.489    0.000
mL        0.000    0.000   35.167   43.145   48.643   52.134   51.194   58.425   61.824   53.000   57.752   67.000    0.000   55.000    0.000
pA        0.000    0.000    0.012    0.081    0.311    0.434    0.020    0.023    0.051    0.004    0.055    0.003    0.000    0.006    0.000
tot.mW 1248.513 1248.513 1248.513 1248.513 1248.513 1248.513 1248.513 1248.513 1248.513 1248.513 1248.513 1248.513 1248.513 1248.513 1248.513
tot.mL   51.127   51.127   51.127   51.127   51.127   51.127   51.127   51.127   51.127   51.127   51.127   51.127   51.127   51.127   51.127
             15    Matad      Sum
1         0.000    0.000    0.000
2         0.000    0.000    0.000
3         0.000    0.000    0.000
4         0.000    0.000    0.000
5         0.000    0.000    0.000
6         0.000    0.000    0.000
7         0.000    0.000    0.000
8         0.000    0.000    0.000
9         0.000    0.000    0.000
10        0.000    0.000    0.000
11        0.000    0.000    0.000
12        0.000    0.000    0.000
13        0.000    0.000    0.000
14        0.000    0.000    0.000
15        0.000    0.000    0.000
16        0.000    0.000    0.000
17        0.000    0.000    0.000
18        0.000    0.000    0.000
19        0.000    0.000    0.000
20        0.000    0.000    0.000
21        0.000    0.000    0.000
22        0.000    0.000    0.000
23        0.000    0.000    0.000
24        0.000    0.000    0.000
25        0.000    0.000    0.000
26        0.000    0.000    0.000
27        0.000    0.000    0.000
28        0.000    0.000    0.000
29        0.000    0.000    0.000
30        0.000    1.000    1.000
31        0.000    3.000    3.000
32        0.000    1.000    1.000
33        0.000    2.000    2.000
34        0.000    4.000    4.000
35        0.000    5.000    5.000
36        0.000    4.000    4.000
37        0.000    4.000    4.000
38        0.000    3.000    3.000
39        0.000    8.000    8.000
40        0.000   12.000   12.000
41        0.000   21.000   21.000
42        0.000   28.000   28.000
43        0.000   44.000   44.000
44        0.000   63.000   63.000
45        0.000   77.000   77.000
46        0.000  123.000  123.000
47        0.000  134.000  134.000
48        0.000  141.000  141.000
49        0.000  208.000  208.000
50        0.000  183.000  183.000
51        0.000  179.000  179.000
52        0.000  157.000  157.000
53        0.000  144.000  144.000
54        0.000  119.000  119.000
55        0.000  108.000  108.000
56        0.000   81.000   81.000
57        0.000   82.000   82.000
58        0.000   69.000   69.000
59        0.000   52.000   52.000
60        0.000   39.000   39.000
61        0.000   26.000   26.000
62        0.000   25.000   25.000
63        0.000   17.000   17.000
64        0.000   11.000   11.000
65        0.000   10.000   10.000
66        0.000    9.000    9.000
67        0.000    7.000    7.000
68        0.000    6.000    6.000
69        0.000    1.000    1.000
70        0.000    0.000    0.000
71        0.000    1.000    1.000
72        0.000    0.000    0.000
73        0.000    0.000    0.000
74        0.000    1.000    1.000
75        0.000    0.000    0.000
76        0.000    0.000    0.000
77        0.000    1.000    1.000
78        0.000    0.000    0.000
79        0.000    0.000    0.000
80        0.000    0.000    0.000
81        0.000    0.000    0.000
82        0.000    0.000    0.000
83        0.000    0.000    0.000
84        0.000    0.000    0.000
85        0.000    0.000    0.000
86        0.000    0.000    0.000
87        0.000    0.000    0.000
88        0.000    0.000    0.000
89        0.000    0.000    0.000
90        0.000    0.000    0.000
91        0.000    0.000    0.000
92        0.000    0.000    0.000
93        0.000    0.000    0.000
94        0.000    0.000    0.000
95        0.000    0.000    0.000
96        0.000    0.000    0.000
97        0.000    0.000    0.000
98        0.000    0.000    0.000
99        0.000    0.000    0.000
100       0.000    0.000    0.000
101       0.000    0.000    0.000
102       0.000    0.000    0.000
103       0.000    0.000    0.000
104       0.000    0.000    0.000
105       0.000    0.000    0.000
106       0.000    0.000    0.000
107       0.000    0.000    0.000
108       0.000    0.000    0.000
109       0.000    0.000    0.000
110       0.000    0.000    0.000
111       0.000    0.000    0.000
112       0.000    0.000    0.000
113       0.000    0.000    0.000
114       0.000    0.000    0.000
115       0.000    0.000    0.000
116       0.000    0.000    0.000
117       0.000    0.000    0.000
118       0.000    0.000    0.000
119       0.000    0.000    0.000
120       0.000    0.000    0.000
121       0.000    0.000    0.000
122       0.000    0.000    0.000
123       0.000    0.000    0.000
124       0.000    0.000    0.000
125       0.000    0.000    0.000
126       0.000    0.000    0.000
127       0.000    0.000    0.000
128       0.000    0.000    0.000
129       0.000    0.000    0.000
130       0.000    0.000    0.000
131       0.000    0.000    0.000
132       0.000    0.000    0.000
133       0.000    0.000    0.000
134       0.000    0.000    0.000
135       0.000    0.000    0.000
136       0.000    0.000    0.000
137       0.000    0.000    0.000
138       0.000    0.000    0.000
139       0.000    0.000    0.000
140       0.000    0.000    0.000
141       0.000    0.000    0.000
142       0.000    0.000    0.000
143       0.000    0.000    0.000
144       0.000    0.000    0.000
145       0.000    0.000    0.000
146       0.000    0.000    0.000
147       0.000    0.000    0.000
148       0.000    0.000    0.000
149       0.000    0.000    0.000
150       0.000    0.000    0.000
Sum       0.000 2214.000 2214.000
mW        0.000    0.000    0.000
mL        0.000    0.000    0.000
pA        0.000    0.000    0.000
tot.mW 1248.513 1248.513 1248.513
tot.mL   51.127   51.127   51.127


 .... [TRUNCATED] 
>>>>>>>>>>>>>>>>>>>>>>>>>>>>>>>>>>>>>>>>>>>>>>>>>>>>>>>>>>>>>> 
 > Dato                :  Wed Dec  3 14:09:42 2014 
 > Slag                :  HY 
 > ?r                  :  2014 
 > Ti?arskei?          :  JAN-DEC 
 > Skipab?lk/-ar       :  20 22 
 > Skipab?lk/-ar (l?n) :  0 
 > ICES-?ki            :  VB1 
 <<<<<<<<<<<<<<<<<<<<<<<<<<<<<<<<<<<<<<<<<<<<<<<<<<<<<<<<<<<<<< 

$URSLITID
   aldur tal_matad tal_fiskad midal_longd midal_vekt roknad_veida
0      0         0          0        0.00      0.000            0
1      1         0          0        0.00      0.000            0
2      2         8        208       35.50      0.435           90
3      3       186       4843       43.43      0.770         3731
4      4       672      17461       48.49      1.052        18376
5      5       980      25451       52.34      1.308        33302
6      6        43       1124       51.61      1.248         1403
7      7        33        865       56.48      1.610         1391
8      8        66       1714       58.89      1.814         3109
9      9        10        267       53.00      1.341          358
10    10        92       2389       56.82      1.636         3910
11    11         7        182       67.00      2.599          472
12    12         0          0        0.00      0.000            0
13    13        14        351       55.00      1.489          522
14    14         0          0        0.00      0.000            0
15    15         0          0        0.00      0.000            0
17   Sum      2111      54855       50.78      1.215        66664

$URSLITID.j
   aldur tal_matad tal_fiskad midal_longd midal_vekt roknad_veida
0      0         0          0        0.00      0.000            0
1      1         0          0        0.00      0.000            0
2      2        26        629       35.17      0.412          259
3      3       179       4312       43.14      0.754         3250
4      4       688      16598       48.64      1.063        17636
5      5       960      23148       52.13      1.294        29948
6      6        45       1090       51.19      1.249         1362
7      7        50       1209       58.42      1.752         2118
8      8       114       2746       61.82      2.117         5814
9      9        10        233       53.00      1.341          312
10    10       123       2961       57.75      1.717         5084
11    11         7        165       67.00      2.599          428
12    12         0          0        0.00      0.000            0
13    13        13        306       55.00      1.489          455
14    14         0          0        0.00      0.000            0
15    15         0          0        0.00      0.000            0
17   Sum      2215      53397       51.13      1.249        66666


 .... [TRUNCATED] 
