
 .... [TRUNCATED] 
<<<<<<<<<<<<<<<<<<<<<<<<<<<<<<<<<<<<<<<<<<<<<<<<<<<<<<<<<<<<<<<<<<<<<<<< 
 > Dato                                      :  Tue Dec  9 11:28:22 2014 
 > Slag                                      :  HY 
 > Ár                                        :  2014 
 > Skipabólk/-ar                             :  20 21 
 > Byrjanar og enda mánaŵ fyri ALK/ALD       :  JAN-DEC 
 > Skipabólk/-ar, sum longdir eru lántar frá :  0 
 > Skipabólk/-ar, sum vektir eru lántar frá  :  0 
 > Skipabólk/-ar, sum aldrar eru lántar frá  :  0 
 > ICES-øki                                  :  VB1 
 <<<<<<<<<<<<<<<<<<<<<<<<<<<<<<<<<<<<<<<<<<<<<<<<<<<<<<<<<<<<<<<<<<<<<<<<
 .... [TRUNCATED] 
>>>>>>>>>>>>>>>>>>>>>>>>>>>>>>>>>>>>> 
> Alpha	 = 0.01090363
> Beta	 = 2.938192
> R^2	 = 0.9336985
> N	 = 1624
> Veida (kg.)	  = 99999
> Rundveida (kg.) = 110998.9
<<<<<<<<<<<<<<<<<<<<<<<<<<<<<<<<<<<<<
 .... [TRUNCATED] 
>>>>>>>>>>>>>> 	 ALK-lykil 	 <<<<<<<<<<<<
 .... [TRUNCATED] 
$ALK
    longd 0 1 2 3 4  5 6 7 8 9 10 11 12 13 14 15 Sum Matad
1       1 0 0 0 0 0  0 0 0 0 0  0  0  0  0  0  0   0     0
2       2 0 0 0 0 0  0 0 0 0 0  0  0  0  0  0  0   0     0
3       3 0 0 0 0 0  0 0 0 0 0  0  0  0  0  0  0   0     0
4       4 0 0 0 0 0  0 0 0 0 0  0  0  0  0  0  0   0     0
5       5 0 0 0 0 0  0 0 0 0 0  0  0  0  0  0  0   0     0
6       6 0 0 0 0 0  0 0 0 0 0  0  0  0  0  0  0   0     0
7       7 0 0 0 0 0  0 0 0 0 0  0  0  0  0  0  0   0     0
8       8 0 0 0 0 0  0 0 0 0 0  0  0  0  0  0  0   0     0
9       9 0 0 0 0 0  0 0 0 0 0  0  0  0  0  0  0   0     0
10     10 0 0 0 0 0  0 0 0 0 0  0  0  0  0  0  0   0     0
11     11 0 0 0 0 0  0 0 0 0 0  0  0  0  0  0  0   0     0
12     12 0 0 0 0 0  0 0 0 0 0  0  0  0  0  0  0   0     0
13     13 0 0 0 0 0  0 0 0 0 0  0  0  0  0  0  0   0     0
14     14 0 0 0 0 0  0 0 0 0 0  0  0  0  0  0  0   0     0
15     15 0 0 0 0 0  0 0 0 0 0  0  0  0  0  0  0   0     0
16     16 0 0 0 0 0  0 0 0 0 0  0  0  0  0  0  0   0     0
17     17 0 0 0 0 0  0 0 0 0 0  0  0  0  0  0  0   0     0
18     18 0 0 0 0 0  0 0 0 0 0  0  0  0  0  0  0   0     0
19     19 0 0 0 0 0  0 0 0 0 0  0  0  0  0  0  0   0     0
20     20 0 0 0 0 0  0 0 0 0 0  0  0  0  0  0  0   0     0
21     21 0 0 0 0 0  0 0 0 0 0  0  0  0  0  0  0   0     0
22     22 0 0 0 0 0  0 0 0 0 0  0  0  0  0  0  0   0     0
23     23 0 0 0 0 0  0 0 0 0 0  0  0  0  0  0  0   0     0
24     24 0 0 0 0 0  0 0 0 0 0  0  0  0  0  0  0   0     0
25     25 0 0 0 0 0  0 0 0 0 0  0  0  0  0  0  0   0     0
26     26 0 0 0 0 0  0 0 0 0 0  0  0  0  0  0  0   0     0
27     27 0 0 0 0 0  0 0 0 0 0  0  0  0  0  0  0   0     0
28     28 0 0 0 0 0  0 0 0 0 0  0  0  0  0  0  0   0     0
29     29 0 0 0 0 0  0 0 0 0 0  0  0  0  0  0  0   0     0
30     30 0 0 0 0 0  0 0 0 0 0  0  0  0  0  0  0   0     0
31     31 0 0 0 0 0  0 0 0 0 0  0  0  0  0  0  0   0     0
32     32 0 0 0 0 0  0 0 0 0 0  0  0  0  0  0  0   0     0
33     33 0 0 0 0 0  0 0 0 0 0  0  0  0  0  0  0   0     1
34     34 0 0 0 0 0  0 0 0 0 0  0  0  0  0  0  0   0     0
35     35 0 0 0 0 0  0 0 0 0 0  0  0  0  0  0  0   0     2
36     36 0 0 0 0 0  0 0 0 0 0  0  0  0  0  0  0   0     2
37     37 0 0 0 0 0  0 0 0 0 0  0  0  0  0  0  0   0     3
38     38 0 0 0 0 0  0 0 0 0 0  0  0  0  0  0  0   0     4
39     39 0 0 0 1 0  0 0 0 0 0  0  0  0  0  0  0   1     8
40     40 0 0 0 2 0  0 0 0 0 0  0  0  0  0  0  0   2    11
41     41 0 0 0 1 1  0 0 0 0 0  0  0  0  0  0  0   2    15
42     42 0 0 1 0 0  0 0 0 0 0  0  0  0  0  0  0   1    24
43     43 0 0 0 2 0  0 0 0 0 0  0  0  0  0  0  0   2    20
44     44 0 0 0 3 5  0 0 0 0 0  0  0  0  0  0  0   8    61
45     45 0 0 0 1 1  1 0 0 0 0  0  0  0  0  0  0   3    68
46     46 0 0 0 1 3  6 0 0 0 0  0  0  0  0  0  0  10    89
47     47 0 0 0 2 3  6 0 0 0 0  0  0  0  0  0  0  11    76
48     48 0 0 0 1 2  4 0 1 0 0  0  0  0  0  0  0   8    94
49     49 0 0 0 0 2 10 0 0 0 0  0  0  0  0  0  0  12   103
50     50 0 0 0 1 2  5 0 1 0 0  0  0  0  0  0  0   9   102
51     51 0 0 0 0 1 10 2 0 0 0  0  0  0  0  0  0  13    97
52     52 0 0 0 1 3  5 0 0 0 2  0  0  0  0  0  0  11    83
53     53 0 0 0 0 1 13 4 1 0 0  0  0  0  0  0  0  19   118
54     54 0 0 0 0 2  6 0 0 0 2  1  0  0  0  0  0  11    92
55     55 0 0 0 0 0  7 1 1 1 0  0  1  0  0  0  0  11    97
56     56 0 0 0 0 0  3 1 0 0 0  1  1  0  0  0  0   6    74
57     57 0 0 0 0 0  5 1 1 1 0  0  0  0  0  0  0   8    78
58     58 0 0 0 0 1  3 4 1 1 0  0  1  0  0  0  0  11    65
59     59 0 0 0 0 0  3 0 1 0 0  0  0  0  0  0  0   4    47
60     60 0 0 0 0 0  0 0 1 0 0  0  1  0  0  0  0   2    39
61     61 0 0 0 0 0  2 1 1 0 0  0  0  0  0  0  0   4    36
62     62 0 0 0 0 0  0 0 1 0 0  1  1  0  0  0  0   3    25
63     63 0 0 0 0 0  0 0 0 0 0  0  0  1  0  0  0   1    17
64     64 0 0 0 0 0  1 0 0 0 0  0  1  1  0  0  0   3    19
65     65 0 0 0 0 0  1 0 0 0 0  0  0  0  0  0  0   1    13
66     66 0 0 0 0 0  0 0 0 0 0  0  0  0  0  0  0   0     9
67     67 0 0 0 0 0  0 0 0 0 0  0  0  0  0  0  0   0     7
68     68 0 0 0 0 0  0 0 0 0 0  1  0  1  0  0  0   2     9
69     69 0 0 0 0 0  0 0 0 0 0  0  0  0  0  0  0   0     3
70     70 0 0 0 0 0  0 0 0 0 0  0  0  0  0  0  0   0     3
71     71 0 0 0 0 0  0 0 0 0 0  0  0  0  0  0  0   0     5
72     72 0 0 0 0 0  0 0 0 0 0  0  0  0  0  0  0   0     1
73     73 0 0 0 0 0  0 0 0 0 0  0  0  0  0  0  0   0     0
74     74 0 0 0 0 0  0 0 0 0 1  0  0  0  0  0  0   1     2
75     75 0 0 0 0 0  0 0 0 0 0  0  0  0  0  0  0   0     0
76     76 0 0 0 0 0  0 0 0 0 0  0  0  0  0  0  0   0     0
77     77 0 0 0 0 0  0 0 0 0 0  0  0  0  0  0  0   0     1
78     78 0 0 0 0 0  0 0 0 0 0  0  0  0  0  0  0   0     0
79     79 0 0 0 0 0  0 0 0 0 0  0  0  0  0  0  0   0     0
80     80 0 0 0 0 0  0 0 0 0 0  0  0  0  0  0  0   0     0
81     81 0 0 0 0 0  0 0 0 0 0  0  0  0  0  0  0   0     0
82     82 0 0 0 0 0  0 0 0 0 0  0  0  0  0  0  0   0     1
83     83 0 0 0 0 0  0 0 0 0 0  0  0  0  0  0  0   0     0
84     84 0 0 0 0 0  0 0 0 0 0  0  0  0  0  0  0   0     0
85     85 0 0 0 0 0  0 0 0 0 0  0  0  0  0  0  0   0     0
86     86 0 0 0 0 0  0 0 0 0 0  0  0  0  0  0  0   0     0
87     87 0 0 0 0 0  0 0 0 0 0  0  0  0  0  0  0   0     0
88     88 0 0 0 0 0  0 0 0 0 0  0  0  0  0  0  0   0     0
89     89 0 0 0 0 0  0 0 0 0 0  0  0  0  0  0  0   0     0
90     90 0 0 0 0 0  0 0 0 0 0  0  0  0  0  0  0   0     0
91     91 0 0 0 0 0  0 0 0 0 0  0  0  0  0  0  0   0     0
92     92 0 0 0 0 0  0 0 0 0 0  0  0  0  0  0  0   0     0
93     93 0 0 0 0 0  0 0 0 0 0  0  0  0  0  0  0   0     0
94     94 0 0 0 0 0  0 0 0 0 0  0  0  0  0  0  0   0     0
95     95 0 0 0 0 0  0 0 0 0 0  0  0  0  0  0  0   0     0
96     96 0 0 0 0 0  0 0 0 0 0  0  0  0  0  0  0   0     0
97     97 0 0 0 0 0  0 0 0 0 0  0  0  0  0  0  0   0     0
98     98 0 0 0 0 0  0 0 0 0 0  0  0  0  0  0  0   0     0
99     99 0 0 0 0 0  0 0 0 0 0  0  0  0  0  0  0   0     0
100   100 0 0 0 0 0  0 0 0 0 0  0  0  0  0  0  0   0     0
101   101 0 0 0 0 0  0 0 0 0 0  0  0  0  0  0  0   0     0
102   102 0 0 0 0 0  0 0 0 0 0  0  0  0  0  0  0   0     0
103   103 0 0 0 0 0  0 0 0 0 0  0  0  0  0  0  0   0     0
104   104 0 0 0 0 0  0 0 0 0 0  0  0  0  0  0  0   0     0
105   105 0 0 0 0 0  0 0 0 0 0  0  0  0  0  0  0   0     0
106   106 0 0 0 0 0  0 0 0 0 0  0  0  0  0  0  0   0     0
107   107 0 0 0 0 0  0 0 0 0 0  0  0  0  0  0  0   0     0
108   108 0 0 0 0 0  0 0 0 0 0  0  0  0  0  0  0   0     0
109   109 0 0 0 0 0  0 0 0 0 0  0  0  0  0  0  0   0     0
110   110 0 0 0 0 0  0 0 0 0 0  0  0  0  0  0  0   0     0
111   111 0 0 0 0 0  0 0 0 0 0  0  0  0  0  0  0   0     0
112   112 0 0 0 0 0  0 0 0 0 0  0  0  0  0  0  0   0     0
113   113 0 0 0 0 0  0 0 0 0 0  0  0  0  0  0  0   0     0
114   114 0 0 0 0 0  0 0 0 0 0  0  0  0  0  0  0   0     0
115   115 0 0 0 0 0  0 0 0 0 0  0  0  0  0  0  0   0     0
116   116 0 0 0 0 0  0 0 0 0 0  0  0  0  0  0  0   0     0
117   117 0 0 0 0 0  0 0 0 0 0  0  0  0  0  0  0   0     0
118   118 0 0 0 0 0  0 0 0 0 0  0  0  0  0  0  0   0     0
119   119 0 0 0 0 0  0 0 0 0 0  0  0  0  0  0  0   0     0
120   120 0 0 0 0 0  0 0 0 0 0  0  0  0  0  0  0   0     0
121   121 0 0 0 0 0  0 0 0 0 0  0  0  0  0  0  0   0     0
122   122 0 0 0 0 0  0 0 0 0 0  0  0  0  0  0  0   0     0
123   123 0 0 0 0 0  0 0 0 0 0  0  0  0  0  0  0   0     0
124   124 0 0 0 0 0  0 0 0 0 0  0  0  0  0  0  0   0     0
125   125 0 0 0 0 0  0 0 0 0 0  0  0  0  0  0  0   0     0
126   126 0 0 0 0 0  0 0 0 0 0  0  0  0  0  0  0   0     0
127   127 0 0 0 0 0  0 0 0 0 0  0  0  0  0  0  0   0     0
128   128 0 0 0 0 0  0 0 0 0 0  0  0  0  0  0  0   0     0
129   129 0 0 0 0 0  0 0 0 0 0  0  0  0  0  0  0   0     0
130   130 0 0 0 0 0  0 0 0 0 0  0  0  0  0  0  0   0     0
131   131 0 0 0 0 0  0 0 0 0 0  0  0  0  0  0  0   0     0
132   132 0 0 0 0 0  0 0 0 0 0  0  0  0  0  0  0   0     0
133   133 0 0 0 0 0  0 0 0 0 0  0  0  0  0  0  0   0     0
134   134 0 0 0 0 0  0 0 0 0 0  0  0  0  0  0  0   0     0
135   135 0 0 0 0 0  0 0 0 0 0  0  0  0  0  0  0   0     0
136   136 0 0 0 0 0  0 0 0 0 0  0  0  0  0  0  0   0     0
137   137 0 0 0 0 0  0 0 0 0 0  0  0  0  0  0  0   0     0
138   138 0 0 0 0 0  0 0 0 0 0  0  0  0  0  0  0   0     0
139   139 0 0 0 0 0  0 0 0 0 0  0  0  0  0  0  0   0     0
140   140 0 0 0 0 0  0 0 0 0 0  0  0  0  0  0  0   0     0
141   141 0 0 0 0 0  0 0 0 0 0  0  0  0  0  0  0   0     0
142   142 0 0 0 0 0  0 0 0 0 0  0  0  0  0  0  0   0     0
143   143 0 0 0 0 0  0 0 0 0 0  0  0  0  0  0  0   0     0
144   144 0 0 0 0 0  0 0 0 0 0  0  0  0  0  0  0   0     0
145   145 0 0 0 0 0  0 0 0 0 0  0  0  0  0  0  0   0     0
146   146 0 0 0 0 0  0 0 0 0 0  0  0  0  0  0  0   0     0
147   147 0 0 0 0 0  0 0 0 0 0  0  0  0  0  0  0   0     0
148   148 0 0 0 0 0  0 0 0 0 0  0  0  0  0  0  0   0     0
149   149 0 0 0 0 0  0 0 0 0 0  0  0  0  0  0  0   0     0
150   150 0 0 0 0 0  0 0 0 0 0  0  0  0  0  0  0   0     0

$ALK.j
    longd 0 1 2     3     4     5     6     7     8     9    10    11    12 13 14 15    Sum Matad
1       1 0 0 0 0.000 0.000 0.000 0.000 0.000 0.000 0.000 0.000 0.000 0.000  0  0  0  0.000     0
2       2 0 0 0 0.000 0.000 0.000 0.000 0.000 0.000 0.000 0.000 0.000 0.000  0  0  0  0.000     0
3       3 0 0 0 0.000 0.000 0.000 0.000 0.000 0.000 0.000 0.000 0.000 0.000  0  0  0  0.000     0
4       4 0 0 0 0.000 0.000 0.000 0.000 0.000 0.000 0.000 0.000 0.000 0.000  0  0  0  0.000     0
5       5 0 0 0 0.000 0.000 0.000 0.000 0.000 0.000 0.000 0.000 0.000 0.000  0  0  0  0.000     0
6       6 0 0 0 0.000 0.000 0.000 0.000 0.000 0.000 0.000 0.000 0.000 0.000  0  0  0  0.000     0
7       7 0 0 0 0.000 0.000 0.000 0.000 0.000 0.000 0.000 0.000 0.000 0.000  0  0  0  0.000     0
8       8 0 0 0 0.000 0.000 0.000 0.000 0.000 0.000 0.000 0.000 0.000 0.000  0  0  0  0.000     0
9       9 0 0 0 0.000 0.000 0.000 0.000 0.000 0.000 0.000 0.000 0.000 0.000  0  0  0  0.000     0
10     10 0 0 0 0.000 0.000 0.000 0.000 0.000 0.000 0.000 0.000 0.000 0.000  0  0  0  0.000     0
11     11 0 0 0 0.000 0.000 0.000 0.000 0.000 0.000 0.000 0.000 0.000 0.000  0  0  0  0.000     0
12     12 0 0 0 0.000 0.000 0.000 0.000 0.000 0.000 0.000 0.000 0.000 0.000  0  0  0  0.000     0
13     13 0 0 0 0.000 0.000 0.000 0.000 0.000 0.000 0.000 0.000 0.000 0.000  0  0  0  0.000     0
14     14 0 0 0 0.000 0.000 0.000 0.000 0.000 0.000 0.000 0.000 0.000 0.000  0  0  0  0.000     0
15     15 0 0 0 0.000 0.000 0.000 0.000 0.000 0.000 0.000 0.000 0.000 0.000  0  0  0  0.000     0
16     16 0 0 0 0.000 0.000 0.000 0.000 0.000 0.000 0.000 0.000 0.000 0.000  0  0  0  0.000     0
17     17 0 0 0 0.000 0.000 0.000 0.000 0.000 0.000 0.000 0.000 0.000 0.000  0  0  0  0.000     0
18     18 0 0 0 0.000 0.000 0.000 0.000 0.000 0.000 0.000 0.000 0.000 0.000  0  0  0  0.000     0
19     19 0 0 0 0.000 0.000 0.000 0.000 0.000 0.000 0.000 0.000 0.000 0.000  0  0  0  0.000     0
20     20 0 0 0 0.000 0.000 0.000 0.000 0.000 0.000 0.000 0.000 0.000 0.000  0  0  0  0.000     0
21     21 0 0 0 0.000 0.000 0.000 0.000 0.000 0.000 0.000 0.000 0.000 0.000  0  0  0  0.000     0
22     22 0 0 0 0.000 0.000 0.000 0.000 0.000 0.000 0.000 0.000 0.000 0.000  0  0  0  0.000     0
23     23 0 0 0 0.000 0.000 0.000 0.000 0.000 0.000 0.000 0.000 0.000 0.000  0  0  0  0.000     0
24     24 0 0 0 0.000 0.000 0.000 0.000 0.000 0.000 0.000 0.000 0.000 0.000  0  0  0  0.000     0
25     25 0 0 0 0.000 0.000 0.000 0.000 0.000 0.000 0.001 0.000 0.000 0.000  0  0  0  0.001     0
26     26 0 0 0 0.000 0.000 0.000 0.000 0.000 0.000 0.001 0.000 0.000 0.000  0  0  0  0.001     0
27     27 0 0 0 0.000 0.000 0.000 0.000 0.000 0.000 0.001 0.000 0.000 0.000  0  0  0  0.001     0
28     28 0 0 0 0.000 0.000 0.000 0.000 0.000 0.000 0.002 0.000 0.000 0.000  0  0  0  0.002     0
29     29 0 0 0 0.000 0.000 0.000 0.000 0.000 0.000 0.002 0.000 0.000 0.000  0  0  0  0.003     0
30     30 0 0 0 0.001 0.000 0.000 0.000 0.000 0.000 0.003 0.000 0.000 0.000  0  0  0  0.004     0
31     31 0 0 0 0.002 0.000 0.000 0.000 0.000 0.000 0.005 0.000 0.000 0.000  0  0  0  0.007     0
32     32 0 0 0 0.005 0.001 0.000 0.000 0.000 0.000 0.006 0.000 0.000 0.000  0  0  0  0.012     0
33     33 0 0 0 0.012 0.002 0.000 0.000 0.000 0.000 0.008 0.000 0.000 0.000  0  0  0  0.022     1
34     34 0 0 0 0.028 0.004 0.001 0.000 0.000 0.000 0.010 0.000 0.000 0.000  0  0  0  0.043     0
35     35 0 0 0 0.058 0.010 0.002 0.000 0.000 0.000 0.013 0.000 0.000 0.000  0  0  0  0.084     2
36     36 0 0 0 0.114 0.023 0.005 0.000 0.000 0.000 0.017 0.000 0.000 0.000  0  0  0  0.159     2
37     37 0 0 0 0.208 0.048 0.012 0.000 0.000 0.000 0.021 0.000 0.000 0.000  0  0  0  0.290     3
38     38 0 0 0 0.351 0.094 0.027 0.000 0.000 0.000 0.027 0.001 0.000 0.000  0  0  0  0.501     4
39     39 0 0 0 0.551 0.175 0.059 0.000 0.001 0.000 0.033 0.001 0.000 0.000  0  0  0  0.821     8
40     40 0 0 0 0.803 0.305 0.122 0.000 0.002 0.000 0.040 0.002 0.000 0.000  0  0  0  1.274    11
41     41 0 0 0 1.086 0.499 0.237 0.000 0.004 0.000 0.049 0.003 0.000 0.000  0  0  0  1.877    15
42     42 0 0 1 1.363 0.766 0.436 0.000 0.009 0.000 0.058 0.004 0.000 0.000  0  0  0  3.636    24
43     43 0 0 0 1.589 1.105 0.757 0.001 0.016 0.000 0.068 0.007 0.000 0.000  0  0  0  3.542    20
44     44 0 0 0 1.719 1.497 1.243 0.002 0.028 0.000 0.080 0.010 0.000 0.000  0  0  0  4.579    61
45     45 0 0 0 1.727 1.904 1.928 0.006 0.048 0.000 0.092 0.015 0.000 0.000  0  0  0  5.721    68
46     46 0 0 0 1.611 2.275 2.828 0.018 0.078 0.000 0.105 0.022 0.001 0.000  0  0  0  6.937    89
47     47 0 0 0 1.395 2.553 3.920 0.046 0.121 0.000 0.118 0.031 0.002 0.000  0  0  0  8.185    76
48     48 0 0 0 1.122 2.690 5.136 0.104 0.180 0.000 0.131 0.042 0.004 0.000  0  0  0  9.409    94
49     49 0 0 0 0.837 2.662 6.360 0.215 0.255 0.000 0.145 0.056 0.010 0.000  0  0  0 10.540   103
50     50 0 0 0 0.580 2.474 7.442 0.399 0.347 0.000 0.158 0.072 0.022 0.000  0  0  0 11.494   102
51     51 0 0 0 0.373 2.159 8.232 0.666 0.450 0.001 0.170 0.092 0.044 0.000  0  0  0 12.187    97
52     52 0 0 0 0.223 1.770 8.605 1.001 0.558 0.007 0.181 0.113 0.083 0.000  0  0  0 12.542    83
53     53 0 0 0 0.124 1.362 8.502 1.353 0.662 0.044 0.191 0.137 0.144 0.000  0  0  0 12.519   118
54     54 0 0 0 0.064 0.985 7.938 1.646 0.751 0.171 0.199 0.161 0.229 0.000  0  0  0 12.144    92
55     55 0 0 0 0.030 0.669 7.006 1.802 0.815 0.432 0.206 0.185 0.336 0.000  0  0  0 11.480    97
56     56 0 0 0 0.014 0.426 5.843 1.775 0.844 0.712 0.210 0.207 0.454 0.001  0  0  0 10.487    74
57     57 0 0 0 0.006 0.255 4.606 1.573 0.837 0.765 0.211 0.225 0.566 0.005  0  0  0  9.050    78
58     58 0 0 0 0.002 0.144 3.432 1.255 0.793 0.535 0.210 0.240 0.649 0.014  0  0  0  7.274    65
59     59 0 0 0 0.001 0.076 2.417 0.901 0.718 0.244 0.207 0.249 0.685 0.035  0  0  0  5.533    47
60     60 0 0 0 0.000 0.038 1.608 0.582 0.622 0.072 0.202 0.252 0.667 0.076  0  0  0  4.120    39
61     61 0 0 0 0.000 0.018 1.012 0.338 0.515 0.014 0.195 0.249 0.598 0.144  0  0  0  3.082    36
62     62 0 0 0 0.000 0.008 0.601 0.177 0.407 0.002 0.186 0.240 0.493 0.238  0  0  0  2.352    25
63     63 0 0 0 0.000 0.003 0.338 0.083 0.308 0.000 0.175 0.225 0.375 0.340  0  0  0  1.848    17
64     64 0 0 0 0.000 0.001 0.179 0.035 0.223 0.000 0.163 0.207 0.263 0.421  0  0  0  1.492    19
65     65 0 0 0 0.000 0.000 0.090 0.013 0.154 0.000 0.150 0.185 0.169 0.452  0  0  0  1.215    13
66     66 0 0 0 0.000 0.000 0.043 0.005 0.102 0.000 0.137 0.161 0.101 0.421  0  0  0  0.969     9
67     67 0 0 0 0.000 0.000 0.019 0.001 0.064 0.000 0.123 0.137 0.055 0.340  0  0  0  0.740     7
68     68 0 0 0 0.000 0.000 0.008 0.000 0.039 0.000 0.110 0.113 0.028 0.238  0  0  0  0.536     9
69     69 0 0 0 0.000 0.000 0.003 0.000 0.022 0.000 0.097 0.092 0.013 0.144  0  0  0  0.371     3
70     70 0 0 0 0.000 0.000 0.001 0.000 0.012 0.000 0.084 0.072 0.006 0.076  0  0  0  0.252     3
71     71 0 0 0 0.000 0.000 0.000 0.000 0.007 0.000 0.073 0.056 0.002 0.035  0  0  0  0.172     5
72     72 0 0 0 0.000 0.000 0.000 0.000 0.003 0.000 0.062 0.042 0.001 0.014  0  0  0  0.121     1
73     73 0 0 0 0.000 0.000 0.000 0.000 0.002 0.000 0.052 0.031 0.000 0.005  0  0  0  0.089     0
74     74 0 0 0 0.000 0.000 0.000 0.000 0.001 0.000 0.043 0.022 0.000 0.001  0  0  0  0.067     2
75     75 0 0 0 0.000 0.000 0.000 0.000 0.000 0.000 0.036 0.015 0.000 0.000  0  0  0  0.052     0
76     76 0 0 0 0.000 0.000 0.000 0.000 0.000 0.000 0.029 0.010 0.000 0.000  0  0  0  0.040     0
77     77 0 0 0 0.000 0.000 0.000 0.000 0.000 0.000 0.023 0.007 0.000 0.000  0  0  0  0.030     1
78     78 0 0 0 0.000 0.000 0.000 0.000 0.000 0.000 0.019 0.004 0.000 0.000  0  0  0  0.023     0
79     79 0 0 0 0.000 0.000 0.000 0.000 0.000 0.000 0.015 0.003 0.000 0.000  0  0  0  0.017     0
80     80 0 0 0 0.000 0.000 0.000 0.000 0.000 0.000 0.011 0.002 0.000 0.000  0  0  0  0.013     0
81     81 0 0 0 0.000 0.000 0.000 0.000 0.000 0.000 0.009 0.001 0.000 0.000  0  0  0  0.010     0
82     82 0 0 0 0.000 0.000 0.000 0.000 0.000 0.000 0.007 0.001 0.000 0.000  0  0  0  0.007     1
83     83 0 0 0 0.000 0.000 0.000 0.000 0.000 0.000 0.005 0.000 0.000 0.000  0  0  0  0.005     0
84     84 0 0 0 0.000 0.000 0.000 0.000 0.000 0.000 0.004 0.000 0.000 0.000  0  0  0  0.004     0
85     85 0 0 0 0.000 0.000 0.000 0.000 0.000 0.000 0.003 0.000 0.000 0.000  0  0  0  0.003     0
86     86 0 0 0 0.000 0.000 0.000 0.000 0.000 0.000 0.002 0.000 0.000 0.000  0  0  0  0.002     0
87     87 0 0 0 0.000 0.000 0.000 0.000 0.000 0.000 0.001 0.000 0.000 0.000  0  0  0  0.001     0
88     88 0 0 0 0.000 0.000 0.000 0.000 0.000 0.000 0.001 0.000 0.000 0.000  0  0  0  0.001     0
89     89 0 0 0 0.000 0.000 0.000 0.000 0.000 0.000 0.001 0.000 0.000 0.000  0  0  0  0.001     0
90     90 0 0 0 0.000 0.000 0.000 0.000 0.000 0.000 0.001 0.000 0.000 0.000  0  0  0  0.001     0
91     91 0 0 0 0.000 0.000 0.000 0.000 0.000 0.000 0.000 0.000 0.000 0.000  0  0  0  0.000     0
92     92 0 0 0 0.000 0.000 0.000 0.000 0.000 0.000 0.000 0.000 0.000 0.000  0  0  0  0.000     0
93     93 0 0 0 0.000 0.000 0.000 0.000 0.000 0.000 0.000 0.000 0.000 0.000  0  0  0  0.000     0
94     94 0 0 0 0.000 0.000 0.000 0.000 0.000 0.000 0.000 0.000 0.000 0.000  0  0  0  0.000     0
95     95 0 0 0 0.000 0.000 0.000 0.000 0.000 0.000 0.000 0.000 0.000 0.000  0  0  0  0.000     0
96     96 0 0 0 0.000 0.000 0.000 0.000 0.000 0.000 0.000 0.000 0.000 0.000  0  0  0  0.000     0
97     97 0 0 0 0.000 0.000 0.000 0.000 0.000 0.000 0.000 0.000 0.000 0.000  0  0  0  0.000     0
98     98 0 0 0 0.000 0.000 0.000 0.000 0.000 0.000 0.000 0.000 0.000 0.000  0  0  0  0.000     0
99     99 0 0 0 0.000 0.000 0.000 0.000 0.000 0.000 0.000 0.000 0.000 0.000  0  0  0  0.000     0
100   100 0 0 0 0.000 0.000 0.000 0.000 0.000 0.000 0.000 0.000 0.000 0.000  0  0  0  0.000     0
101   101 0 0 0 0.000 0.000 0.000 0.000 0.000 0.000 0.000 0.000 0.000 0.000  0  0  0  0.000     0
102   102 0 0 0 0.000 0.000 0.000 0.000 0.000 0.000 0.000 0.000 0.000 0.000  0  0  0  0.000     0
103   103 0 0 0 0.000 0.000 0.000 0.000 0.000 0.000 0.000 0.000 0.000 0.000  0  0  0  0.000     0
104   104 0 0 0 0.000 0.000 0.000 0.000 0.000 0.000 0.000 0.000 0.000 0.000  0  0  0  0.000     0
105   105 0 0 0 0.000 0.000 0.000 0.000 0.000 0.000 0.000 0.000 0.000 0.000  0  0  0  0.000     0
106   106 0 0 0 0.000 0.000 0.000 0.000 0.000 0.000 0.000 0.000 0.000 0.000  0  0  0  0.000     0
107   107 0 0 0 0.000 0.000 0.000 0.000 0.000 0.000 0.000 0.000 0.000 0.000  0  0  0  0.000     0
108   108 0 0 0 0.000 0.000 0.000 0.000 0.000 0.000 0.000 0.000 0.000 0.000  0  0  0  0.000     0
109   109 0 0 0 0.000 0.000 0.000 0.000 0.000 0.000 0.000 0.000 0.000 0.000  0  0  0  0.000     0
110   110 0 0 0 0.000 0.000 0.000 0.000 0.000 0.000 0.000 0.000 0.000 0.000  0  0  0  0.000     0
111   111 0 0 0 0.000 0.000 0.000 0.000 0.000 0.000 0.000 0.000 0.000 0.000  0  0  0  0.000     0
112   112 0 0 0 0.000 0.000 0.000 0.000 0.000 0.000 0.000 0.000 0.000 0.000  0  0  0  0.000     0
113   113 0 0 0 0.000 0.000 0.000 0.000 0.000 0.000 0.000 0.000 0.000 0.000  0  0  0  0.000     0
114   114 0 0 0 0.000 0.000 0.000 0.000 0.000 0.000 0.000 0.000 0.000 0.000  0  0  0  0.000     0
115   115 0 0 0 0.000 0.000 0.000 0.000 0.000 0.000 0.000 0.000 0.000 0.000  0  0  0  0.000     0
116   116 0 0 0 0.000 0.000 0.000 0.000 0.000 0.000 0.000 0.000 0.000 0.000  0  0  0  0.000     0
117   117 0 0 0 0.000 0.000 0.000 0.000 0.000 0.000 0.000 0.000 0.000 0.000  0  0  0  0.000     0
118   118 0 0 0 0.000 0.000 0.000 0.000 0.000 0.000 0.000 0.000 0.000 0.000  0  0  0  0.000     0
119   119 0 0 0 0.000 0.000 0.000 0.000 0.000 0.000 0.000 0.000 0.000 0.000  0  0  0  0.000     0
120   120 0 0 0 0.000 0.000 0.000 0.000 0.000 0.000 0.000 0.000 0.000 0.000  0  0  0  0.000     0
121   121 0 0 0 0.000 0.000 0.000 0.000 0.000 0.000 0.000 0.000 0.000 0.000  0  0  0  0.000     0
122   122 0 0 0 0.000 0.000 0.000 0.000 0.000 0.000 0.000 0.000 0.000 0.000  0  0  0  0.000     0
123   123 0 0 0 0.000 0.000 0.000 0.000 0.000 0.000 0.000 0.000 0.000 0.000  0  0  0  0.000     0
124   124 0 0 0 0.000 0.000 0.000 0.000 0.000 0.000 0.000 0.000 0.000 0.000  0  0  0  0.000     0
125   125 0 0 0 0.000 0.000 0.000 0.000 0.000 0.000 0.000 0.000 0.000 0.000  0  0  0  0.000     0
126   126 0 0 0 0.000 0.000 0.000 0.000 0.000 0.000 0.000 0.000 0.000 0.000  0  0  0  0.000     0
127   127 0 0 0 0.000 0.000 0.000 0.000 0.000 0.000 0.000 0.000 0.000 0.000  0  0  0  0.000     0
128   128 0 0 0 0.000 0.000 0.000 0.000 0.000 0.000 0.000 0.000 0.000 0.000  0  0  0  0.000     0
129   129 0 0 0 0.000 0.000 0.000 0.000 0.000 0.000 0.000 0.000 0.000 0.000  0  0  0  0.000     0
130   130 0 0 0 0.000 0.000 0.000 0.000 0.000 0.000 0.000 0.000 0.000 0.000  0  0  0  0.000     0
131   131 0 0 0 0.000 0.000 0.000 0.000 0.000 0.000 0.000 0.000 0.000 0.000  0  0  0  0.000     0
132   132 0 0 0 0.000 0.000 0.000 0.000 0.000 0.000 0.000 0.000 0.000 0.000  0  0  0  0.000     0
133   133 0 0 0 0.000 0.000 0.000 0.000 0.000 0.000 0.000 0.000 0.000 0.000  0  0  0  0.000     0
134   134 0 0 0 0.000 0.000 0.000 0.000 0.000 0.000 0.000 0.000 0.000 0.000  0  0  0  0.000     0
135   135 0 0 0 0.000 0.000 0.000 0.000 0.000 0.000 0.000 0.000 0.000 0.000  0  0  0  0.000     0
136   136 0 0 0 0.000 0.000 0.000 0.000 0.000 0.000 0.000 0.000 0.000 0.000  0  0  0  0.000     0
137   137 0 0 0 0.000 0.000 0.000 0.000 0.000 0.000 0.000 0.000 0.000 0.000  0  0  0  0.000     0
138   138 0 0 0 0.000 0.000 0.000 0.000 0.000 0.000 0.000 0.000 0.000 0.000  0  0  0  0.000     0
139   139 0 0 0 0.000 0.000 0.000 0.000 0.000 0.000 0.000 0.000 0.000 0.000  0  0  0  0.000     0
140   140 0 0 0 0.000 0.000 0.000 0.000 0.000 0.000 0.000 0.000 0.000 0.000  0  0  0  0.000     0
141   141 0 0 0 0.000 0.000 0.000 0.000 0.000 0.000 0.000 0.000 0.000 0.000  0  0  0  0.000     0
142   142 0 0 0 0.000 0.000 0.000 0.000 0.000 0.000 0.000 0.000 0.000 0.000  0  0  0  0.000     0
143   143 0 0 0 0.000 0.000 0.000 0.000 0.000 0.000 0.000 0.000 0.000 0.000  0  0  0  0.000     0
144   144 0 0 0 0.000 0.000 0.000 0.000 0.000 0.000 0.000 0.000 0.000 0.000  0  0  0  0.000     0
145   145 0 0 0 0.000 0.000 0.000 0.000 0.000 0.000 0.000 0.000 0.000 0.000  0  0  0  0.000     0
146   146 0 0 0 0.000 0.000 0.000 0.000 0.000 0.000 0.000 0.000 0.000 0.000  0  0  0  0.000     0
147   147 0 0 0 0.000 0.000 0.000 0.000 0.000 0.000 0.000 0.000 0.000 0.000  0  0  0  0.000     0
148   148 0 0 0 0.000 0.000 0.000 0.000 0.000 0.000 0.000 0.000 0.000 0.000  0  0  0  0.000     0
149   149 0 0 0 0.000 0.000 0.000 0.000 0.000 0.000 0.000 0.000 0.000 0.000  0  0  0  0.000     0
150   150 0 0 0 0.000 0.000 0.000 0.000 0.000 0.000 0.000 0.000 0.000 0.000  0  0  0  0.000     0


 .... [TRUNCATED] 
>>>>>>>>>>>>>> 	 ALD-lykil 	 <<<<<<<<<<<<
 .... [TRUNCATED] 
$ALD
              0        1        2        3        4        5        6        7        8        9       10       11       12       13       14       15
1         0.000    0.000    0.000    0.000    0.000    0.000    0.000    0.000    0.000    0.000    0.000    0.000    0.000    0.000    0.000    0.000
2         0.000    0.000    0.000    0.000    0.000    0.000    0.000    0.000    0.000    0.000    0.000    0.000    0.000    0.000    0.000    0.000
3         0.000    0.000    0.000    0.000    0.000    0.000    0.000    0.000    0.000    0.000    0.000    0.000    0.000    0.000    0.000    0.000
4         0.000    0.000    0.000    0.000    0.000    0.000    0.000    0.000    0.000    0.000    0.000    0.000    0.000    0.000    0.000    0.000
5         0.000    0.000    0.000    0.000    0.000    0.000    0.000    0.000    0.000    0.000    0.000    0.000    0.000    0.000    0.000    0.000
6         0.000    0.000    0.000    0.000    0.000    0.000    0.000    0.000    0.000    0.000    0.000    0.000    0.000    0.000    0.000    0.000
7         0.000    0.000    0.000    0.000    0.000    0.000    0.000    0.000    0.000    0.000    0.000    0.000    0.000    0.000    0.000    0.000
8         0.000    0.000    0.000    0.000    0.000    0.000    0.000    0.000    0.000    0.000    0.000    0.000    0.000    0.000    0.000    0.000
9         0.000    0.000    0.000    0.000    0.000    0.000    0.000    0.000    0.000    0.000    0.000    0.000    0.000    0.000    0.000    0.000
10        0.000    0.000    0.000    0.000    0.000    0.000    0.000    0.000    0.000    0.000    0.000    0.000    0.000    0.000    0.000    0.000
11        0.000    0.000    0.000    0.000    0.000    0.000    0.000    0.000    0.000    0.000    0.000    0.000    0.000    0.000    0.000    0.000
12        0.000    0.000    0.000    0.000    0.000    0.000    0.000    0.000    0.000    0.000    0.000    0.000    0.000    0.000    0.000    0.000
13        0.000    0.000    0.000    0.000    0.000    0.000    0.000    0.000    0.000    0.000    0.000    0.000    0.000    0.000    0.000    0.000
14        0.000    0.000    0.000    0.000    0.000    0.000    0.000    0.000    0.000    0.000    0.000    0.000    0.000    0.000    0.000    0.000
15        0.000    0.000    0.000    0.000    0.000    0.000    0.000    0.000    0.000    0.000    0.000    0.000    0.000    0.000    0.000    0.000
16        0.000    0.000    0.000    0.000    0.000    0.000    0.000    0.000    0.000    0.000    0.000    0.000    0.000    0.000    0.000    0.000
17        0.000    0.000    0.000    0.000    0.000    0.000    0.000    0.000    0.000    0.000    0.000    0.000    0.000    0.000    0.000    0.000
18        0.000    0.000    0.000    0.000    0.000    0.000    0.000    0.000    0.000    0.000    0.000    0.000    0.000    0.000    0.000    0.000
19        0.000    0.000    0.000    0.000    0.000    0.000    0.000    0.000    0.000    0.000    0.000    0.000    0.000    0.000    0.000    0.000
20        0.000    0.000    0.000    0.000    0.000    0.000    0.000    0.000    0.000    0.000    0.000    0.000    0.000    0.000    0.000    0.000
21        0.000    0.000    0.000    0.000    0.000    0.000    0.000    0.000    0.000    0.000    0.000    0.000    0.000    0.000    0.000    0.000
22        0.000    0.000    0.000    0.000    0.000    0.000    0.000    0.000    0.000    0.000    0.000    0.000    0.000    0.000    0.000    0.000
23        0.000    0.000    0.000    0.000    0.000    0.000    0.000    0.000    0.000    0.000    0.000    0.000    0.000    0.000    0.000    0.000
24        0.000    0.000    0.000    0.000    0.000    0.000    0.000    0.000    0.000    0.000    0.000    0.000    0.000    0.000    0.000    0.000
25        0.000    0.000    0.000    0.000    0.000    0.000    0.000    0.000    0.000    0.000    0.000    0.000    0.000    0.000    0.000    0.000
26        0.000    0.000    0.000    0.000    0.000    0.000    0.000    0.000    0.000    0.000    0.000    0.000    0.000    0.000    0.000    0.000
27        0.000    0.000    0.000    0.000    0.000    0.000    0.000    0.000    0.000    0.000    0.000    0.000    0.000    0.000    0.000    0.000
28        0.000    0.000    0.000    0.000    0.000    0.000    0.000    0.000    0.000    0.000    0.000    0.000    0.000    0.000    0.000    0.000
29        0.000    0.000    0.000    0.000    0.000    0.000    0.000    0.000    0.000    0.000    0.000    0.000    0.000    0.000    0.000    0.000
30        0.000    0.000    0.000    0.000    0.000    0.000    0.000    0.000    0.000    0.000    0.000    0.000    0.000    0.000    0.000    0.000
31        0.000    0.000    0.000    0.000    0.000    0.000    0.000    0.000    0.000    0.000    0.000    0.000    0.000    0.000    0.000    0.000
32        0.000    0.000    0.000    0.000    0.000    0.000    0.000    0.000    0.000    0.000    0.000    0.000    0.000    0.000    0.000    0.000
33        0.000    0.000    0.000    0.000    0.000    0.000    0.000    0.000    0.000    0.000    0.000    0.000    0.000    0.000    0.000    0.000
34        0.000    0.000    0.000    0.000    0.000    0.000    0.000    0.000    0.000    0.000    0.000    0.000    0.000    0.000    0.000    0.000
35        0.000    0.000    0.000    0.000    0.000    0.000    0.000    0.000    0.000    0.000    0.000    0.000    0.000    0.000    0.000    0.000
36        0.000    0.000    0.000    0.000    0.000    0.000    0.000    0.000    0.000    0.000    0.000    0.000    0.000    0.000    0.000    0.000
37        0.000    0.000    0.000    0.000    0.000    0.000    0.000    0.000    0.000    0.000    0.000    0.000    0.000    0.000    0.000    0.000
38        0.000    0.000    0.000    0.000    0.000    0.000    0.000    0.000    0.000    0.000    0.000    0.000    0.000    0.000    0.000    0.000
39        0.000    0.000    0.000    8.000    0.000    0.000    0.000    0.000    0.000    0.000    0.000    0.000    0.000    0.000    0.000    0.000
40        0.000    0.000    0.000   11.000    0.000    0.000    0.000    0.000    0.000    0.000    0.000    0.000    0.000    0.000    0.000    0.000
41        0.000    0.000    0.000    7.500    7.500    0.000    0.000    0.000    0.000    0.000    0.000    0.000    0.000    0.000    0.000    0.000
42        0.000    0.000   24.000    0.000    0.000    0.000    0.000    0.000    0.000    0.000    0.000    0.000    0.000    0.000    0.000    0.000
43        0.000    0.000    0.000   20.000    0.000    0.000    0.000    0.000    0.000    0.000    0.000    0.000    0.000    0.000    0.000    0.000
44        0.000    0.000    0.000   22.875   38.125    0.000    0.000    0.000    0.000    0.000    0.000    0.000    0.000    0.000    0.000    0.000
45        0.000    0.000    0.000   22.667   22.667   22.667    0.000    0.000    0.000    0.000    0.000    0.000    0.000    0.000    0.000    0.000
46        0.000    0.000    0.000    8.900   26.700   53.400    0.000    0.000    0.000    0.000    0.000    0.000    0.000    0.000    0.000    0.000
47        0.000    0.000    0.000   13.818   20.727   41.455    0.000    0.000    0.000    0.000    0.000    0.000    0.000    0.000    0.000    0.000
48        0.000    0.000    0.000   11.750   23.500   47.000    0.000   11.750    0.000    0.000    0.000    0.000    0.000    0.000    0.000    0.000
49        0.000    0.000    0.000    0.000   17.167   85.833    0.000    0.000    0.000    0.000    0.000    0.000    0.000    0.000    0.000    0.000
50        0.000    0.000    0.000   11.333   22.667   56.667    0.000   11.333    0.000    0.000    0.000    0.000    0.000    0.000    0.000    0.000
51        0.000    0.000    0.000    0.000    7.462   74.615   14.923    0.000    0.000    0.000    0.000    0.000    0.000    0.000    0.000    0.000
52        0.000    0.000    0.000    7.545   22.636   37.727    0.000    0.000    0.000   15.091    0.000    0.000    0.000    0.000    0.000    0.000
53        0.000    0.000    0.000    0.000    6.211   80.737   24.842    6.211    0.000    0.000    0.000    0.000    0.000    0.000    0.000    0.000
54        0.000    0.000    0.000    0.000   16.727   50.182    0.000    0.000    0.000   16.727    8.364    0.000    0.000    0.000    0.000    0.000
55        0.000    0.000    0.000    0.000    0.000   61.727    8.818    8.818    8.818    0.000    0.000    8.818    0.000    0.000    0.000    0.000
56        0.000    0.000    0.000    0.000    0.000   37.000   12.333    0.000    0.000    0.000   12.333   12.333    0.000    0.000    0.000    0.000
57        0.000    0.000    0.000    0.000    0.000   48.750    9.750    9.750    9.750    0.000    0.000    0.000    0.000    0.000    0.000    0.000
58        0.000    0.000    0.000    0.000    5.909   17.727   23.636    5.909    5.909    0.000    0.000    5.909    0.000    0.000    0.000    0.000
59        0.000    0.000    0.000    0.000    0.000   35.250    0.000   11.750    0.000    0.000    0.000    0.000    0.000    0.000    0.000    0.000
60        0.000    0.000    0.000    0.000    0.000    0.000    0.000   19.500    0.000    0.000    0.000   19.500    0.000    0.000    0.000    0.000
61        0.000    0.000    0.000    0.000    0.000   18.000    9.000    9.000    0.000    0.000    0.000    0.000    0.000    0.000    0.000    0.000
62        0.000    0.000    0.000    0.000    0.000    0.000    0.000    8.333    0.000    0.000    8.333    8.333    0.000    0.000    0.000    0.000
63        0.000    0.000    0.000    0.000    0.000    0.000    0.000    0.000    0.000    0.000    0.000    0.000   17.000    0.000    0.000    0.000
64        0.000    0.000    0.000    0.000    0.000    6.333    0.000    0.000    0.000    0.000    0.000    6.333    6.333    0.000    0.000    0.000
65        0.000    0.000    0.000    0.000    0.000   13.000    0.000    0.000    0.000    0.000    0.000    0.000    0.000    0.000    0.000    0.000
66        0.000    0.000    0.000    0.000    0.000    0.000    0.000    0.000    0.000    0.000    0.000    0.000    0.000    0.000    0.000    0.000
67        0.000    0.000    0.000    0.000    0.000    0.000    0.000    0.000    0.000    0.000    0.000    0.000    0.000    0.000    0.000    0.000
68        0.000    0.000    0.000    0.000    0.000    0.000    0.000    0.000    0.000    0.000    4.500    0.000    4.500    0.000    0.000    0.000
69        0.000    0.000    0.000    0.000    0.000    0.000    0.000    0.000    0.000    0.000    0.000    0.000    0.000    0.000    0.000    0.000
70        0.000    0.000    0.000    0.000    0.000    0.000    0.000    0.000    0.000    0.000    0.000    0.000    0.000    0.000    0.000    0.000
71        0.000    0.000    0.000    0.000    0.000    0.000    0.000    0.000    0.000    0.000    0.000    0.000    0.000    0.000    0.000    0.000
72        0.000    0.000    0.000    0.000    0.000    0.000    0.000    0.000    0.000    0.000    0.000    0.000    0.000    0.000    0.000    0.000
73        0.000    0.000    0.000    0.000    0.000    0.000    0.000    0.000    0.000    0.000    0.000    0.000    0.000    0.000    0.000    0.000
74        0.000    0.000    0.000    0.000    0.000    0.000    0.000    0.000    0.000    2.000    0.000    0.000    0.000    0.000    0.000    0.000
75        0.000    0.000    0.000    0.000    0.000    0.000    0.000    0.000    0.000    0.000    0.000    0.000    0.000    0.000    0.000    0.000
76        0.000    0.000    0.000    0.000    0.000    0.000    0.000    0.000    0.000    0.000    0.000    0.000    0.000    0.000    0.000    0.000
77        0.000    0.000    0.000    0.000    0.000    0.000    0.000    0.000    0.000    0.000    0.000    0.000    0.000    0.000    0.000    0.000
78        0.000    0.000    0.000    0.000    0.000    0.000    0.000    0.000    0.000    0.000    0.000    0.000    0.000    0.000    0.000    0.000
79        0.000    0.000    0.000    0.000    0.000    0.000    0.000    0.000    0.000    0.000    0.000    0.000    0.000    0.000    0.000    0.000
80        0.000    0.000    0.000    0.000    0.000    0.000    0.000    0.000    0.000    0.000    0.000    0.000    0.000    0.000    0.000    0.000
81        0.000    0.000    0.000    0.000    0.000    0.000    0.000    0.000    0.000    0.000    0.000    0.000    0.000    0.000    0.000    0.000
82        0.000    0.000    0.000    0.000    0.000    0.000    0.000    0.000    0.000    0.000    0.000    0.000    0.000    0.000    0.000    0.000
83        0.000    0.000    0.000    0.000    0.000    0.000    0.000    0.000    0.000    0.000    0.000    0.000    0.000    0.000    0.000    0.000
84        0.000    0.000    0.000    0.000    0.000    0.000    0.000    0.000    0.000    0.000    0.000    0.000    0.000    0.000    0.000    0.000
85        0.000    0.000    0.000    0.000    0.000    0.000    0.000    0.000    0.000    0.000    0.000    0.000    0.000    0.000    0.000    0.000
86        0.000    0.000    0.000    0.000    0.000    0.000    0.000    0.000    0.000    0.000    0.000    0.000    0.000    0.000    0.000    0.000
87        0.000    0.000    0.000    0.000    0.000    0.000    0.000    0.000    0.000    0.000    0.000    0.000    0.000    0.000    0.000    0.000
88        0.000    0.000    0.000    0.000    0.000    0.000    0.000    0.000    0.000    0.000    0.000    0.000    0.000    0.000    0.000    0.000
89        0.000    0.000    0.000    0.000    0.000    0.000    0.000    0.000    0.000    0.000    0.000    0.000    0.000    0.000    0.000    0.000
90        0.000    0.000    0.000    0.000    0.000    0.000    0.000    0.000    0.000    0.000    0.000    0.000    0.000    0.000    0.000    0.000
91        0.000    0.000    0.000    0.000    0.000    0.000    0.000    0.000    0.000    0.000    0.000    0.000    0.000    0.000    0.000    0.000
92        0.000    0.000    0.000    0.000    0.000    0.000    0.000    0.000    0.000    0.000    0.000    0.000    0.000    0.000    0.000    0.000
93        0.000    0.000    0.000    0.000    0.000    0.000    0.000    0.000    0.000    0.000    0.000    0.000    0.000    0.000    0.000    0.000
94        0.000    0.000    0.000    0.000    0.000    0.000    0.000    0.000    0.000    0.000    0.000    0.000    0.000    0.000    0.000    0.000
95        0.000    0.000    0.000    0.000    0.000    0.000    0.000    0.000    0.000    0.000    0.000    0.000    0.000    0.000    0.000    0.000
96        0.000    0.000    0.000    0.000    0.000    0.000    0.000    0.000    0.000    0.000    0.000    0.000    0.000    0.000    0.000    0.000
97        0.000    0.000    0.000    0.000    0.000    0.000    0.000    0.000    0.000    0.000    0.000    0.000    0.000    0.000    0.000    0.000
98        0.000    0.000    0.000    0.000    0.000    0.000    0.000    0.000    0.000    0.000    0.000    0.000    0.000    0.000    0.000    0.000
99        0.000    0.000    0.000    0.000    0.000    0.000    0.000    0.000    0.000    0.000    0.000    0.000    0.000    0.000    0.000    0.000
100       0.000    0.000    0.000    0.000    0.000    0.000    0.000    0.000    0.000    0.000    0.000    0.000    0.000    0.000    0.000    0.000
101       0.000    0.000    0.000    0.000    0.000    0.000    0.000    0.000    0.000    0.000    0.000    0.000    0.000    0.000    0.000    0.000
102       0.000    0.000    0.000    0.000    0.000    0.000    0.000    0.000    0.000    0.000    0.000    0.000    0.000    0.000    0.000    0.000
103       0.000    0.000    0.000    0.000    0.000    0.000    0.000    0.000    0.000    0.000    0.000    0.000    0.000    0.000    0.000    0.000
104       0.000    0.000    0.000    0.000    0.000    0.000    0.000    0.000    0.000    0.000    0.000    0.000    0.000    0.000    0.000    0.000
105       0.000    0.000    0.000    0.000    0.000    0.000    0.000    0.000    0.000    0.000    0.000    0.000    0.000    0.000    0.000    0.000
106       0.000    0.000    0.000    0.000    0.000    0.000    0.000    0.000    0.000    0.000    0.000    0.000    0.000    0.000    0.000    0.000
107       0.000    0.000    0.000    0.000    0.000    0.000    0.000    0.000    0.000    0.000    0.000    0.000    0.000    0.000    0.000    0.000
108       0.000    0.000    0.000    0.000    0.000    0.000    0.000    0.000    0.000    0.000    0.000    0.000    0.000    0.000    0.000    0.000
109       0.000    0.000    0.000    0.000    0.000    0.000    0.000    0.000    0.000    0.000    0.000    0.000    0.000    0.000    0.000    0.000
110       0.000    0.000    0.000    0.000    0.000    0.000    0.000    0.000    0.000    0.000    0.000    0.000    0.000    0.000    0.000    0.000
111       0.000    0.000    0.000    0.000    0.000    0.000    0.000    0.000    0.000    0.000    0.000    0.000    0.000    0.000    0.000    0.000
112       0.000    0.000    0.000    0.000    0.000    0.000    0.000    0.000    0.000    0.000    0.000    0.000    0.000    0.000    0.000    0.000
113       0.000    0.000    0.000    0.000    0.000    0.000    0.000    0.000    0.000    0.000    0.000    0.000    0.000    0.000    0.000    0.000
114       0.000    0.000    0.000    0.000    0.000    0.000    0.000    0.000    0.000    0.000    0.000    0.000    0.000    0.000    0.000    0.000
115       0.000    0.000    0.000    0.000    0.000    0.000    0.000    0.000    0.000    0.000    0.000    0.000    0.000    0.000    0.000    0.000
116       0.000    0.000    0.000    0.000    0.000    0.000    0.000    0.000    0.000    0.000    0.000    0.000    0.000    0.000    0.000    0.000
117       0.000    0.000    0.000    0.000    0.000    0.000    0.000    0.000    0.000    0.000    0.000    0.000    0.000    0.000    0.000    0.000
118       0.000    0.000    0.000    0.000    0.000    0.000    0.000    0.000    0.000    0.000    0.000    0.000    0.000    0.000    0.000    0.000
119       0.000    0.000    0.000    0.000    0.000    0.000    0.000    0.000    0.000    0.000    0.000    0.000    0.000    0.000    0.000    0.000
120       0.000    0.000    0.000    0.000    0.000    0.000    0.000    0.000    0.000    0.000    0.000    0.000    0.000    0.000    0.000    0.000
121       0.000    0.000    0.000    0.000    0.000    0.000    0.000    0.000    0.000    0.000    0.000    0.000    0.000    0.000    0.000    0.000
122       0.000    0.000    0.000    0.000    0.000    0.000    0.000    0.000    0.000    0.000    0.000    0.000    0.000    0.000    0.000    0.000
123       0.000    0.000    0.000    0.000    0.000    0.000    0.000    0.000    0.000    0.000    0.000    0.000    0.000    0.000    0.000    0.000
124       0.000    0.000    0.000    0.000    0.000    0.000    0.000    0.000    0.000    0.000    0.000    0.000    0.000    0.000    0.000    0.000
125       0.000    0.000    0.000    0.000    0.000    0.000    0.000    0.000    0.000    0.000    0.000    0.000    0.000    0.000    0.000    0.000
126       0.000    0.000    0.000    0.000    0.000    0.000    0.000    0.000    0.000    0.000    0.000    0.000    0.000    0.000    0.000    0.000
127       0.000    0.000    0.000    0.000    0.000    0.000    0.000    0.000    0.000    0.000    0.000    0.000    0.000    0.000    0.000    0.000
128       0.000    0.000    0.000    0.000    0.000    0.000    0.000    0.000    0.000    0.000    0.000    0.000    0.000    0.000    0.000    0.000
129       0.000    0.000    0.000    0.000    0.000    0.000    0.000    0.000    0.000    0.000    0.000    0.000    0.000    0.000    0.000    0.000
130       0.000    0.000    0.000    0.000    0.000    0.000    0.000    0.000    0.000    0.000    0.000    0.000    0.000    0.000    0.000    0.000
131       0.000    0.000    0.000    0.000    0.000    0.000    0.000    0.000    0.000    0.000    0.000    0.000    0.000    0.000    0.000    0.000
132       0.000    0.000    0.000    0.000    0.000    0.000    0.000    0.000    0.000    0.000    0.000    0.000    0.000    0.000    0.000    0.000
133       0.000    0.000    0.000    0.000    0.000    0.000    0.000    0.000    0.000    0.000    0.000    0.000    0.000    0.000    0.000    0.000
134       0.000    0.000    0.000    0.000    0.000    0.000    0.000    0.000    0.000    0.000    0.000    0.000    0.000    0.000    0.000    0.000
135       0.000    0.000    0.000    0.000    0.000    0.000    0.000    0.000    0.000    0.000    0.000    0.000    0.000    0.000    0.000    0.000
136       0.000    0.000    0.000    0.000    0.000    0.000    0.000    0.000    0.000    0.000    0.000    0.000    0.000    0.000    0.000    0.000
137       0.000    0.000    0.000    0.000    0.000    0.000    0.000    0.000    0.000    0.000    0.000    0.000    0.000    0.000    0.000    0.000
138       0.000    0.000    0.000    0.000    0.000    0.000    0.000    0.000    0.000    0.000    0.000    0.000    0.000    0.000    0.000    0.000
139       0.000    0.000    0.000    0.000    0.000    0.000    0.000    0.000    0.000    0.000    0.000    0.000    0.000    0.000    0.000    0.000
140       0.000    0.000    0.000    0.000    0.000    0.000    0.000    0.000    0.000    0.000    0.000    0.000    0.000    0.000    0.000    0.000
141       0.000    0.000    0.000    0.000    0.000    0.000    0.000    0.000    0.000    0.000    0.000    0.000    0.000    0.000    0.000    0.000
142       0.000    0.000    0.000    0.000    0.000    0.000    0.000    0.000    0.000    0.000    0.000    0.000    0.000    0.000    0.000    0.000
143       0.000    0.000    0.000    0.000    0.000    0.000    0.000    0.000    0.000    0.000    0.000    0.000    0.000    0.000    0.000    0.000
144       0.000    0.000    0.000    0.000    0.000    0.000    0.000    0.000    0.000    0.000    0.000    0.000    0.000    0.000    0.000    0.000
145       0.000    0.000    0.000    0.000    0.000    0.000    0.000    0.000    0.000    0.000    0.000    0.000    0.000    0.000    0.000    0.000
146       0.000    0.000    0.000    0.000    0.000    0.000    0.000    0.000    0.000    0.000    0.000    0.000    0.000    0.000    0.000    0.000
147       0.000    0.000    0.000    0.000    0.000    0.000    0.000    0.000    0.000    0.000    0.000    0.000    0.000    0.000    0.000    0.000
148       0.000    0.000    0.000    0.000    0.000    0.000    0.000    0.000    0.000    0.000    0.000    0.000    0.000    0.000    0.000    0.000
149       0.000    0.000    0.000    0.000    0.000    0.000    0.000    0.000    0.000    0.000    0.000    0.000    0.000    0.000    0.000    0.000
150       0.000    0.000    0.000    0.000    0.000    0.000    0.000    0.000    0.000    0.000    0.000    0.000    0.000    0.000    0.000    0.000
Sum       0.000    0.000   24.000  145.389  237.997  788.070  103.303  102.354   24.477   33.818   33.530   61.227   27.833    0.000    0.000    0.000
mW        0.000    0.000    0.641    0.792    0.970    1.243    1.463    1.553    1.536    1.400    1.739    1.750    2.219    0.000    0.000    0.000
mL        0.000    0.000   42.000   44.843   48.030   52.250   55.495   56.423   56.500   54.303   58.500   59.000   63.963    0.000    0.000    0.000
pA        0.000    0.000    0.015    0.092    0.150    0.498    0.065    0.065    0.015    0.021    0.021    0.039    0.018    0.000    0.000    0.000
tot.mW 1241.087 1241.087 1241.087 1241.087 1241.087 1241.087 1241.087 1241.087 1241.087 1241.087 1241.087 1241.087 1241.087 1241.087 1241.087 1241.087
tot.mL   51.982   51.982   51.982   51.982   51.982   51.982   51.982   51.982   51.982   51.982   51.982   51.982   51.982   51.982   51.982   51.982
          Matad      Sum
1         0.000    0.000
2         0.000    0.000
3         0.000    0.000
4         0.000    0.000
5         0.000    0.000
6         0.000    0.000
7         0.000    0.000
8         0.000    0.000
9         0.000    0.000
10        0.000    0.000
11        0.000    0.000
12        0.000    0.000
13        0.000    0.000
14        0.000    0.000
15        0.000    0.000
16        0.000    0.000
17        0.000    0.000
18        0.000    0.000
19        0.000    0.000
20        0.000    0.000
21        0.000    0.000
22        0.000    0.000
23        0.000    0.000
24        0.000    0.000
25        0.000    0.000
26        0.000    0.000
27        0.000    0.000
28        0.000    0.000
29        0.000    0.000
30        0.000    0.000
31        0.000    0.000
32        0.000    0.000
33        1.000    0.000
34        0.000    0.000
35        2.000    0.000
36        2.000    0.000
37        3.000    0.000
38        4.000    0.000
39        8.000    8.000
40       11.000   11.000
41       15.000   15.000
42       24.000   24.000
43       20.000   20.000
44       61.000   61.000
45       68.000   68.000
46       89.000   89.000
47       76.000   76.000
48       94.000   94.000
49      103.000  103.000
50      102.000  102.000
51       97.000   97.000
52       83.000   83.000
53      118.000  118.000
54       92.000   92.000
55       97.000   97.000
56       74.000   74.000
57       78.000   78.000
58       65.000   65.000
59       47.000   47.000
60       39.000   39.000
61       36.000   36.000
62       25.000   25.000
63       17.000   17.000
64       19.000   19.000
65       13.000   13.000
66        9.000    0.000
67        7.000    0.000
68        9.000    9.000
69        3.000    0.000
70        3.000    0.000
71        5.000    0.000
72        1.000    0.000
73        0.000    0.000
74        2.000    2.000
75        0.000    0.000
76        0.000    0.000
77        1.000    0.000
78        0.000    0.000
79        0.000    0.000
80        0.000    0.000
81        0.000    0.000
82        1.000    0.000
83        0.000    0.000
84        0.000    0.000
85        0.000    0.000
86        0.000    0.000
87        0.000    0.000
88        0.000    0.000
89        0.000    0.000
90        0.000    0.000
91        0.000    0.000
92        0.000    0.000
93        0.000    0.000
94        0.000    0.000
95        0.000    0.000
96        0.000    0.000
97        0.000    0.000
98        0.000    0.000
99        0.000    0.000
100       0.000    0.000
101       0.000    0.000
102       0.000    0.000
103       0.000    0.000
104       0.000    0.000
105       0.000    0.000
106       0.000    0.000
107       0.000    0.000
108       0.000    0.000
109       0.000    0.000
110       0.000    0.000
111       0.000    0.000
112       0.000    0.000
113       0.000    0.000
114       0.000    0.000
115       0.000    0.000
116       0.000    0.000
117       0.000    0.000
118       0.000    0.000
119       0.000    0.000
120       0.000    0.000
121       0.000    0.000
122       0.000    0.000
123       0.000    0.000
124       0.000    0.000
125       0.000    0.000
126       0.000    0.000
127       0.000    0.000
128       0.000    0.000
129       0.000    0.000
130       0.000    0.000
131       0.000    0.000
132       0.000    0.000
133       0.000    0.000
134       0.000    0.000
135       0.000    0.000
136       0.000    0.000
137       0.000    0.000
138       0.000    0.000
139       0.000    0.000
140       0.000    0.000
141       0.000    0.000
142       0.000    0.000
143       0.000    0.000
144       0.000    0.000
145       0.000    0.000
146       0.000    0.000
147       0.000    0.000
148       0.000    0.000
149       0.000    0.000
150       0.000    0.000
Sum    1624.000 1582.000
mW        0.000    0.000
mL        0.000    0.000
pA        0.000    0.000
tot.mW 1241.087 1241.087
tot.mL   51.982   51.982

$ALD.j
              0        1        2        3        4        5        6        7        8        9       10       11       12       13       14       15
1         0.000    0.000    0.000    0.000    0.000    0.000    0.000    0.000    0.000    0.000    0.000    0.000    0.000    0.000    0.000    0.000
2         0.000    0.000    0.000    0.000    0.000    0.000    0.000    0.000    0.000    0.000    0.000    0.000    0.000    0.000    0.000    0.000
3         0.000    0.000    0.000    0.000    0.000    0.000    0.000    0.000    0.000    0.000    0.000    0.000    0.000    0.000    0.000    0.000
4         0.000    0.000    0.000    0.000    0.000    0.000    0.000    0.000    0.000    0.000    0.000    0.000    0.000    0.000    0.000    0.000
5         0.000    0.000    0.000    0.000    0.000    0.000    0.000    0.000    0.000    0.000    0.000    0.000    0.000    0.000    0.000    0.000
6         0.000    0.000    0.000    0.000    0.000    0.000    0.000    0.000    0.000    0.000    0.000    0.000    0.000    0.000    0.000    0.000
7         0.000    0.000    0.000    0.000    0.000    0.000    0.000    0.000    0.000    0.000    0.000    0.000    0.000    0.000    0.000    0.000
8         0.000    0.000    0.000    0.000    0.000    0.000    0.000    0.000    0.000    0.000    0.000    0.000    0.000    0.000    0.000    0.000
9         0.000    0.000    0.000    0.000    0.000    0.000    0.000    0.000    0.000    0.000    0.000    0.000    0.000    0.000    0.000    0.000
10        0.000    0.000    0.000    0.000    0.000    0.000    0.000    0.000    0.000    0.000    0.000    0.000    0.000    0.000    0.000    0.000
11        0.000    0.000    0.000    0.000    0.000    0.000    0.000    0.000    0.000    0.000    0.000    0.000    0.000    0.000    0.000    0.000
12        0.000    0.000    0.000    0.000    0.000    0.000    0.000    0.000    0.000    0.000    0.000    0.000    0.000    0.000    0.000    0.000
13        0.000    0.000    0.000    0.000    0.000    0.000    0.000    0.000    0.000    0.000    0.000    0.000    0.000    0.000    0.000    0.000
14        0.000    0.000    0.000    0.000    0.000    0.000    0.000    0.000    0.000    0.000    0.000    0.000    0.000    0.000    0.000    0.000
15        0.000    0.000    0.000    0.000    0.000    0.000    0.000    0.000    0.000    0.000    0.000    0.000    0.000    0.000    0.000    0.000
16        0.000    0.000    0.000    0.000    0.000    0.000    0.000    0.000    0.000    0.000    0.000    0.000    0.000    0.000    0.000    0.000
17        0.000    0.000    0.000    0.000    0.000    0.000    0.000    0.000    0.000    0.000    0.000    0.000    0.000    0.000    0.000    0.000
18        0.000    0.000    0.000    0.000    0.000    0.000    0.000    0.000    0.000    0.000    0.000    0.000    0.000    0.000    0.000    0.000
19        0.000    0.000    0.000    0.000    0.000    0.000    0.000    0.000    0.000    0.000    0.000    0.000    0.000    0.000    0.000    0.000
20        0.000    0.000    0.000    0.000    0.000    0.000    0.000    0.000    0.000    0.000    0.000    0.000    0.000    0.000    0.000    0.000
21        0.000    0.000    0.000    0.000    0.000    0.000    0.000    0.000    0.000    0.000    0.000    0.000    0.000    0.000    0.000    0.000
22        0.000    0.000    0.000    0.000    0.000    0.000    0.000    0.000    0.000    0.000    0.000    0.000    0.000    0.000    0.000    0.000
23        0.000    0.000    0.000    0.000    0.000    0.000    0.000    0.000    0.000    0.000    0.000    0.000    0.000    0.000    0.000    0.000
24        0.000    0.000    0.000    0.000    0.000    0.000    0.000    0.000    0.000    0.000    0.000    0.000    0.000    0.000    0.000    0.000
25        0.000    0.000    0.000    0.000    0.000    0.000    0.000    0.000    0.000    0.000    0.000    0.000    0.000    0.000    0.000    0.000
26        0.000    0.000    0.000    0.000    0.000    0.000    0.000    0.000    0.000    0.000    0.000    0.000    0.000    0.000    0.000    0.000
27        0.000    0.000    0.000    0.000    0.000    0.000    0.000    0.000    0.000    0.000    0.000    0.000    0.000    0.000    0.000    0.000
28        0.000    0.000    0.000    0.000    0.000    0.000    0.000    0.000    0.000    0.000    0.000    0.000    0.000    0.000    0.000    0.000
29        0.000    0.000    0.000    0.000    0.000    0.000    0.000    0.000    0.000    0.000    0.000    0.000    0.000    0.000    0.000    0.000
30        0.000    0.000    0.000    0.000    0.000    0.000    0.000    0.000    0.000    0.000    0.000    0.000    0.000    0.000    0.000    0.000
31        0.000    0.000    0.000    0.000    0.000    0.000    0.000    0.000    0.000    0.000    0.000    0.000    0.000    0.000    0.000    0.000
32        0.000    0.000    0.000    0.000    0.000    0.000    0.000    0.000    0.000    0.000    0.000    0.000    0.000    0.000    0.000    0.000
33        0.000    0.000    0.000    0.551    0.076    0.011    0.000    0.000    0.000    0.360    0.001    0.000    0.000    0.000    0.000    0.000
34        0.000    0.000    0.000    0.000    0.000    0.000    0.000    0.000    0.000    0.000    0.000    0.000    0.000    0.000    0.000    0.000
35        0.000    0.000    0.000    1.391    0.243    0.045    0.000    0.001    0.000    0.318    0.002    0.000    0.000    0.000    0.000    0.000
36        0.000    0.000    0.000    1.436    0.286    0.061    0.000    0.001    0.000    0.214    0.002    0.000    0.000    0.000    0.000    0.000
37        0.000    0.000    0.000    2.155    0.495    0.122    0.000    0.002    0.000    0.222    0.004    0.000    0.000    0.000    0.000    0.000
38        0.000    0.000    0.000    2.807    0.754    0.217    0.000    0.004    0.000    0.214    0.005    0.000    0.000    0.000    0.000    0.000
39        0.000    0.000    0.000    5.374    1.707    0.577    0.000    0.010    0.000    0.322    0.010    0.000    0.000    0.000    0.000    0.000
40        0.000    0.000    0.000    6.934    2.633    1.052    0.000    0.019    0.000    0.347    0.015    0.000    0.000    0.000    0.000    0.000
41        0.000    0.000    0.000    8.676    3.985    1.894    0.000    0.035    0.000    0.388    0.022    0.000    0.000    0.000    0.000    0.000
42        0.000    0.000    6.601    8.999    5.057    2.876    0.001    0.056    0.000    0.382    0.029    0.000    0.000    0.000    0.000    0.000
43        0.000    0.000    0.000    8.971    6.239    4.273    0.003    0.089    0.000    0.385    0.038    0.000    0.000    0.000    0.000    0.000
44        0.000    0.000    0.000   22.905   19.941   16.554    0.027    0.375    0.000    1.060    0.137    0.001    0.000    0.000    0.000    0.000
45        0.000    0.000    0.000   20.531   22.634   22.919    0.075    0.569    0.000    1.090    0.180    0.002    0.000    0.000    0.000    0.000
46        0.000    0.000    0.000   20.670   29.189   36.284    0.230    0.999    0.000    1.341    0.279    0.007    0.000    0.000    0.000    0.000
47        0.000    0.000    0.000   12.955   23.704   36.403    0.423    1.123    0.000    1.095    0.283    0.015    0.000    0.000    0.000    0.000
48        0.000    0.000    0.000   11.206   26.874   51.312    1.043    1.795    0.000    1.313    0.417    0.041    0.000    0.000    0.000    0.000
49        0.000    0.000    0.000    8.182   26.014   62.151    2.103    2.494    0.000    1.416    0.543    0.096    0.000    0.000    0.000    0.000
50        0.000    0.000    0.000    5.149   21.953   66.044    3.542    3.075    0.001    1.402    0.641    0.193    0.000    0.000    0.000    0.000
51        0.000    0.000    0.000    2.971   17.185   65.517    5.304    3.580    0.006    1.355    0.730    0.352    0.000    0.000    0.000    0.000
52        0.000    0.000    0.000    1.475   11.711   56.944    6.625    3.694    0.049    1.201    0.750    0.550    0.000    0.000    0.000    0.000
53        0.000    0.000    0.000    1.165   12.841   80.134   12.756    6.243    0.414    1.803    1.289    1.355    0.000    0.000    0.000    0.000
54        0.000    0.000    0.000    0.482    7.460   60.137   12.471    5.691    1.293    1.511    1.219    1.736    0.001    0.000    0.000    0.000
55        0.000    0.000    0.000    0.257    5.649   59.195   15.226    6.882    3.651    1.737    1.560    2.841    0.003    0.000    0.000    0.000
56        0.000    0.000    0.000    0.095    3.008   41.234   12.526    5.958    5.027    1.478    1.458    3.207    0.010    0.000    0.000    0.000
57        0.000    0.000    0.000    0.048    2.200   39.703   13.561    7.212    6.594    1.820    1.943    4.877    0.040    0.000    0.000    0.000
58        0.000    0.000    0.000    0.019    1.283   30.669   11.215    7.085    4.783    1.881    2.145    5.799    0.122    0.000    0.000    0.000
59        0.000    0.000    0.000    0.006    0.644   20.529    7.652    6.100    2.073    1.762    2.117    5.823    0.294    0.000    0.000    0.000
60        0.000    0.000    0.000    0.002    0.356   15.226    5.508    5.887    0.686    1.913    2.389    6.314    0.718    0.000    0.000    0.000
61        0.000    0.000    0.000    0.001    0.204   11.816    3.950    6.013    0.164    2.275    2.910    6.981    1.685    0.000    0.000    0.000
62        0.000    0.000    0.000    0.000    0.081    6.392    1.880    4.331    0.019    1.973    2.551    5.244    2.528    0.000    0.000    0.000
63        0.000    0.000    0.000    0.000    0.029    3.108    0.766    2.836    0.001    1.609    2.074    3.451    3.127    0.000    0.000    0.000
64        0.000    0.000    0.000    0.000    0.015    2.284    0.449    2.839    0.000    2.075    2.630    3.345    5.362    0.000    0.000    0.000
65        0.000    0.000    0.000    0.000    0.005    0.964    0.144    1.650    0.000    1.607    1.975    1.814    4.841    0.000    0.000    0.000
66        0.000    0.000    0.000    0.000    0.001    0.397    0.043    0.947    0.000    1.271    1.494    0.935    3.912    0.000    0.000    0.000
67        0.000    0.000    0.000    0.000    0.000    0.181    0.013    0.610    0.000    1.166    1.293    0.521    3.215    0.000    0.000    0.000
68        0.000    0.000    0.000    0.000    0.000    0.136    0.007    0.654    0.000    1.843    1.903    0.466    3.991    0.000    0.000    0.000
69        0.000    0.000    0.000    0.000    0.000    0.026    0.001    0.182    0.000    0.782    0.740    0.104    1.165    0.000    0.000    0.000
70        0.000    0.000    0.000    0.000    0.000    0.015    0.000    0.148    0.000    1.005    0.862    0.066    0.904    0.000    0.000    0.000
71        0.000    0.000    0.000    0.000    0.000    0.013    0.000    0.191    0.000    2.112    1.616    0.063    1.005    0.000    0.000    0.000
72        0.000    0.000    0.000    0.000    0.000    0.001    0.000    0.027    0.000    0.509    0.343    0.006    0.112    0.000    0.000    0.000
73        0.000    0.000    0.000    0.000    0.000    0.000    0.000    0.000    0.000    0.000    0.000    0.000    0.000    0.000    0.000    0.000
74        0.000    0.000    0.000    0.000    0.000    0.000    0.000    0.022    0.000    1.288    0.646    0.002    0.041    0.000    0.000    0.000
75        0.000    0.000    0.000    0.000    0.000    0.000    0.000    0.000    0.000    0.000    0.000    0.000    0.000    0.000    0.000    0.000
76        0.000    0.000    0.000    0.000    0.000    0.000    0.000    0.000    0.000    0.000    0.000    0.000    0.000    0.000    0.000    0.000
77        0.000    0.000    0.000    0.000    0.000    0.000    0.000    0.002    0.000    0.773    0.224    0.000    0.001    0.000    0.000    0.000
78        0.000    0.000    0.000    0.000    0.000    0.000    0.000    0.000    0.000    0.000    0.000    0.000    0.000    0.000    0.000    0.000
79        0.000    0.000    0.000    0.000    0.000    0.000    0.000    0.000    0.000    0.000    0.000    0.000    0.000    0.000    0.000    0.000
80        0.000    0.000    0.000    0.000    0.000    0.000    0.000    0.000    0.000    0.000    0.000    0.000    0.000    0.000    0.000    0.000
81        0.000    0.000    0.000    0.000    0.000    0.000    0.000    0.000    0.000    0.000    0.000    0.000    0.000    0.000    0.000    0.000
82        0.000    0.000    0.000    0.000    0.000    0.000    0.000    0.000    0.000    0.919    0.081    0.000    0.000    0.000    0.000    0.000
83        0.000    0.000    0.000    0.000    0.000    0.000    0.000    0.000    0.000    0.000    0.000    0.000    0.000    0.000    0.000    0.000
84        0.000    0.000    0.000    0.000    0.000    0.000    0.000    0.000    0.000    0.000    0.000    0.000    0.000    0.000    0.000    0.000
85        0.000    0.000    0.000    0.000    0.000    0.000    0.000    0.000    0.000    0.000    0.000    0.000    0.000    0.000    0.000    0.000
86        0.000    0.000    0.000    0.000    0.000    0.000    0.000    0.000    0.000    0.000    0.000    0.000    0.000    0.000    0.000    0.000
87        0.000    0.000    0.000    0.000    0.000    0.000    0.000    0.000    0.000    0.000    0.000    0.000    0.000    0.000    0.000    0.000
88        0.000    0.000    0.000    0.000    0.000    0.000    0.000    0.000    0.000    0.000    0.000    0.000    0.000    0.000    0.000    0.000
89        0.000    0.000    0.000    0.000    0.000    0.000    0.000    0.000    0.000    0.000    0.000    0.000    0.000    0.000    0.000    0.000
90        0.000    0.000    0.000    0.000    0.000    0.000    0.000    0.000    0.000    0.000    0.000    0.000    0.000    0.000    0.000    0.000
91        0.000    0.000    0.000    0.000    0.000    0.000    0.000    0.000    0.000    0.000    0.000    0.000    0.000    0.000    0.000    0.000
92        0.000    0.000    0.000    0.000    0.000    0.000    0.000    0.000    0.000    0.000    0.000    0.000    0.000    0.000    0.000    0.000
93        0.000    0.000    0.000    0.000    0.000    0.000    0.000    0.000    0.000    0.000    0.000    0.000    0.000    0.000    0.000    0.000
94        0.000    0.000    0.000    0.000    0.000    0.000    0.000    0.000    0.000    0.000    0.000    0.000    0.000    0.000    0.000    0.000
95        0.000    0.000    0.000    0.000    0.000    0.000    0.000    0.000    0.000    0.000    0.000    0.000    0.000    0.000    0.000    0.000
96        0.000    0.000    0.000    0.000    0.000    0.000    0.000    0.000    0.000    0.000    0.000    0.000    0.000    0.000    0.000    0.000
97        0.000    0.000    0.000    0.000    0.000    0.000    0.000    0.000    0.000    0.000    0.000    0.000    0.000    0.000    0.000    0.000
98        0.000    0.000    0.000    0.000    0.000    0.000    0.000    0.000    0.000    0.000    0.000    0.000    0.000    0.000    0.000    0.000
99        0.000    0.000    0.000    0.000    0.000    0.000    0.000    0.000    0.000    0.000    0.000    0.000    0.000    0.000    0.000    0.000
100       0.000    0.000    0.000    0.000    0.000    0.000    0.000    0.000    0.000    0.000    0.000    0.000    0.000    0.000    0.000    0.000
101       0.000    0.000    0.000    0.000    0.000    0.000    0.000    0.000    0.000    0.000    0.000    0.000    0.000    0.000    0.000    0.000
102       0.000    0.000    0.000    0.000    0.000    0.000    0.000    0.000    0.000    0.000    0.000    0.000    0.000    0.000    0.000    0.000
103       0.000    0.000    0.000    0.000    0.000    0.000    0.000    0.000    0.000    0.000    0.000    0.000    0.000    0.000    0.000    0.000
104       0.000    0.000    0.000    0.000    0.000    0.000    0.000    0.000    0.000    0.000    0.000    0.000    0.000    0.000    0.000    0.000
105       0.000    0.000    0.000    0.000    0.000    0.000    0.000    0.000    0.000    0.000    0.000    0.000    0.000    0.000    0.000    0.000
106       0.000    0.000    0.000    0.000    0.000    0.000    0.000    0.000    0.000    0.000    0.000    0.000    0.000    0.000    0.000    0.000
107       0.000    0.000    0.000    0.000    0.000    0.000    0.000    0.000    0.000    0.000    0.000    0.000    0.000    0.000    0.000    0.000
108       0.000    0.000    0.000    0.000    0.000    0.000    0.000    0.000    0.000    0.000    0.000    0.000    0.000    0.000    0.000    0.000
109       0.000    0.000    0.000    0.000    0.000    0.000    0.000    0.000    0.000    0.000    0.000    0.000    0.000    0.000    0.000    0.000
110       0.000    0.000    0.000    0.000    0.000    0.000    0.000    0.000    0.000    0.000    0.000    0.000    0.000    0.000    0.000    0.000
111       0.000    0.000    0.000    0.000    0.000    0.000    0.000    0.000    0.000    0.000    0.000    0.000    0.000    0.000    0.000    0.000
112       0.000    0.000    0.000    0.000    0.000    0.000    0.000    0.000    0.000    0.000    0.000    0.000    0.000    0.000    0.000    0.000
113       0.000    0.000    0.000    0.000    0.000    0.000    0.000    0.000    0.000    0.000    0.000    0.000    0.000    0.000    0.000    0.000
114       0.000    0.000    0.000    0.000    0.000    0.000    0.000    0.000    0.000    0.000    0.000    0.000    0.000    0.000    0.000    0.000
115       0.000    0.000    0.000    0.000    0.000    0.000    0.000    0.000    0.000    0.000    0.000    0.000    0.000    0.000    0.000    0.000
116       0.000    0.000    0.000    0.000    0.000    0.000    0.000    0.000    0.000    0.000    0.000    0.000    0.000    0.000    0.000    0.000
117       0.000    0.000    0.000    0.000    0.000    0.000    0.000    0.000    0.000    0.000    0.000    0.000    0.000    0.000    0.000    0.000
118       0.000    0.000    0.000    0.000    0.000    0.000    0.000    0.000    0.000    0.000    0.000    0.000    0.000    0.000    0.000    0.000
119       0.000    0.000    0.000    0.000    0.000    0.000    0.000    0.000    0.000    0.000    0.000    0.000    0.000    0.000    0.000    0.000
120       0.000    0.000    0.000    0.000    0.000    0.000    0.000    0.000    0.000    0.000    0.000    0.000    0.000    0.000    0.000    0.000
121       0.000    0.000    0.000    0.000    0.000    0.000    0.000    0.000    0.000    0.000    0.000    0.000    0.000    0.000    0.000    0.000
122       0.000    0.000    0.000    0.000    0.000    0.000    0.000    0.000    0.000    0.000    0.000    0.000    0.000    0.000    0.000    0.000
123       0.000    0.000    0.000    0.000    0.000    0.000    0.000    0.000    0.000    0.000    0.000    0.000    0.000    0.000    0.000    0.000
124       0.000    0.000    0.000    0.000    0.000    0.000    0.000    0.000    0.000    0.000    0.000    0.000    0.000    0.000    0.000    0.000
125       0.000    0.000    0.000    0.000    0.000    0.000    0.000    0.000    0.000    0.000    0.000    0.000    0.000    0.000    0.000    0.000
126       0.000    0.000    0.000    0.000    0.000    0.000    0.000    0.000    0.000    0.000    0.000    0.000    0.000    0.000    0.000    0.000
127       0.000    0.000    0.000    0.000    0.000    0.000    0.000    0.000    0.000    0.000    0.000    0.000    0.000    0.000    0.000    0.000
128       0.000    0.000    0.000    0.000    0.000    0.000    0.000    0.000    0.000    0.000    0.000    0.000    0.000    0.000    0.000    0.000
129       0.000    0.000    0.000    0.000    0.000    0.000    0.000    0.000    0.000    0.000    0.000    0.000    0.000    0.000    0.000    0.000
130       0.000    0.000    0.000    0.000    0.000    0.000    0.000    0.000    0.000    0.000    0.000    0.000    0.000    0.000    0.000    0.000
131       0.000    0.000    0.000    0.000    0.000    0.000    0.000    0.000    0.000    0.000    0.000    0.000    0.000    0.000    0.000    0.000
132       0.000    0.000    0.000    0.000    0.000    0.000    0.000    0.000    0.000    0.000    0.000    0.000    0.000    0.000    0.000    0.000
133       0.000    0.000    0.000    0.000    0.000    0.000    0.000    0.000    0.000    0.000    0.000    0.000    0.000    0.000    0.000    0.000
134       0.000    0.000    0.000    0.000    0.000    0.000    0.000    0.000    0.000    0.000    0.000    0.000    0.000    0.000    0.000    0.000
135       0.000    0.000    0.000    0.000    0.000    0.000    0.000    0.000    0.000    0.000    0.000    0.000    0.000    0.000    0.000    0.000
136       0.000    0.000    0.000    0.000    0.000    0.000    0.000    0.000    0.000    0.000    0.000    0.000    0.000    0.000    0.000    0.000
137       0.000    0.000    0.000    0.000    0.000    0.000    0.000    0.000    0.000    0.000    0.000    0.000    0.000    0.000    0.000    0.000
138       0.000    0.000    0.000    0.000    0.000    0.000    0.000    0.000    0.000    0.000    0.000    0.000    0.000    0.000    0.000    0.000
139       0.000    0.000    0.000    0.000    0.000    0.000    0.000    0.000    0.000    0.000    0.000    0.000    0.000    0.000    0.000    0.000
140       0.000    0.000    0.000    0.000    0.000    0.000    0.000    0.000    0.000    0.000    0.000    0.000    0.000    0.000    0.000    0.000
141       0.000    0.000    0.000    0.000    0.000    0.000    0.000    0.000    0.000    0.000    0.000    0.000    0.000    0.000    0.000    0.000
142       0.000    0.000    0.000    0.000    0.000    0.000    0.000    0.000    0.000    0.000    0.000    0.000    0.000    0.000    0.000    0.000
143       0.000    0.000    0.000    0.000    0.000    0.000    0.000    0.000    0.000    0.000    0.000    0.000    0.000    0.000    0.000    0.000
144       0.000    0.000    0.000    0.000    0.000    0.000    0.000    0.000    0.000    0.000    0.000    0.000    0.000    0.000    0.000    0.000
145       0.000    0.000    0.000    0.000    0.000    0.000    0.000    0.000    0.000    0.000    0.000    0.000    0.000    0.000    0.000    0.000
146       0.000    0.000    0.000    0.000    0.000    0.000    0.000    0.000    0.000    0.000    0.000    0.000    0.000    0.000    0.000    0.000
147       0.000    0.000    0.000    0.000    0.000    0.000    0.000    0.000    0.000    0.000    0.000    0.000    0.000    0.000    0.000    0.000
148       0.000    0.000    0.000    0.000    0.000    0.000    0.000    0.000    0.000    0.000    0.000    0.000    0.000    0.000    0.000    0.000
149       0.000    0.000    0.000    0.000    0.000    0.000    0.000    0.000    0.000    0.000    0.000    0.000    0.000    0.000    0.000    0.000
150       0.000    0.000    0.000    0.000    0.000    0.000    0.000    0.000    0.000    0.000    0.000    0.000    0.000    0.000    0.000    0.000
Sum       0.000    0.000    6.601  155.415  254.459  797.417  117.543   89.432   24.760   49.534   39.553   56.208   33.077    0.000    0.000    0.000
mW        0.000    0.000    0.641    0.781    0.970    1.230    1.467    1.576    1.555    1.806    1.965    1.807    2.344    0.000    0.000    0.000
mL        0.000    0.000   42.000   44.706   48.095   52.061   55.380   56.560   56.714   58.419   61.083   59.556   65.269    0.000    0.000    0.000
pA        0.000    0.000    0.004    0.096    0.157    0.491    0.072    0.055    0.015    0.031    0.024    0.035    0.020    0.000    0.000    0.000
tot.mW 1263.176 1263.176 1263.176 1263.176 1263.176 1263.176 1263.176 1263.176 1263.176 1263.176 1263.176 1263.176 1263.176 1263.176 1263.176 1263.176
tot.mL   52.179   52.179   52.179   52.179   52.179   52.179   52.179   52.179   52.179   52.179   52.179   52.179   52.179   52.179   52.179   52.179
          Matad      Sum
1         0.000    0.000
2         0.000    0.000
3         0.000    0.000
4         0.000    0.000
5         0.000    0.000
6         0.000    0.000
7         0.000    0.000
8         0.000    0.000
9         0.000    0.000
10        0.000    0.000
11        0.000    0.000
12        0.000    0.000
13        0.000    0.000
14        0.000    0.000
15        0.000    0.000
16        0.000    0.000
17        0.000    0.000
18        0.000    0.000
19        0.000    0.000
20        0.000    0.000
21        0.000    0.000
22        0.000    0.000
23        0.000    0.000
24        0.000    0.000
25        0.000    0.000
26        0.000    0.000
27        0.000    0.000
28        0.000    0.000
29        0.000    0.000
30        0.000    0.000
31        0.000    0.000
32        0.000    0.000
33        1.000    1.000
34        0.000    0.000
35        2.000    2.000
36        2.000    2.000
37        3.000    3.000
38        4.000    4.000
39        8.000    8.000
40       11.000   11.000
41       15.000   15.000
42       24.000   24.000
43       20.000   20.000
44       61.000   61.000
45       68.000   68.000
46       89.000   89.000
47       76.000   76.000
48       94.000   94.000
49      103.000  103.000
50      102.000  102.000
51       97.000   97.000
52       83.000   83.000
53      118.000  118.000
54       92.000   92.000
55       97.000   97.000
56       74.000   74.000
57       78.000   78.000
58       65.000   65.000
59       47.000   47.000
60       39.000   39.000
61       36.000   36.000
62       25.000   25.000
63       17.000   17.000
64       19.000   19.000
65       13.000   13.000
66        9.000    9.000
67        7.000    7.000
68        9.000    9.000
69        3.000    3.000
70        3.000    3.000
71        5.000    5.000
72        1.000    1.000
73        0.000    0.000
74        2.000    2.000
75        0.000    0.000
76        0.000    0.000
77        1.000    1.000
78        0.000    0.000
79        0.000    0.000
80        0.000    0.000
81        0.000    0.000
82        1.000    1.000
83        0.000    0.000
84        0.000    0.000
85        0.000    0.000
86        0.000    0.000
87        0.000    0.000
88        0.000    0.000
89        0.000    0.000
90        0.000    0.000
91        0.000    0.000
92        0.000    0.000
93        0.000    0.000
94        0.000    0.000
95        0.000    0.000
96        0.000    0.000
97        0.000    0.000
98        0.000    0.000
99        0.000    0.000
100       0.000    0.000
101       0.000    0.000
102       0.000    0.000
103       0.000    0.000
104       0.000    0.000
105       0.000    0.000
106       0.000    0.000
107       0.000    0.000
108       0.000    0.000
109       0.000    0.000
110       0.000    0.000
111       0.000    0.000
112       0.000    0.000
113       0.000    0.000
114       0.000    0.000
115       0.000    0.000
116       0.000    0.000
117       0.000    0.000
118       0.000    0.000
119       0.000    0.000
120       0.000    0.000
121       0.000    0.000
122       0.000    0.000
123       0.000    0.000
124       0.000    0.000
125       0.000    0.000
126       0.000    0.000
127       0.000    0.000
128       0.000    0.000
129       0.000    0.000
130       0.000    0.000
131       0.000    0.000
132       0.000    0.000
133       0.000    0.000
134       0.000    0.000
135       0.000    0.000
136       0.000    0.000
137       0.000    0.000
138       0.000    0.000
139       0.000    0.000
140       0.000    0.000
141       0.000    0.000
142       0.000    0.000
143       0.000    0.000
144       0.000    0.000
145       0.000    0.000
146       0.000    0.000
147       0.000    0.000
148       0.000    0.000
149       0.000    0.000
150       0.000    0.000
Sum    1624.000 1624.000
mW        0.000    0.000
mL        0.000    0.000
pA        0.000    0.000
tot.mW 1263.176 1263.176
tot.mL   52.179   52.179


 .... [TRUNCATED] 
>>>>>>>>>>>>>>>>>>>>>>>>>>>>>>>>>>>>>>>>>>>>>>>>>>>>>>>>>>>>>> 
 > Dato                :  Tue Dec  9 11:28:22 2014 
 > Slag                :  HY 
 > ?r                  :  2014 
 > Ti?arskei?          :  JAN-DEC 
 > Skipab?lk/-ar       :  20 21 
 > Skipab?lk/-ar (l?n) :  0 
 > ICES-?ki            :  VB1 
 <<<<<<<<<<<<<<<<<<<<<<<<<<<<<<<<<<<<<<<<<<<<<<<<<<<<<<<<<<<<<< 

$URSLITID
   aldur tal_matad tal_fiskad midal_longd midal_vekt roknad_veida
0      0         0          0        0.00      0.000            0
1      1         0          0        0.00      0.000            0
2      2        24       1222       42.00      0.641          784
3      3       145       7405       44.84      0.792         5868
4      4       238      12122       48.03      0.970        11755
5      5       788      40138       52.25      1.243        49904
6      6       103       5261       55.49      1.463         7697
7      7       102       5213       56.42      1.553         8095
8      8        24       1247       56.50      1.536         1915
9      9        34       1722       54.30      1.400         2411
10    10        34       1708       58.50      1.739         2969
11    11        61       3118       59.00      1.750         5456
12    12        28       1418       63.96      2.219         3146
13    13         0          0        0.00      0.000            0
14    14         0          0        0.00      0.000            0
15    15         0          0        0.00      0.000            0
17   Sum      1581      80574       51.98      1.241       100000

$URSLITID.j
   aldur tal_matad tal_fiskad midal_longd midal_vekt roknad_veida
0      0         0          0        0.00      0.000            0
1      1         0          0        0.00      0.000            0
2      2         7        322       42.00      0.641          206
3      3       155       7576       44.71      0.781         5920
4      4       254      12404       48.10      0.970        12027
5      5       797      38871       52.06      1.230        47810
6      6       118       5730       55.38      1.467         8408
7      7        89       4360       56.56      1.576         6870
8      8        25       1207       56.71      1.555         1877
9      9        50       2415       58.42      1.806         4360
10    10        40       1928       61.08      1.965         3789
11    11        56       2740       59.56      1.807         4951
12    12        33       1612       65.27      2.344         3780
13    13         0          0        0.00      0.000            0
14    14         0          0        0.00      0.000            0
15    15         0          0        0.00      0.000            0
17   Sum      1624      79165       52.18      1.263        99998


 .... [TRUNCATED] 
