
> .... [TRUNCATED] 

 <<<<<<<<<<<<<<<<<<<<<<<<<<<<<<<<<<<<<<<<<<<<<<<<<<<<<<<<<<<<<<<<<<<<<<<< 
 > Dato                                      :  Thu Jan 16 14:45:17 2014 
 > Slag                                      :  TO 
 > Ár                                        :  2012 
 > Skipabólk/-ar                             :  1 2 4 
 > Byrjanar og enda mánaŵ fyri ALK/ALD       :  OCT-DEC 
 > Skipabólk/-ar, sum longdir eru lántar frá :  0 
 > Skipabólk/-ar, sum vektir eru lántar frá  :  0 
 > Skipabólk/-ar, sum aldrar eru lántar frá  :  0 
 > ICES-øki                                  :  VB1 
 <<<<<<<<<<<<<<<<<<<<<<<<<<<<<<<<<<<<<<<<<<<<<<<<<<<<<<<<<<<<<<<<<<<<<<<< 

> .... [TRUNCATED] 

>>>>>>>>>>>>>>>>>>>>>>>>>>>>>>>>>>>>> 
> Alpha	 = 0.02097737
> Beta	 = 2.8178
> R^2	 = 0.9819813
> N	 = 489
> Veida (kg.)	  = 208123
> Rundveida (kg.) = 231016.5
<<<<<<<<<<<<<<<<<<<<<<<<<<<<<<<<<<<<< 


> .... [TRUNCATED] 

 >>>>>>>>>>>>>> 	 ALK-lykil 	 <<<<<<<<<<<< 

> .... [TRUNCATED] 
$ALK
    longd 0 1 2  3 4 5 6 7 8 9 10 11 12 13 14 15 Sum Matad
1       1 0 0 0  0 0 0 0 0 0 0  0  0  0  0  0  0   0     0
2       2 0 0 0  0 0 0 0 0 0 0  0  0  0  0  0  0   0     0
3       3 0 0 0  0 0 0 0 0 0 0  0  0  0  0  0  0   0     0
4       4 0 0 0  0 0 0 0 0 0 0  0  0  0  0  0  0   0     0
5       5 0 0 0  0 0 0 0 0 0 0  0  0  0  0  0  0   0     0
6       6 0 0 0  0 0 0 0 0 0 0  0  0  0  0  0  0   0     0
7       7 0 0 0  0 0 0 0 0 0 0  0  0  0  0  0  0   0     0
8       8 0 0 0  0 0 0 0 0 0 0  0  0  0  0  0  0   0     0
9       9 0 0 0  0 0 0 0 0 0 0  0  0  0  0  0  0   0     0
10     10 0 0 0  0 0 0 0 0 0 0  0  0  0  0  0  0   0     0
11     11 0 0 0  0 0 0 0 0 0 0  0  0  0  0  0  0   0     0
12     12 0 0 0  0 0 0 0 0 0 0  0  0  0  0  0  0   0     0
13     13 0 0 0  0 0 0 0 0 0 0  0  0  0  0  0  0   0     0
14     14 0 0 0  0 0 0 0 0 0 0  0  0  0  0  0  0   0     0
15     15 0 0 0  0 0 0 0 0 0 0  0  0  0  0  0  0   0     0
16     16 0 0 0  0 0 0 0 0 0 0  0  0  0  0  0  0   0     0
17     17 0 0 0  0 0 0 0 0 0 0  0  0  0  0  0  0   0     0
18     18 0 0 0  0 0 0 0 0 0 0  0  0  0  0  0  0   0     0
19     19 0 0 0  0 0 0 0 0 0 0  0  0  0  0  0  0   0     0
20     20 0 0 0  0 0 0 0 0 0 0  0  0  0  0  0  0   0     0
21     21 0 0 0  0 0 0 0 0 0 0  0  0  0  0  0  0   0     0
22     22 0 0 0  0 0 0 0 0 0 0  0  0  0  0  0  0   0     0
23     23 0 0 0  0 0 0 0 0 0 0  0  0  0  0  0  0   0     0
24     24 0 0 0  0 0 0 0 0 0 0  0  0  0  0  0  0   0     0
25     25 0 0 0  0 0 0 0 0 0 0  0  0  0  0  0  0   0     0
26     26 0 0 0  0 0 0 0 0 0 0  0  0  0  0  0  0   0     0
27     27 0 0 0  0 0 0 0 0 0 0  0  0  0  0  0  0   0     0
28     28 0 0 0  0 0 0 0 0 0 0  0  0  0  0  0  0   0     0
29     29 0 0 0  0 0 0 0 0 0 0  0  0  0  0  0  0   0     0
30     30 0 0 0  0 0 0 0 0 0 0  0  0  0  0  0  0   0     0
31     31 0 0 0  0 0 0 0 0 0 0  0  0  0  0  0  0   0     0
32     32 0 0 0  0 0 0 0 0 0 0  0  0  0  0  0  0   0     1
33     33 0 1 0  0 0 0 0 0 0 0  0  0  0  0  0  0   1     3
34     34 0 1 0  0 0 0 0 0 0 0  0  0  0  0  0  0   1     4
35     35 0 0 0  0 0 0 0 0 0 0  0  0  0  0  0  0   0     1
36     36 0 3 0  0 0 0 0 0 0 0  0  0  0  0  0  0   3     7
37     37 0 0 0  0 0 0 0 0 0 0  0  0  0  0  0  0   0     2
38     38 0 0 1  0 0 0 0 0 0 0  0  0  0  0  0  0   1     4
39     39 0 0 0  0 0 0 0 0 0 0  0  0  0  0  0  0   0     4
40     40 0 0 0  0 0 0 0 0 0 0  0  0  0  0  0  0   0     3
41     41 0 0 0  0 0 0 0 0 0 0  0  0  0  0  0  0   0     0
42     42 0 0 0  0 0 0 0 0 0 0  0  0  0  0  0  0   0     2
43     43 0 0 0  0 0 0 0 0 0 0  0  0  0  0  0  0   0     6
44     44 0 0 0  0 0 0 0 0 0 0  0  0  0  0  0  0   0     6
45     45 0 0 1  0 0 0 0 0 0 0  0  0  0  0  0  0   1     9
46     46 0 0 1  2 0 0 0 0 0 0  0  0  0  0  0  0   3    17
47     47 0 0 1  4 1 0 0 0 0 0  0  0  0  0  0  0   6    18
48     48 0 0 1  2 0 0 0 0 0 0  0  0  0  0  0  0   3    18
49     49 0 0 1  7 5 0 0 0 0 0  0  0  0  0  0  0  13    32
50     50 0 0 4  7 2 0 0 0 0 0  0  0  0  0  0  0  13    48
51     51 0 0 0  7 2 0 0 0 0 0  0  0  0  0  0  0   9    32
52     52 0 0 0  0 3 0 0 0 0 0  0  0  0  0  0  0   3    27
53     53 0 0 1 10 0 0 0 0 0 0  0  0  0  0  0  0  11    28
54     54 0 0 0  4 2 0 0 0 0 0  0  0  0  0  0  0   6    25
55     55 0 0 0  6 7 0 0 0 0 0  0  0  0  0  0  0  13    29
56     56 0 0 0  8 3 0 0 0 0 0  0  0  0  0  0  0  11    29
57     57 0 0 0  3 2 0 0 0 0 0  0  0  0  0  0  0   5    17
58     58 0 0 0  4 2 0 0 0 0 0  0  0  0  0  0  0   6    14
59     59 0 0 0  5 6 1 0 0 0 0  0  0  0  0  0  0  12    25
60     60 0 0 0  1 5 1 0 0 0 0  0  0  0  0  0  0   7    14
61     61 0 0 0  1 2 0 0 0 0 0  0  0  0  0  0  0   3     6
62     62 0 0 0  1 2 0 0 0 0 0  0  0  0  0  0  0   3     5
63     63 0 0 0  0 2 1 1 0 0 0  0  0  0  0  0  0   4     8
64     64 0 0 0  1 4 1 0 0 0 0  0  0  0  0  0  0   6     6
65     65 0 0 0  1 2 1 0 0 0 0  0  0  0  0  0  0   4     4
66     66 0 0 0  0 0 0 0 0 0 0  0  0  0  0  0  0   0     1
67     67 0 0 0  0 3 0 0 0 0 0  0  0  0  0  0  0   3     4
68     68 0 0 0  0 0 0 0 0 0 0  0  0  0  0  0  0   0     0
69     69 0 0 0  0 1 0 0 0 0 0  0  0  0  0  0  0   1     2
70     70 0 0 0  0 0 1 0 0 0 0  0  0  0  0  0  0   1     2
71     71 0 0 0  0 0 0 0 0 0 0  0  0  0  0  0  0   0     1
72     72 0 0 0  0 1 1 0 0 0 0  0  0  0  0  0  0   2     3
73     73 0 0 0  0 0 1 0 0 0 0  0  0  0  0  0  0   1     1
74     74 0 0 0  0 0 1 1 0 0 0  0  0  0  0  0  0   2     3
75     75 0 0 0  0 0 1 0 0 0 0  0  0  0  0  0  0   1     1
76     76 0 0 0  0 0 0 0 0 0 0  0  0  0  0  0  0   0     1
77     77 0 0 0  0 0 0 0 0 0 0  0  0  0  0  0  0   0     0
78     78 0 0 0  0 0 0 0 0 0 0  0  0  0  0  0  0   0     0
79     79 0 0 0  0 0 0 0 0 0 0  0  0  0  0  0  0   0     0
80     80 0 0 0  0 0 0 0 0 0 0  0  0  0  0  0  0   0     0
81     81 0 0 0  0 0 0 0 0 0 0  0  0  0  0  0  0   0     0
82     82 0 0 0  0 0 0 0 0 0 0  0  0  0  0  0  0   0     1
83     83 0 0 0  0 0 0 0 0 0 0  0  0  0  0  0  0   0     1
84     84 0 0 0  0 0 0 0 1 0 0  0  0  0  0  0  0   1     2
85     85 0 0 0  0 0 0 0 0 0 0  0  0  0  0  0  0   0     1
86     86 0 0 0  0 0 0 0 0 0 0  0  0  0  0  0  0   0     1
87     87 0 0 0  0 0 0 0 0 0 0  0  0  0  0  0  0   0     0
88     88 0 0 0  0 0 0 0 0 0 0  0  0  0  0  0  0   0     0
89     89 0 0 0  0 0 0 0 0 0 0  0  0  0  0  0  0   0     2
90     90 0 0 0  0 0 0 0 0 0 0  0  0  0  0  0  0   0     0
91     91 0 0 0  0 0 0 0 0 0 0  0  0  0  0  0  0   0     0
92     92 0 0 0  0 0 0 0 0 0 0  0  0  0  0  0  0   0     0
93     93 0 0 0  0 0 0 0 0 0 0  0  0  0  0  0  0   0     0
94     94 0 0 0  0 0 0 0 0 0 0  0  0  0  0  0  0   0     1
95     95 0 0 0  0 0 0 0 0 0 0  0  0  0  0  0  0   0     1
96     96 0 0 0  0 0 0 0 0 0 0  0  0  0  0  0  0   0     0
97     97 0 0 0  0 0 0 0 0 0 0  0  0  0  0  0  0   0     0
98     98 0 0 0  0 0 0 0 1 0 0  0  0  0  0  0  0   1     1
99     99 0 0 0  0 0 0 0 0 0 0  0  0  0  0  0  0   0     0
100   100 0 0 0  0 0 0 0 0 0 0  0  0  0  0  0  0   0     0
101   101 0 0 0  0 0 0 0 0 0 0  0  0  0  0  0  0   0     0
102   102 0 0 0  0 0 0 0 0 0 0  0  0  0  0  0  0   0     0
103   103 0 0 0  0 0 0 0 1 0 0  0  0  0  0  0  0   1     2
104   104 0 0 0  0 0 0 0 0 0 0  0  0  0  0  0  0   0     1
105   105 0 0 0  0 0 0 0 0 0 0  0  0  0  0  0  0   0     0
106   106 0 0 0  0 0 0 0 0 0 1  0  0  0  0  0  0   1     1
107   107 0 0 0  0 0 0 0 0 0 0  0  0  0  0  0  0   0     0
108   108 0 0 0  0 0 0 0 0 0 0  0  0  0  0  0  0   0     0
109   109 0 0 0  0 0 0 0 0 0 0  0  0  0  0  0  0   0     0
110   110 0 0 0  0 0 0 0 0 0 0  0  0  0  0  0  0   0     0
111   111 0 0 0  0 0 0 0 0 0 0  0  0  0  0  0  0   0     0
112   112 0 0 0  0 0 0 0 0 0 0  0  0  0  0  0  0   0     0
113   113 0 0 0  0 0 0 0 0 0 0  0  0  0  0  0  0   0     0
114   114 0 0 0  0 0 0 0 0 0 0  0  0  0  0  0  0   0     0
115   115 0 0 0  0 0 0 0 0 0 0  0  0  0  0  0  0   0     1
116   116 0 0 0  0 0 0 0 0 0 0  0  0  0  0  0  0   0     0
117   117 0 0 0  0 0 0 0 0 0 0  0  0  0  0  0  0   0     0
118   118 0 0 0  0 0 0 0 0 0 0  0  0  0  0  0  0   0     0
119   119 0 0 0  0 0 0 0 0 0 0  0  0  0  0  0  0   0     0
120   120 0 0 0  0 0 0 0 0 0 0  0  0  0  0  0  0   0     0
121   121 0 0 0  0 0 0 0 0 0 0  0  0  0  0  0  0   0     0
122   122 0 0 0  0 0 0 0 0 0 0  0  0  0  0  0  0   0     0
123   123 0 0 0  0 0 0 0 0 0 0  0  0  0  0  0  0   0     0
124   124 0 0 0  0 0 0 0 0 0 0  0  0  0  0  0  0   0     0
125   125 0 0 0  0 0 0 0 0 0 0  0  0  0  0  0  0   0     0
126   126 0 0 0  0 0 0 0 0 0 0  0  0  0  0  0  0   0     0
127   127 0 0 0  0 0 0 0 0 0 0  0  0  0  0  0  0   0     0
128   128 0 0 0  0 0 0 0 0 0 0  0  0  0  0  0  0   0     0
129   129 0 0 0  0 0 0 0 0 0 0  0  0  0  0  0  0   0     0
130   130 0 0 0  0 0 0 0 0 0 0  0  0  0  0  0  0   0     0
131   131 0 0 0  0 0 0 0 0 0 0  0  0  0  0  0  0   0     0
132   132 0 0 0  0 0 0 0 0 0 0  0  0  0  0  0  0   0     0
133   133 0 0 0  0 0 0 0 0 0 0  0  0  0  0  0  0   0     0
134   134 0 0 0  0 0 0 0 0 0 0  0  0  0  0  0  0   0     0
135   135 0 0 0  0 0 0 0 0 0 0  0  0  0  0  0  0   0     0
136   136 0 0 0  0 0 0 0 0 0 0  0  0  0  0  0  0   0     0
137   137 0 0 0  0 0 0 0 0 0 0  0  0  0  0  0  0   0     0
138   138 0 0 0  0 0 0 0 0 0 0  0  0  0  0  0  0   0     0
139   139 0 0 0  0 0 0 0 0 0 0  0  0  0  0  0  0   0     0
140   140 0 0 0  0 0 0 0 0 0 0  0  0  0  0  0  0   0     0
141   141 0 0 0  0 0 0 0 0 0 0  0  0  0  0  0  0   0     0
142   142 0 0 0  0 0 0 0 0 0 0  0  0  0  0  0  0   0     0
143   143 0 0 0  0 0 0 0 0 0 0  0  0  0  0  0  0   0     0
144   144 0 0 0  0 0 0 0 0 0 0  0  0  0  0  0  0   0     0
145   145 0 0 0  0 0 0 0 0 0 0  0  0  0  0  0  0   0     0
146   146 0 0 0  0 0 0 0 0 0 0  0  0  0  0  0  0   0     0
147   147 0 0 0  0 0 0 0 0 0 0  0  0  0  0  0  0   0     0
148   148 0 0 0  0 0 0 0 0 0 0  0  0  0  0  0  0   0     0
149   149 0 0 0  0 0 0 0 0 0 0  0  0  0  0  0  0   0     0
150   150 0 0 0  0 0 0 0 0 0 0  0  0  0  0  0  0   0     0

$ALK.j
    longd 0     1     2     3     4     5     6     7 8 9 10 11 12 13 14 15
1       1 0 0.000 0.000 0.000 0.000 0.000 0.000 0.000 0 0  0  0  0  0  0  0
2       2 0 0.000 0.000 0.000 0.000 0.000 0.000 0.000 0 0  0  0  0  0  0  0
3       3 0 0.000 0.000 0.000 0.000 0.000 0.000 0.000 0 0  0  0  0  0  0  0
4       4 0 0.000 0.000 0.000 0.000 0.000 0.000 0.000 0 0  0  0  0  0  0  0
5       5 0 0.000 0.000 0.000 0.000 0.000 0.000 0.000 0 0  0  0  0  0  0  0
6       6 0 0.000 0.000 0.000 0.000 0.000 0.000 0.000 0 0  0  0  0  0  0  0
7       7 0 0.000 0.000 0.000 0.000 0.000 0.000 0.000 0 0  0  0  0  0  0  0
8       8 0 0.000 0.000 0.000 0.000 0.000 0.000 0.000 0 0  0  0  0  0  0  0
9       9 0 0.000 0.000 0.000 0.000 0.000 0.000 0.000 0 0  0  0  0  0  0  0
10     10 0 0.000 0.000 0.000 0.000 0.000 0.000 0.000 0 0  0  0  0  0  0  0
11     11 0 0.000 0.000 0.000 0.000 0.000 0.000 0.000 0 0  0  0  0  0  0  0
12     12 0 0.000 0.000 0.000 0.000 0.000 0.000 0.000 0 0  0  0  0  0  0  0
13     13 0 0.000 0.000 0.000 0.000 0.000 0.000 0.000 0 0  0  0  0  0  0  0
14     14 0 0.000 0.000 0.000 0.000 0.000 0.000 0.000 0 0  0  0  0  0  0  0
15     15 0 0.000 0.000 0.000 0.000 0.000 0.000 0.000 0 0  0  0  0  0  0  0
16     16 0 0.000 0.000 0.000 0.000 0.000 0.000 0.000 0 0  0  0  0  0  0  0
17     17 0 0.000 0.000 0.000 0.000 0.000 0.000 0.000 0 0  0  0  0  0  0  0
18     18 0 0.000 0.000 0.000 0.000 0.000 0.000 0.000 0 0  0  0  0  0  0  0
19     19 0 0.000 0.000 0.000 0.000 0.000 0.000 0.000 0 0  0  0  0  0  0  0
20     20 0 0.000 0.000 0.000 0.000 0.000 0.000 0.000 0 0  0  0  0  0  0  0
21     21 0 0.000 0.000 0.000 0.000 0.000 0.000 0.000 0 0  0  0  0  0  0  0
22     22 0 0.000 0.000 0.000 0.000 0.000 0.000 0.000 0 0  0  0  0  0  0  0
23     23 0 0.000 0.000 0.000 0.000 0.000 0.000 0.000 0 0  0  0  0  0  0  0
24     24 0 0.000 0.000 0.000 0.000 0.000 0.000 0.000 0 0  0  0  0  0  0  0
25     25 0 0.000 0.000 0.000 0.000 0.000 0.000 0.000 0 0  0  0  0  0  0  0
26     26 0 0.000 0.000 0.000 0.000 0.000 0.000 0.000 0 0  0  0  0  0  0  0
27     27 0 0.000 0.000 0.000 0.000 0.000 0.000 0.000 0 0  0  0  0  0  0  0
28     28 0 0.000 0.000 0.000 0.000 0.000 0.000 0.000 0 0  0  0  0  0  0  0
29     29 0 0.000 0.000 0.000 0.000 0.000 0.000 0.000 0 0  0  0  0  0  0  0
30     30 0 0.003 0.000 0.000 0.000 0.000 0.000 0.000 0 0  0  0  0  0  0  0
31     31 0 0.026 0.000 0.000 0.000 0.000 0.000 0.000 0 0  0  0  0  0  0  0
32     32 0 0.149 0.000 0.000 0.000 0.000 0.000 0.000 0 0  0  0  0  0  0  0
33     33 0 0.519 0.001 0.000 0.000 0.000 0.000 0.000 0 0  0  0  0  0  0  0
34     34 0 1.098 0.002 0.000 0.001 0.000 0.000 0.000 0 0  0  0  0  0  0  0
35     35 0 1.410 0.006 0.001 0.002 0.000 0.000 0.000 0 0  0  0  0  0  0  0
36     36 0 1.098 0.013 0.002 0.003 0.000 0.000 0.000 0 0  0  0  0  0  0  0
37     37 0 0.519 0.026 0.005 0.007 0.000 0.000 0.000 0 0  0  0  0  0  0  0
38     38 0 0.149 0.050 0.011 0.012 0.000 0.000 0.000 0 0  0  0  0  0  0  0
39     39 0 0.026 0.091 0.024 0.021 0.000 0.000 0.000 0 0  0  0  0  0  0  0
40     40 0 0.003 0.156 0.051 0.036 0.000 0.000 0.000 0 0  0  0  0  0  0  0
41     41 0 0.000 0.250 0.103 0.060 0.000 0.000 0.000 0 0  0  0  0  0  0  0
42     42 0 0.000 0.375 0.196 0.097 0.000 0.000 0.000 0 0  0  0  0  0  0  0
43     43 0 0.000 0.528 0.354 0.153 0.000 0.000 0.000 0 0  0  0  0  0  0  0
44     44 0 0.000 0.696 0.605 0.234 0.000 0.001 0.000 0 0  0  0  0  0  0  0
45     45 0 0.000 0.862 0.980 0.346 0.001 0.001 0.000 0 0  0  0  0  0  0  0
46     46 0 0.000 1.000 1.506 0.498 0.001 0.002 0.000 0 0  0  0  0  0  0  0
47     47 0 0.000 1.089 2.193 0.696 0.002 0.002 0.000 0 0  0  0  0  0  0  0
48     48 0 0.000 1.111 3.027 0.944 0.003 0.003 0.000 0 0  0  0  0  0  0  0
49     49 0 0.000 1.064 3.959 1.243 0.006 0.004 0.000 0 0  0  0  0  0  0  0
50     50 0 0.000 0.955 4.909 1.588 0.009 0.006 0.000 0 0  0  0  0  0  0  0
51     51 0 0.000 0.804 5.769 1.971 0.015 0.008 0.000 0 0  0  0  0  0  0  0
52     52 0 0.000 0.634 6.427 2.375 0.023 0.011 0.000 0 0  0  0  0  0  0  0
53     53 0 0.000 0.469 6.785 2.778 0.035 0.014 0.000 0 0  0  0  0  0  0  0
54     54 0 0.000 0.326 6.790 3.156 0.052 0.018 0.000 0 0  0  0  0  0  0  0
55     55 0 0.000 0.212 6.441 3.480 0.075 0.023 0.000 0 0  0  0  0  0  0  0
56     56 0 0.000 0.129 5.790 3.725 0.105 0.028 0.000 0 0  0  0  0  0  0  0
57     57 0 0.000 0.074 4.934 3.872 0.143 0.034 0.000 0 0  0  0  0  0  0  0
58     58 0 0.000 0.040 3.985 3.907 0.189 0.041 0.000 0 0  0  0  0  0  0  0
59     59 0 0.000 0.020 3.051 3.828 0.243 0.049 0.000 0 0  0  0  0  0  0  0
60     60 0 0.000 0.009 2.214 3.641 0.304 0.056 0.000 0 0  0  0  0  0  0  0
61     61 0 0.000 0.004 1.522 3.362 0.370 0.064 0.000 0 0  0  0  0  0  0  0
62     62 0 0.000 0.002 0.992 3.015 0.437 0.072 0.000 0 0  0  0  0  0  0  0
63     63 0 0.000 0.001 0.613 2.624 0.502 0.080 0.001 0 0  0  0  0  0  0  0
64     64 0 0.000 0.000 0.359 2.218 0.562 0.087 0.001 0 0  0  0  0  0  0  0
65     65 0 0.000 0.000 0.199 1.820 0.611 0.093 0.001 0 0  0  0  0  0  0  0
66     66 0 0.000 0.000 0.105 1.450 0.646 0.097 0.002 0 0  0  0  0  0  0  0
67     67 0 0.000 0.000 0.052 1.121 0.664 0.101 0.002 0 0  0  0  0  0  0  0
68     68 0 0.000 0.000 0.025 0.842 0.664 0.102 0.003 0 0  0  0  0  0  0  0
69     69 0 0.000 0.000 0.011 0.614 0.646 0.102 0.004 0 0  0  0  0  0  0  0
70     70 0 0.000 0.000 0.005 0.435 0.611 0.101 0.005 0 0  0  0  0  0  0  0
71     71 0 0.000 0.000 0.002 0.299 0.562 0.097 0.006 0 0  0  0  0  0  0  0
72     72 0 0.000 0.000 0.001 0.199 0.502 0.093 0.008 0 0  0  0  0  0  0  0
73     73 0 0.000 0.000 0.000 0.129 0.437 0.087 0.010 0 0  0  0  0  0  0  0
74     74 0 0.000 0.000 0.000 0.081 0.370 0.080 0.013 0 0  0  0  0  0  0  0
75     75 0 0.000 0.000 0.000 0.050 0.304 0.072 0.015 0 0  0  0  0  0  0  0
76     76 0 0.000 0.000 0.000 0.029 0.243 0.064 0.019 0 0  0  0  0  0  0  0
77     77 0 0.000 0.000 0.000 0.017 0.189 0.056 0.023 0 0  0  0  0  0  0  0
78     78 0 0.000 0.000 0.000 0.009 0.143 0.049 0.027 0 0  0  0  0  0  0  0
79     79 0 0.000 0.000 0.000 0.005 0.105 0.041 0.032 0 0  0  0  0  0  0  0
80     80 0 0.000 0.000 0.000 0.003 0.075 0.034 0.038 0 0  0  0  0  0  0  0
81     81 0 0.000 0.000 0.000 0.001 0.052 0.028 0.044 0 0  0  0  0  0  0  0
82     82 0 0.000 0.000 0.000 0.001 0.035 0.023 0.051 0 0  0  0  0  0  0  0
83     83 0 0.000 0.000 0.000 0.000 0.023 0.018 0.058 0 0  0  0  0  0  0  0
84     84 0 0.000 0.000 0.000 0.000 0.015 0.014 0.065 0 0  0  0  0  0  0  0
85     85 0 0.000 0.000 0.000 0.000 0.009 0.011 0.073 0 0  0  0  0  0  0  0
86     86 0 0.000 0.000 0.000 0.000 0.006 0.008 0.080 0 0  0  0  0  0  0  0
87     87 0 0.000 0.000 0.000 0.000 0.003 0.006 0.087 0 0  0  0  0  0  0  0
88     88 0 0.000 0.000 0.000 0.000 0.002 0.004 0.094 0 0  0  0  0  0  0  0
89     89 0 0.000 0.000 0.000 0.000 0.001 0.003 0.101 0 0  0  0  0  0  0  0
90     90 0 0.000 0.000 0.000 0.000 0.001 0.002 0.107 0 0  0  0  0  0  0  0
91     91 0 0.000 0.000 0.000 0.000 0.000 0.002 0.112 0 0  0  0  0  0  0  0
92     92 0 0.000 0.000 0.000 0.000 0.000 0.001 0.116 0 0  0  0  0  0  0  0
93     93 0 0.000 0.000 0.000 0.000 0.000 0.001 0.119 0 0  0  0  0  0  0  0
94     94 0 0.000 0.000 0.000 0.000 0.000 0.000 0.121 0 0  0  0  0  0  0  0
95     95 0 0.000 0.000 0.000 0.000 0.000 0.000 0.122 0 0  0  0  0  0  0  0
96     96 0 0.000 0.000 0.000 0.000 0.000 0.000 0.121 0 0  0  0  0  0  0  0
97     97 0 0.000 0.000 0.000 0.000 0.000 0.000 0.119 0 0  0  0  0  0  0  0
98     98 0 0.000 0.000 0.000 0.000 0.000 0.000 0.116 0 0  0  0  0  0  0  0
99     99 0 0.000 0.000 0.000 0.000 0.000 0.000 0.112 0 0  0  0  0  0  0  0
100   100 0 0.000 0.000 0.000 0.000 0.000 0.000 0.107 0 0  0  0  0  0  0  0
101   101 0 0.000 0.000 0.000 0.000 0.000 0.000 0.101 0 0  0  0  0  0  0  0
102   102 0 0.000 0.000 0.000 0.000 0.000 0.000 0.094 0 0  0  0  0  0  0  0
103   103 0 0.000 0.000 0.000 0.000 0.000 0.000 0.087 0 0  0  0  0  0  0  0
104   104 0 0.000 0.000 0.000 0.000 0.000 0.000 0.080 0 0  0  0  0  0  0  0
105   105 0 0.000 0.000 0.000 0.000 0.000 0.000 0.073 0 0  0  0  0  0  0  0
106   106 0 0.000 0.000 0.000 0.000 0.000 0.000 0.065 0 1  0  0  0  0  0  0
107   107 0 0.000 0.000 0.000 0.000 0.000 0.000 0.058 0 0  0  0  0  0  0  0
108   108 0 0.000 0.000 0.000 0.000 0.000 0.000 0.051 0 0  0  0  0  0  0  0
109   109 0 0.000 0.000 0.000 0.000 0.000 0.000 0.044 0 0  0  0  0  0  0  0
110   110 0 0.000 0.000 0.000 0.000 0.000 0.000 0.038 0 0  0  0  0  0  0  0
111   111 0 0.000 0.000 0.000 0.000 0.000 0.000 0.032 0 0  0  0  0  0  0  0
112   112 0 0.000 0.000 0.000 0.000 0.000 0.000 0.027 0 0  0  0  0  0  0  0
113   113 0 0.000 0.000 0.000 0.000 0.000 0.000 0.023 0 0  0  0  0  0  0  0
114   114 0 0.000 0.000 0.000 0.000 0.000 0.000 0.019 0 0  0  0  0  0  0  0
115   115 0 0.000 0.000 0.000 0.000 0.000 0.000 0.015 0 0  0  0  0  0  0  0
116   116 0 0.000 0.000 0.000 0.000 0.000 0.000 0.013 0 0  0  0  0  0  0  0
117   117 0 0.000 0.000 0.000 0.000 0.000 0.000 0.010 0 0  0  0  0  0  0  0
118   118 0 0.000 0.000 0.000 0.000 0.000 0.000 0.008 0 0  0  0  0  0  0  0
119   119 0 0.000 0.000 0.000 0.000 0.000 0.000 0.006 0 0  0  0  0  0  0  0
120   120 0 0.000 0.000 0.000 0.000 0.000 0.000 0.005 0 0  0  0  0  0  0  0
121   121 0 0.000 0.000 0.000 0.000 0.000 0.000 0.004 0 0  0  0  0  0  0  0
122   122 0 0.000 0.000 0.000 0.000 0.000 0.000 0.003 0 0  0  0  0  0  0  0
123   123 0 0.000 0.000 0.000 0.000 0.000 0.000 0.002 0 0  0  0  0  0  0  0
124   124 0 0.000 0.000 0.000 0.000 0.000 0.000 0.002 0 0  0  0  0  0  0  0
125   125 0 0.000 0.000 0.000 0.000 0.000 0.000 0.001 0 0  0  0  0  0  0  0
126   126 0 0.000 0.000 0.000 0.000 0.000 0.000 0.001 0 0  0  0  0  0  0  0
127   127 0 0.000 0.000 0.000 0.000 0.000 0.000 0.001 0 0  0  0  0  0  0  0
128   128 0 0.000 0.000 0.000 0.000 0.000 0.000 0.000 0 0  0  0  0  0  0  0
129   129 0 0.000 0.000 0.000 0.000 0.000 0.000 0.000 0 0  0  0  0  0  0  0
130   130 0 0.000 0.000 0.000 0.000 0.000 0.000 0.000 0 0  0  0  0  0  0  0
131   131 0 0.000 0.000 0.000 0.000 0.000 0.000 0.000 0 0  0  0  0  0  0  0
132   132 0 0.000 0.000 0.000 0.000 0.000 0.000 0.000 0 0  0  0  0  0  0  0
133   133 0 0.000 0.000 0.000 0.000 0.000 0.000 0.000 0 0  0  0  0  0  0  0
134   134 0 0.000 0.000 0.000 0.000 0.000 0.000 0.000 0 0  0  0  0  0  0  0
135   135 0 0.000 0.000 0.000 0.000 0.000 0.000 0.000 0 0  0  0  0  0  0  0
136   136 0 0.000 0.000 0.000 0.000 0.000 0.000 0.000 0 0  0  0  0  0  0  0
137   137 0 0.000 0.000 0.000 0.000 0.000 0.000 0.000 0 0  0  0  0  0  0  0
138   138 0 0.000 0.000 0.000 0.000 0.000 0.000 0.000 0 0  0  0  0  0  0  0
139   139 0 0.000 0.000 0.000 0.000 0.000 0.000 0.000 0 0  0  0  0  0  0  0
140   140 0 0.000 0.000 0.000 0.000 0.000 0.000 0.000 0 0  0  0  0  0  0  0
141   141 0 0.000 0.000 0.000 0.000 0.000 0.000 0.000 0 0  0  0  0  0  0  0
142   142 0 0.000 0.000 0.000 0.000 0.000 0.000 0.000 0 0  0  0  0  0  0  0
143   143 0 0.000 0.000 0.000 0.000 0.000 0.000 0.000 0 0  0  0  0  0  0  0
144   144 0 0.000 0.000 0.000 0.000 0.000 0.000 0.000 0 0  0  0  0  0  0  0
145   145 0 0.000 0.000 0.000 0.000 0.000 0.000 0.000 0 0  0  0  0  0  0  0
146   146 0 0.000 0.000 0.000 0.000 0.000 0.000 0.000 0 0  0  0  0  0  0  0
147   147 0 0.000 0.000 0.000 0.000 0.000 0.000 0.000 0 0  0  0  0  0  0  0
148   148 0 0.000 0.000 0.000 0.000 0.000 0.000 0.000 0 0  0  0  0  0  0  0
149   149 0 0.000 0.000 0.000 0.000 0.000 0.000 0.000 0 0  0  0  0  0  0  0
150   150 0 0.000 0.000 0.000 0.000 0.000 0.000 0.000 0 0  0  0  0  0  0  0
       Sum Matad
1    0.000     0
2    0.000     0
3    0.000     0
4    0.000     0
5    0.000     0
6    0.000     0
7    0.000     0
8    0.000     0
9    0.000     0
10   0.000     0
11   0.000     0
12   0.000     0
13   0.000     0
14   0.000     0
15   0.000     0
16   0.000     0
17   0.000     0
18   0.000     0
19   0.000     0
20   0.000     0
21   0.000     0
22   0.000     0
23   0.000     0
24   0.000     0
25   0.000     0
26   0.000     0
27   0.000     0
28   0.000     0
29   0.000     0
30   0.003     0
31   0.026     0
32   0.149     1
33   0.520     3
34   1.102     4
35   1.419     1
36   1.116     7
37   0.556     2
38   0.222     4
39   0.163     4
40   0.246     3
41   0.413     0
42   0.669     2
43   1.035     6
44   1.536     6
45   2.190     9
46   3.007    17
47   3.982    18
48   5.088    18
49   6.276    32
50   7.468    48
51   8.567    32
52   9.470    27
53  10.083    28
54  10.342    25
55  10.230    29
56   9.778    29
57   9.058    17
58   8.163    14
59   7.191    25
60   6.225    14
61   5.324     6
62   4.519     5
63   3.821     8
64   3.227     6
65   2.724     4
66   2.300     1
67   1.941     4
68   1.636     0
69   1.377     2
70   1.156     2
71   0.966     1
72   0.803     3
73   0.663     1
74   0.543     3
75   0.441     1
76   0.356     1
77   0.285     0
78   0.229     0
79   0.184     0
80   0.151     0
81   0.126     0
82   0.110     1
83   0.100     1
84   0.094     2
85   0.093     1
86   0.094     1
87   0.097     0
88   0.101     0
89   0.105     2
90   0.110     0
91   0.114     0
92   0.117     0
93   0.120     0
94   0.121     1
95   0.122     1
96   0.121     0
97   0.119     0
98   0.116     1
99   0.112     0
100  0.107     0
101  0.101     0
102  0.094     0
103  0.087     2
104  0.080     1
105  0.073     0
106  1.065     1
107  0.058     0
108  0.051     0
109  0.044     0
110  0.038     0
111  0.032     0
112  0.027     0
113  0.023     0
114  0.019     0
115  0.015     1
116  0.013     0
117  0.010     0
118  0.008     0
119  0.006     0
120  0.005     0
121  0.004     0
122  0.003     0
123  0.002     0
124  0.002     0
125  0.001     0
126  0.001     0
127  0.001     0
128  0.000     0
129  0.000     0
130  0.000     0
131  0.000     0
132  0.000     0
133  0.000     0
134  0.000     0
135  0.000     0
136  0.000     0
137  0.000     0
138  0.000     0
139  0.000     0
140  0.000     0
141  0.000     0
142  0.000     0
143  0.000     0
144  0.000     0
145  0.000     0
146  0.000     0
147  0.000     0
148  0.000     0
149  0.000     0
150  0.000     0


> .... [TRUNCATED] 

 >>>>>>>>>>>>>> 	 ALD-lykil 	 <<<<<<<<<<<< 

> .... [TRUNCATED] 
$ALD
              0        1        2        3        4        5        6        7
1         0.000    0.000    0.000    0.000    0.000    0.000    0.000    0.000
2         0.000    0.000    0.000    0.000    0.000    0.000    0.000    0.000
3         0.000    0.000    0.000    0.000    0.000    0.000    0.000    0.000
4         0.000    0.000    0.000    0.000    0.000    0.000    0.000    0.000
5         0.000    0.000    0.000    0.000    0.000    0.000    0.000    0.000
6         0.000    0.000    0.000    0.000    0.000    0.000    0.000    0.000
7         0.000    0.000    0.000    0.000    0.000    0.000    0.000    0.000
8         0.000    0.000    0.000    0.000    0.000    0.000    0.000    0.000
9         0.000    0.000    0.000    0.000    0.000    0.000    0.000    0.000
10        0.000    0.000    0.000    0.000    0.000    0.000    0.000    0.000
11        0.000    0.000    0.000    0.000    0.000    0.000    0.000    0.000
12        0.000    0.000    0.000    0.000    0.000    0.000    0.000    0.000
13        0.000    0.000    0.000    0.000    0.000    0.000    0.000    0.000
14        0.000    0.000    0.000    0.000    0.000    0.000    0.000    0.000
15        0.000    0.000    0.000    0.000    0.000    0.000    0.000    0.000
16        0.000    0.000    0.000    0.000    0.000    0.000    0.000    0.000
17        0.000    0.000    0.000    0.000    0.000    0.000    0.000    0.000
18        0.000    0.000    0.000    0.000    0.000    0.000    0.000    0.000
19        0.000    0.000    0.000    0.000    0.000    0.000    0.000    0.000
20        0.000    0.000    0.000    0.000    0.000    0.000    0.000    0.000
21        0.000    0.000    0.000    0.000    0.000    0.000    0.000    0.000
22        0.000    0.000    0.000    0.000    0.000    0.000    0.000    0.000
23        0.000    0.000    0.000    0.000    0.000    0.000    0.000    0.000
24        0.000    0.000    0.000    0.000    0.000    0.000    0.000    0.000
25        0.000    0.000    0.000    0.000    0.000    0.000    0.000    0.000
26        0.000    0.000    0.000    0.000    0.000    0.000    0.000    0.000
27        0.000    0.000    0.000    0.000    0.000    0.000    0.000    0.000
28        0.000    0.000    0.000    0.000    0.000    0.000    0.000    0.000
29        0.000    0.000    0.000    0.000    0.000    0.000    0.000    0.000
30        0.000    0.000    0.000    0.000    0.000    0.000    0.000    0.000
31        0.000    0.000    0.000    0.000    0.000    0.000    0.000    0.000
32        0.000    0.000    0.000    0.000    0.000    0.000    0.000    0.000
33        0.000    3.000    0.000    0.000    0.000    0.000    0.000    0.000
34        0.000    4.000    0.000    0.000    0.000    0.000    0.000    0.000
35        0.000    0.000    0.000    0.000    0.000    0.000    0.000    0.000
36        0.000    7.000    0.000    0.000    0.000    0.000    0.000    0.000
37        0.000    0.000    0.000    0.000    0.000    0.000    0.000    0.000
38        0.000    0.000    4.000    0.000    0.000    0.000    0.000    0.000
39        0.000    0.000    0.000    0.000    0.000    0.000    0.000    0.000
40        0.000    0.000    0.000    0.000    0.000    0.000    0.000    0.000
41        0.000    0.000    0.000    0.000    0.000    0.000    0.000    0.000
42        0.000    0.000    0.000    0.000    0.000    0.000    0.000    0.000
43        0.000    0.000    0.000    0.000    0.000    0.000    0.000    0.000
44        0.000    0.000    0.000    0.000    0.000    0.000    0.000    0.000
45        0.000    0.000    9.000    0.000    0.000    0.000    0.000    0.000
46        0.000    0.000    5.667   11.333    0.000    0.000    0.000    0.000
47        0.000    0.000    3.000   12.000    3.000    0.000    0.000    0.000
48        0.000    0.000    6.000   12.000    0.000    0.000    0.000    0.000
49        0.000    0.000    2.462   17.231   12.308    0.000    0.000    0.000
50        0.000    0.000   14.769   25.846    7.385    0.000    0.000    0.000
51        0.000    0.000    0.000   24.889    7.111    0.000    0.000    0.000
52        0.000    0.000    0.000    0.000   27.000    0.000    0.000    0.000
53        0.000    0.000    2.545   25.455    0.000    0.000    0.000    0.000
54        0.000    0.000    0.000   16.667    8.333    0.000    0.000    0.000
55        0.000    0.000    0.000   13.385   15.615    0.000    0.000    0.000
56        0.000    0.000    0.000   21.091    7.909    0.000    0.000    0.000
57        0.000    0.000    0.000   10.200    6.800    0.000    0.000    0.000
58        0.000    0.000    0.000    9.333    4.667    0.000    0.000    0.000
59        0.000    0.000    0.000   10.417   12.500    2.083    0.000    0.000
60        0.000    0.000    0.000    2.000   10.000    2.000    0.000    0.000
61        0.000    0.000    0.000    2.000    4.000    0.000    0.000    0.000
62        0.000    0.000    0.000    1.667    3.333    0.000    0.000    0.000
63        0.000    0.000    0.000    0.000    4.000    2.000    2.000    0.000
64        0.000    0.000    0.000    1.000    4.000    1.000    0.000    0.000
65        0.000    0.000    0.000    1.000    2.000    1.000    0.000    0.000
66        0.000    0.000    0.000    0.000    0.000    0.000    0.000    0.000
67        0.000    0.000    0.000    0.000    4.000    0.000    0.000    0.000
68        0.000    0.000    0.000    0.000    0.000    0.000    0.000    0.000
69        0.000    0.000    0.000    0.000    2.000    0.000    0.000    0.000
70        0.000    0.000    0.000    0.000    0.000    2.000    0.000    0.000
71        0.000    0.000    0.000    0.000    0.000    0.000    0.000    0.000
72        0.000    0.000    0.000    0.000    1.500    1.500    0.000    0.000
73        0.000    0.000    0.000    0.000    0.000    1.000    0.000    0.000
74        0.000    0.000    0.000    0.000    0.000    1.500    1.500    0.000
75        0.000    0.000    0.000    0.000    0.000    1.000    0.000    0.000
76        0.000    0.000    0.000    0.000    0.000    0.000    0.000    0.000
77        0.000    0.000    0.000    0.000    0.000    0.000    0.000    0.000
78        0.000    0.000    0.000    0.000    0.000    0.000    0.000    0.000
79        0.000    0.000    0.000    0.000    0.000    0.000    0.000    0.000
80        0.000    0.000    0.000    0.000    0.000    0.000    0.000    0.000
81        0.000    0.000    0.000    0.000    0.000    0.000    0.000    0.000
82        0.000    0.000    0.000    0.000    0.000    0.000    0.000    0.000
83        0.000    0.000    0.000    0.000    0.000    0.000    0.000    0.000
84        0.000    0.000    0.000    0.000    0.000    0.000    0.000    2.000
85        0.000    0.000    0.000    0.000    0.000    0.000    0.000    0.000
86        0.000    0.000    0.000    0.000    0.000    0.000    0.000    0.000
87        0.000    0.000    0.000    0.000    0.000    0.000    0.000    0.000
88        0.000    0.000    0.000    0.000    0.000    0.000    0.000    0.000
89        0.000    0.000    0.000    0.000    0.000    0.000    0.000    0.000
90        0.000    0.000    0.000    0.000    0.000    0.000    0.000    0.000
91        0.000    0.000    0.000    0.000    0.000    0.000    0.000    0.000
92        0.000    0.000    0.000    0.000    0.000    0.000    0.000    0.000
93        0.000    0.000    0.000    0.000    0.000    0.000    0.000    0.000
94        0.000    0.000    0.000    0.000    0.000    0.000    0.000    0.000
95        0.000    0.000    0.000    0.000    0.000    0.000    0.000    0.000
96        0.000    0.000    0.000    0.000    0.000    0.000    0.000    0.000
97        0.000    0.000    0.000    0.000    0.000    0.000    0.000    0.000
98        0.000    0.000    0.000    0.000    0.000    0.000    0.000    1.000
99        0.000    0.000    0.000    0.000    0.000    0.000    0.000    0.000
100       0.000    0.000    0.000    0.000    0.000    0.000    0.000    0.000
101       0.000    0.000    0.000    0.000    0.000    0.000    0.000    0.000
102       0.000    0.000    0.000    0.000    0.000    0.000    0.000    0.000
103       0.000    0.000    0.000    0.000    0.000    0.000    0.000    2.000
104       0.000    0.000    0.000    0.000    0.000    0.000    0.000    0.000
105       0.000    0.000    0.000    0.000    0.000    0.000    0.000    0.000
106       0.000    0.000    0.000    0.000    0.000    0.000    0.000    0.000
107       0.000    0.000    0.000    0.000    0.000    0.000    0.000    0.000
108       0.000    0.000    0.000    0.000    0.000    0.000    0.000    0.000
109       0.000    0.000    0.000    0.000    0.000    0.000    0.000    0.000
110       0.000    0.000    0.000    0.000    0.000    0.000    0.000    0.000
111       0.000    0.000    0.000    0.000    0.000    0.000    0.000    0.000
112       0.000    0.000    0.000    0.000    0.000    0.000    0.000    0.000
113       0.000    0.000    0.000    0.000    0.000    0.000    0.000    0.000
114       0.000    0.000    0.000    0.000    0.000    0.000    0.000    0.000
115       0.000    0.000    0.000    0.000    0.000    0.000    0.000    0.000
116       0.000    0.000    0.000    0.000    0.000    0.000    0.000    0.000
117       0.000    0.000    0.000    0.000    0.000    0.000    0.000    0.000
118       0.000    0.000    0.000    0.000    0.000    0.000    0.000    0.000
119       0.000    0.000    0.000    0.000    0.000    0.000    0.000    0.000
120       0.000    0.000    0.000    0.000    0.000    0.000    0.000    0.000
121       0.000    0.000    0.000    0.000    0.000    0.000    0.000    0.000
122       0.000    0.000    0.000    0.000    0.000    0.000    0.000    0.000
123       0.000    0.000    0.000    0.000    0.000    0.000    0.000    0.000
124       0.000    0.000    0.000    0.000    0.000    0.000    0.000    0.000
125       0.000    0.000    0.000    0.000    0.000    0.000    0.000    0.000
126       0.000    0.000    0.000    0.000    0.000    0.000    0.000    0.000
127       0.000    0.000    0.000    0.000    0.000    0.000    0.000    0.000
128       0.000    0.000    0.000    0.000    0.000    0.000    0.000    0.000
129       0.000    0.000    0.000    0.000    0.000    0.000    0.000    0.000
130       0.000    0.000    0.000    0.000    0.000    0.000    0.000    0.000
131       0.000    0.000    0.000    0.000    0.000    0.000    0.000    0.000
132       0.000    0.000    0.000    0.000    0.000    0.000    0.000    0.000
133       0.000    0.000    0.000    0.000    0.000    0.000    0.000    0.000
134       0.000    0.000    0.000    0.000    0.000    0.000    0.000    0.000
135       0.000    0.000    0.000    0.000    0.000    0.000    0.000    0.000
136       0.000    0.000    0.000    0.000    0.000    0.000    0.000    0.000
137       0.000    0.000    0.000    0.000    0.000    0.000    0.000    0.000
138       0.000    0.000    0.000    0.000    0.000    0.000    0.000    0.000
139       0.000    0.000    0.000    0.000    0.000    0.000    0.000    0.000
140       0.000    0.000    0.000    0.000    0.000    0.000    0.000    0.000
141       0.000    0.000    0.000    0.000    0.000    0.000    0.000    0.000
142       0.000    0.000    0.000    0.000    0.000    0.000    0.000    0.000
143       0.000    0.000    0.000    0.000    0.000    0.000    0.000    0.000
144       0.000    0.000    0.000    0.000    0.000    0.000    0.000    0.000
145       0.000    0.000    0.000    0.000    0.000    0.000    0.000    0.000
146       0.000    0.000    0.000    0.000    0.000    0.000    0.000    0.000
147       0.000    0.000    0.000    0.000    0.000    0.000    0.000    0.000
148       0.000    0.000    0.000    0.000    0.000    0.000    0.000    0.000
149       0.000    0.000    0.000    0.000    0.000    0.000    0.000    0.000
150       0.000    0.000    0.000    0.000    0.000    0.000    0.000    0.000
Sum       0.000   14.000   47.443  217.513  147.461   15.083    3.500    5.000
mW        0.000    0.464    1.110    1.507    1.793    2.942    3.072    7.872
mL        0.000   34.786   47.111   52.585   55.754   66.214   66.667   94.400
pA        0.000    0.031    0.105    0.482    0.327    0.033    0.008    0.011
tot.mW 1677.548 1677.548 1677.548 1677.548 1677.548 1677.548 1677.548 1677.548
tot.mL   53.710   53.710   53.710   53.710   53.710   53.710   53.710   53.710
              8        9       10       11       12       13       14       15
1         0.000    0.000    0.000    0.000    0.000    0.000    0.000    0.000
2         0.000    0.000    0.000    0.000    0.000    0.000    0.000    0.000
3         0.000    0.000    0.000    0.000    0.000    0.000    0.000    0.000
4         0.000    0.000    0.000    0.000    0.000    0.000    0.000    0.000
5         0.000    0.000    0.000    0.000    0.000    0.000    0.000    0.000
6         0.000    0.000    0.000    0.000    0.000    0.000    0.000    0.000
7         0.000    0.000    0.000    0.000    0.000    0.000    0.000    0.000
8         0.000    0.000    0.000    0.000    0.000    0.000    0.000    0.000
9         0.000    0.000    0.000    0.000    0.000    0.000    0.000    0.000
10        0.000    0.000    0.000    0.000    0.000    0.000    0.000    0.000
11        0.000    0.000    0.000    0.000    0.000    0.000    0.000    0.000
12        0.000    0.000    0.000    0.000    0.000    0.000    0.000    0.000
13        0.000    0.000    0.000    0.000    0.000    0.000    0.000    0.000
14        0.000    0.000    0.000    0.000    0.000    0.000    0.000    0.000
15        0.000    0.000    0.000    0.000    0.000    0.000    0.000    0.000
16        0.000    0.000    0.000    0.000    0.000    0.000    0.000    0.000
17        0.000    0.000    0.000    0.000    0.000    0.000    0.000    0.000
18        0.000    0.000    0.000    0.000    0.000    0.000    0.000    0.000
19        0.000    0.000    0.000    0.000    0.000    0.000    0.000    0.000
20        0.000    0.000    0.000    0.000    0.000    0.000    0.000    0.000
21        0.000    0.000    0.000    0.000    0.000    0.000    0.000    0.000
22        0.000    0.000    0.000    0.000    0.000    0.000    0.000    0.000
23        0.000    0.000    0.000    0.000    0.000    0.000    0.000    0.000
24        0.000    0.000    0.000    0.000    0.000    0.000    0.000    0.000
25        0.000    0.000    0.000    0.000    0.000    0.000    0.000    0.000
26        0.000    0.000    0.000    0.000    0.000    0.000    0.000    0.000
27        0.000    0.000    0.000    0.000    0.000    0.000    0.000    0.000
28        0.000    0.000    0.000    0.000    0.000    0.000    0.000    0.000
29        0.000    0.000    0.000    0.000    0.000    0.000    0.000    0.000
30        0.000    0.000    0.000    0.000    0.000    0.000    0.000    0.000
31        0.000    0.000    0.000    0.000    0.000    0.000    0.000    0.000
32        0.000    0.000    0.000    0.000    0.000    0.000    0.000    0.000
33        0.000    0.000    0.000    0.000    0.000    0.000    0.000    0.000
34        0.000    0.000    0.000    0.000    0.000    0.000    0.000    0.000
35        0.000    0.000    0.000    0.000    0.000    0.000    0.000    0.000
36        0.000    0.000    0.000    0.000    0.000    0.000    0.000    0.000
37        0.000    0.000    0.000    0.000    0.000    0.000    0.000    0.000
38        0.000    0.000    0.000    0.000    0.000    0.000    0.000    0.000
39        0.000    0.000    0.000    0.000    0.000    0.000    0.000    0.000
40        0.000    0.000    0.000    0.000    0.000    0.000    0.000    0.000
41        0.000    0.000    0.000    0.000    0.000    0.000    0.000    0.000
42        0.000    0.000    0.000    0.000    0.000    0.000    0.000    0.000
43        0.000    0.000    0.000    0.000    0.000    0.000    0.000    0.000
44        0.000    0.000    0.000    0.000    0.000    0.000    0.000    0.000
45        0.000    0.000    0.000    0.000    0.000    0.000    0.000    0.000
46        0.000    0.000    0.000    0.000    0.000    0.000    0.000    0.000
47        0.000    0.000    0.000    0.000    0.000    0.000    0.000    0.000
48        0.000    0.000    0.000    0.000    0.000    0.000    0.000    0.000
49        0.000    0.000    0.000    0.000    0.000    0.000    0.000    0.000
50        0.000    0.000    0.000    0.000    0.000    0.000    0.000    0.000
51        0.000    0.000    0.000    0.000    0.000    0.000    0.000    0.000
52        0.000    0.000    0.000    0.000    0.000    0.000    0.000    0.000
53        0.000    0.000    0.000    0.000    0.000    0.000    0.000    0.000
54        0.000    0.000    0.000    0.000    0.000    0.000    0.000    0.000
55        0.000    0.000    0.000    0.000    0.000    0.000    0.000    0.000
56        0.000    0.000    0.000    0.000    0.000    0.000    0.000    0.000
57        0.000    0.000    0.000    0.000    0.000    0.000    0.000    0.000
58        0.000    0.000    0.000    0.000    0.000    0.000    0.000    0.000
59        0.000    0.000    0.000    0.000    0.000    0.000    0.000    0.000
60        0.000    0.000    0.000    0.000    0.000    0.000    0.000    0.000
61        0.000    0.000    0.000    0.000    0.000    0.000    0.000    0.000
62        0.000    0.000    0.000    0.000    0.000    0.000    0.000    0.000
63        0.000    0.000    0.000    0.000    0.000    0.000    0.000    0.000
64        0.000    0.000    0.000    0.000    0.000    0.000    0.000    0.000
65        0.000    0.000    0.000    0.000    0.000    0.000    0.000    0.000
66        0.000    0.000    0.000    0.000    0.000    0.000    0.000    0.000
67        0.000    0.000    0.000    0.000    0.000    0.000    0.000    0.000
68        0.000    0.000    0.000    0.000    0.000    0.000    0.000    0.000
69        0.000    0.000    0.000    0.000    0.000    0.000    0.000    0.000
70        0.000    0.000    0.000    0.000    0.000    0.000    0.000    0.000
71        0.000    0.000    0.000    0.000    0.000    0.000    0.000    0.000
72        0.000    0.000    0.000    0.000    0.000    0.000    0.000    0.000
73        0.000    0.000    0.000    0.000    0.000    0.000    0.000    0.000
74        0.000    0.000    0.000    0.000    0.000    0.000    0.000    0.000
75        0.000    0.000    0.000    0.000    0.000    0.000    0.000    0.000
76        0.000    0.000    0.000    0.000    0.000    0.000    0.000    0.000
77        0.000    0.000    0.000    0.000    0.000    0.000    0.000    0.000
78        0.000    0.000    0.000    0.000    0.000    0.000    0.000    0.000
79        0.000    0.000    0.000    0.000    0.000    0.000    0.000    0.000
80        0.000    0.000    0.000    0.000    0.000    0.000    0.000    0.000
81        0.000    0.000    0.000    0.000    0.000    0.000    0.000    0.000
82        0.000    0.000    0.000    0.000    0.000    0.000    0.000    0.000
83        0.000    0.000    0.000    0.000    0.000    0.000    0.000    0.000
84        0.000    0.000    0.000    0.000    0.000    0.000    0.000    0.000
85        0.000    0.000    0.000    0.000    0.000    0.000    0.000    0.000
86        0.000    0.000    0.000    0.000    0.000    0.000    0.000    0.000
87        0.000    0.000    0.000    0.000    0.000    0.000    0.000    0.000
88        0.000    0.000    0.000    0.000    0.000    0.000    0.000    0.000
89        0.000    0.000    0.000    0.000    0.000    0.000    0.000    0.000
90        0.000    0.000    0.000    0.000    0.000    0.000    0.000    0.000
91        0.000    0.000    0.000    0.000    0.000    0.000    0.000    0.000
92        0.000    0.000    0.000    0.000    0.000    0.000    0.000    0.000
93        0.000    0.000    0.000    0.000    0.000    0.000    0.000    0.000
94        0.000    0.000    0.000    0.000    0.000    0.000    0.000    0.000
95        0.000    0.000    0.000    0.000    0.000    0.000    0.000    0.000
96        0.000    0.000    0.000    0.000    0.000    0.000    0.000    0.000
97        0.000    0.000    0.000    0.000    0.000    0.000    0.000    0.000
98        0.000    0.000    0.000    0.000    0.000    0.000    0.000    0.000
99        0.000    0.000    0.000    0.000    0.000    0.000    0.000    0.000
100       0.000    0.000    0.000    0.000    0.000    0.000    0.000    0.000
101       0.000    0.000    0.000    0.000    0.000    0.000    0.000    0.000
102       0.000    0.000    0.000    0.000    0.000    0.000    0.000    0.000
103       0.000    0.000    0.000    0.000    0.000    0.000    0.000    0.000
104       0.000    0.000    0.000    0.000    0.000    0.000    0.000    0.000
105       0.000    0.000    0.000    0.000    0.000    0.000    0.000    0.000
106       0.000    1.000    0.000    0.000    0.000    0.000    0.000    0.000
107       0.000    0.000    0.000    0.000    0.000    0.000    0.000    0.000
108       0.000    0.000    0.000    0.000    0.000    0.000    0.000    0.000
109       0.000    0.000    0.000    0.000    0.000    0.000    0.000    0.000
110       0.000    0.000    0.000    0.000    0.000    0.000    0.000    0.000
111       0.000    0.000    0.000    0.000    0.000    0.000    0.000    0.000
112       0.000    0.000    0.000    0.000    0.000    0.000    0.000    0.000
113       0.000    0.000    0.000    0.000    0.000    0.000    0.000    0.000
114       0.000    0.000    0.000    0.000    0.000    0.000    0.000    0.000
115       0.000    0.000    0.000    0.000    0.000    0.000    0.000    0.000
116       0.000    0.000    0.000    0.000    0.000    0.000    0.000    0.000
117       0.000    0.000    0.000    0.000    0.000    0.000    0.000    0.000
118       0.000    0.000    0.000    0.000    0.000    0.000    0.000    0.000
119       0.000    0.000    0.000    0.000    0.000    0.000    0.000    0.000
120       0.000    0.000    0.000    0.000    0.000    0.000    0.000    0.000
121       0.000    0.000    0.000    0.000    0.000    0.000    0.000    0.000
122       0.000    0.000    0.000    0.000    0.000    0.000    0.000    0.000
123       0.000    0.000    0.000    0.000    0.000    0.000    0.000    0.000
124       0.000    0.000    0.000    0.000    0.000    0.000    0.000    0.000
125       0.000    0.000    0.000    0.000    0.000    0.000    0.000    0.000
126       0.000    0.000    0.000    0.000    0.000    0.000    0.000    0.000
127       0.000    0.000    0.000    0.000    0.000    0.000    0.000    0.000
128       0.000    0.000    0.000    0.000    0.000    0.000    0.000    0.000
129       0.000    0.000    0.000    0.000    0.000    0.000    0.000    0.000
130       0.000    0.000    0.000    0.000    0.000    0.000    0.000    0.000
131       0.000    0.000    0.000    0.000    0.000    0.000    0.000    0.000
132       0.000    0.000    0.000    0.000    0.000    0.000    0.000    0.000
133       0.000    0.000    0.000    0.000    0.000    0.000    0.000    0.000
134       0.000    0.000    0.000    0.000    0.000    0.000    0.000    0.000
135       0.000    0.000    0.000    0.000    0.000    0.000    0.000    0.000
136       0.000    0.000    0.000    0.000    0.000    0.000    0.000    0.000
137       0.000    0.000    0.000    0.000    0.000    0.000    0.000    0.000
138       0.000    0.000    0.000    0.000    0.000    0.000    0.000    0.000
139       0.000    0.000    0.000    0.000    0.000    0.000    0.000    0.000
140       0.000    0.000    0.000    0.000    0.000    0.000    0.000    0.000
141       0.000    0.000    0.000    0.000    0.000    0.000    0.000    0.000
142       0.000    0.000    0.000    0.000    0.000    0.000    0.000    0.000
143       0.000    0.000    0.000    0.000    0.000    0.000    0.000    0.000
144       0.000    0.000    0.000    0.000    0.000    0.000    0.000    0.000
145       0.000    0.000    0.000    0.000    0.000    0.000    0.000    0.000
146       0.000    0.000    0.000    0.000    0.000    0.000    0.000    0.000
147       0.000    0.000    0.000    0.000    0.000    0.000    0.000    0.000
148       0.000    0.000    0.000    0.000    0.000    0.000    0.000    0.000
149       0.000    0.000    0.000    0.000    0.000    0.000    0.000    0.000
150       0.000    0.000    0.000    0.000    0.000    0.000    0.000    0.000
Sum       0.000    1.000    0.000    0.000    0.000    0.000    0.000    0.000
mW        0.000   10.682    0.000    0.000    0.000    0.000    0.000    0.000
mL        0.000  106.000    0.000    0.000    0.000    0.000    0.000    0.000
pA        0.000    0.002    0.000    0.000    0.000    0.000    0.000    0.000
tot.mW 1677.548 1677.548 1677.548 1677.548 1677.548 1677.548 1677.548 1677.548
tot.mL   53.710   53.710   53.710   53.710   53.710   53.710   53.710   53.710
          Matad      Sum
1         0.000    0.000
2         0.000    0.000
3         0.000    0.000
4         0.000    0.000
5         0.000    0.000
6         0.000    0.000
7         0.000    0.000
8         0.000    0.000
9         0.000    0.000
10        0.000    0.000
11        0.000    0.000
12        0.000    0.000
13        0.000    0.000
14        0.000    0.000
15        0.000    0.000
16        0.000    0.000
17        0.000    0.000
18        0.000    0.000
19        0.000    0.000
20        0.000    0.000
21        0.000    0.000
22        0.000    0.000
23        0.000    0.000
24        0.000    0.000
25        0.000    0.000
26        0.000    0.000
27        0.000    0.000
28        0.000    0.000
29        0.000    0.000
30        0.000    0.000
31        0.000    0.000
32        1.000    0.000
33        3.000    3.000
34        4.000    4.000
35        1.000    0.000
36        7.000    7.000
37        2.000    0.000
38        4.000    4.000
39        4.000    0.000
40        3.000    0.000
41        0.000    0.000
42        2.000    0.000
43        6.000    0.000
44        6.000    0.000
45        9.000    9.000
46       17.000   17.000
47       18.000   18.000
48       18.000   18.000
49       32.000   32.000
50       48.000   48.000
51       32.000   32.000
52       27.000   27.000
53       28.000   28.000
54       25.000   25.000
55       29.000   29.000
56       29.000   29.000
57       17.000   17.000
58       14.000   14.000
59       25.000   25.000
60       14.000   14.000
61        6.000    6.000
62        5.000    5.000
63        8.000    8.000
64        6.000    6.000
65        4.000    4.000
66        1.000    0.000
67        4.000    4.000
68        0.000    0.000
69        2.000    2.000
70        2.000    2.000
71        1.000    0.000
72        3.000    3.000
73        1.000    1.000
74        3.000    3.000
75        1.000    1.000
76        1.000    0.000
77        0.000    0.000
78        0.000    0.000
79        0.000    0.000
80        0.000    0.000
81        0.000    0.000
82        1.000    0.000
83        1.000    0.000
84        2.000    2.000
85        1.000    0.000
86        1.000    0.000
87        0.000    0.000
88        0.000    0.000
89        2.000    0.000
90        0.000    0.000
91        0.000    0.000
92        0.000    0.000
93        0.000    0.000
94        1.000    0.000
95        1.000    0.000
96        0.000    0.000
97        0.000    0.000
98        1.000    1.000
99        0.000    0.000
100       0.000    0.000
101       0.000    0.000
102       0.000    0.000
103       2.000    2.000
104       1.000    0.000
105       0.000    0.000
106       1.000    1.000
107       0.000    0.000
108       0.000    0.000
109       0.000    0.000
110       0.000    0.000
111       0.000    0.000
112       0.000    0.000
113       0.000    0.000
114       0.000    0.000
115       1.000    0.000
116       0.000    0.000
117       0.000    0.000
118       0.000    0.000
119       0.000    0.000
120       0.000    0.000
121       0.000    0.000
122       0.000    0.000
123       0.000    0.000
124       0.000    0.000
125       0.000    0.000
126       0.000    0.000
127       0.000    0.000
128       0.000    0.000
129       0.000    0.000
130       0.000    0.000
131       0.000    0.000
132       0.000    0.000
133       0.000    0.000
134       0.000    0.000
135       0.000    0.000
136       0.000    0.000
137       0.000    0.000
138       0.000    0.000
139       0.000    0.000
140       0.000    0.000
141       0.000    0.000
142       0.000    0.000
143       0.000    0.000
144       0.000    0.000
145       0.000    0.000
146       0.000    0.000
147       0.000    0.000
148       0.000    0.000
149       0.000    0.000
150       0.000    0.000
Sum     489.000  451.000
mW        0.000    0.000
mL        0.000    0.000
pA        0.000    0.000
tot.mW 1677.548 1677.548
tot.mL   53.710   53.710

$ALD.j
              0        1        2        3        4        5        6        7
1         0.000    0.000    0.000    0.000    0.000    0.000    0.000    0.000
2         0.000    0.000    0.000    0.000    0.000    0.000    0.000    0.000
3         0.000    0.000    0.000    0.000    0.000    0.000    0.000    0.000
4         0.000    0.000    0.000    0.000    0.000    0.000    0.000    0.000
5         0.000    0.000    0.000    0.000    0.000    0.000    0.000    0.000
6         0.000    0.000    0.000    0.000    0.000    0.000    0.000    0.000
7         0.000    0.000    0.000    0.000    0.000    0.000    0.000    0.000
8         0.000    0.000    0.000    0.000    0.000    0.000    0.000    0.000
9         0.000    0.000    0.000    0.000    0.000    0.000    0.000    0.000
10        0.000    0.000    0.000    0.000    0.000    0.000    0.000    0.000
11        0.000    0.000    0.000    0.000    0.000    0.000    0.000    0.000
12        0.000    0.000    0.000    0.000    0.000    0.000    0.000    0.000
13        0.000    0.000    0.000    0.000    0.000    0.000    0.000    0.000
14        0.000    0.000    0.000    0.000    0.000    0.000    0.000    0.000
15        0.000    0.000    0.000    0.000    0.000    0.000    0.000    0.000
16        0.000    0.000    0.000    0.000    0.000    0.000    0.000    0.000
17        0.000    0.000    0.000    0.000    0.000    0.000    0.000    0.000
18        0.000    0.000    0.000    0.000    0.000    0.000    0.000    0.000
19        0.000    0.000    0.000    0.000    0.000    0.000    0.000    0.000
20        0.000    0.000    0.000    0.000    0.000    0.000    0.000    0.000
21        0.000    0.000    0.000    0.000    0.000    0.000    0.000    0.000
22        0.000    0.000    0.000    0.000    0.000    0.000    0.000    0.000
23        0.000    0.000    0.000    0.000    0.000    0.000    0.000    0.000
24        0.000    0.000    0.000    0.000    0.000    0.000    0.000    0.000
25        0.000    0.000    0.000    0.000    0.000    0.000    0.000    0.000
26        0.000    0.000    0.000    0.000    0.000    0.000    0.000    0.000
27        0.000    0.000    0.000    0.000    0.000    0.000    0.000    0.000
28        0.000    0.000    0.000    0.000    0.000    0.000    0.000    0.000
29        0.000    0.000    0.000    0.000    0.000    0.000    0.000    0.000
30        0.000    0.000    0.000    0.000    0.000    0.000    0.000    0.000
31        0.000    0.000    0.000    0.000    0.000    0.000    0.000    0.000
32        0.000    0.996    0.002    0.000    0.001    0.000    0.000    0.000
33        0.000    2.991    0.006    0.001    0.003    0.000    0.000    0.000
34        0.000    3.987    0.009    0.001    0.003    0.000    0.000    0.000
35        0.000    0.994    0.004    0.000    0.001    0.000    0.000    0.000
36        0.000    6.888    0.078    0.012    0.022    0.000    0.000    0.000
37        0.000    1.867    0.093    0.017    0.023    0.000    0.000    0.000
38        0.000    2.682    0.907    0.195    0.214    0.000    0.001    0.000
39        0.000    0.636    2.250    0.595    0.517    0.000    0.002    0.000
40        0.000    0.033    1.901    0.625    0.439    0.000    0.002    0.000
41        0.000    0.000    0.000    0.000    0.000    0.000    0.000    0.000
42        0.000    0.000    1.121    0.586    0.291    0.000    0.001    0.000
43        0.000    0.000    3.058    2.050    0.888    0.001    0.003    0.000
44        0.000    0.000    2.720    2.363    0.913    0.001    0.003    0.000
45        0.000    0.000    3.542    4.028    1.423    0.002    0.004    0.000
46        0.000    0.000    5.655    8.514    2.817    0.006    0.009    0.000
47        0.000    0.000    4.922    9.914    3.146    0.009    0.010    0.000
48        0.000    0.000    3.931   10.707    3.339    0.012    0.011    0.000
49        0.000    0.000    5.423   20.189    6.336    0.029    0.023    0.000
50        0.000    0.000    6.136   31.556   10.210    0.060    0.039    0.000
51        0.000    0.000    3.001   21.550    7.363    0.056    0.030    0.000
52        0.000    0.000    1.808   18.323    6.772    0.067    0.031    0.000
53        0.000    0.000    1.304   18.843    7.716    0.098    0.039    0.000
54        0.000    0.000    0.788   16.414    7.628    0.127    0.044    0.000
55        0.000    0.000    0.601   18.257    9.863    0.214    0.064    0.000
56        0.000    0.000    0.384   17.173   11.047    0.312    0.084    0.000
57        0.000    0.000    0.139    9.261    7.267    0.269    0.065    0.000
58        0.000    0.000    0.068    6.835    6.701    0.324    0.071    0.000
59        0.000    0.000    0.070   10.607   13.308    0.845    0.169    0.001
60        0.000    0.000    0.021    4.979    8.189    0.684    0.127    0.000
61        0.000    0.000    0.005    1.716    3.790    0.417    0.073    0.000
62        0.000    0.000    0.002    1.098    3.336    0.484    0.080    0.000
63        0.000    0.000    0.001    1.284    5.494    1.052    0.167    0.001
64        0.000    0.000    0.000    0.668    4.124    1.045    0.161    0.002
65        0.000    0.000    0.000    0.293    2.672    0.897    0.136    0.002
66        0.000    0.000    0.000    0.046    0.630    0.281    0.042    0.001
67        0.000    0.000    0.000    0.108    2.311    1.369    0.208    0.004
68        0.000    0.000    0.000    0.000    0.000    0.000    0.000    0.000
69        0.000    0.000    0.000    0.016    0.892    0.938    0.149    0.005
70        0.000    0.000    0.000    0.008    0.752    1.057    0.174    0.008
71        0.000    0.000    0.000    0.002    0.309    0.582    0.101    0.006
72        0.000    0.000    0.000    0.003    0.744    1.877    0.346    0.030
73        0.000    0.000    0.000    0.000    0.195    0.659    0.131    0.015
74        0.000    0.000    0.000    0.000    0.448    2.041    0.441    0.069
75        0.000    0.000    0.000    0.000    0.112    0.689    0.164    0.035
76        0.000    0.000    0.000    0.000    0.083    0.683    0.181    0.053
77        0.000    0.000    0.000    0.000    0.000    0.000    0.000    0.000
78        0.000    0.000    0.000    0.000    0.000    0.000    0.000    0.000
79        0.000    0.000    0.000    0.000    0.000    0.000    0.000    0.000
80        0.000    0.000    0.000    0.000    0.000    0.000    0.000    0.000
81        0.000    0.000    0.000    0.000    0.000    0.000    0.000    0.000
82        0.000    0.000    0.000    0.000    0.006    0.323    0.207    0.463
83        0.000    0.000    0.000    0.000    0.003    0.234    0.181    0.581
84        0.000    0.000    0.000    0.000    0.003    0.317    0.299    1.381
85        0.000    0.000    0.000    0.000    0.001    0.100    0.117    0.783
86        0.000    0.000    0.000    0.000    0.000    0.060    0.087    0.853
87        0.000    0.000    0.000    0.000    0.000    0.000    0.000    0.000
88        0.000    0.000    0.000    0.000    0.000    0.000    0.000    0.000
89        0.000    0.000    0.000    0.000    0.000    0.020    0.061    1.919
90        0.000    0.000    0.000    0.000    0.000    0.000    0.000    0.000
91        0.000    0.000    0.000    0.000    0.000    0.000    0.000    0.000
92        0.000    0.000    0.000    0.000    0.000    0.000    0.000    0.000
93        0.000    0.000    0.000    0.000    0.000    0.000    0.000    0.000
94        0.000    0.000    0.000    0.000    0.000    0.000    0.004    0.996
95        0.000    0.000    0.000    0.000    0.000    0.000    0.003    0.997
96        0.000    0.000    0.000    0.000    0.000    0.000    0.000    0.000
97        0.000    0.000    0.000    0.000    0.000    0.000    0.000    0.000
98        0.000    0.000    0.000    0.000    0.000    0.000    0.001    0.999
99        0.000    0.000    0.000    0.000    0.000    0.000    0.000    0.000
100       0.000    0.000    0.000    0.000    0.000    0.000    0.000    0.000
101       0.000    0.000    0.000    0.000    0.000    0.000    0.000    0.000
102       0.000    0.000    0.000    0.000    0.000    0.000    0.000    0.000
103       0.000    0.000    0.000    0.000    0.000    0.000    0.000    2.000
104       0.000    0.000    0.000    0.000    0.000    0.000    0.000    1.000
105       0.000    0.000    0.000    0.000    0.000    0.000    0.000    0.000
106       0.000    0.000    0.000    0.000    0.000    0.000    0.000    0.061
107       0.000    0.000    0.000    0.000    0.000    0.000    0.000    0.000
108       0.000    0.000    0.000    0.000    0.000    0.000    0.000    0.000
109       0.000    0.000    0.000    0.000    0.000    0.000    0.000    0.000
110       0.000    0.000    0.000    0.000    0.000    0.000    0.000    0.000
111       0.000    0.000    0.000    0.000    0.000    0.000    0.000    0.000
112       0.000    0.000    0.000    0.000    0.000    0.000    0.000    0.000
113       0.000    0.000    0.000    0.000    0.000    0.000    0.000    0.000
114       0.000    0.000    0.000    0.000    0.000    0.000    0.000    0.000
115       0.000    0.000    0.000    0.000    0.000    0.000    0.000    1.000
116       0.000    0.000    0.000    0.000    0.000    0.000    0.000    0.000
117       0.000    0.000    0.000    0.000    0.000    0.000    0.000    0.000
118       0.000    0.000    0.000    0.000    0.000    0.000    0.000    0.000
119       0.000    0.000    0.000    0.000    0.000    0.000    0.000    0.000
120       0.000    0.000    0.000    0.000    0.000    0.000    0.000    0.000
121       0.000    0.000    0.000    0.000    0.000    0.000    0.000    0.000
122       0.000    0.000    0.000    0.000    0.000    0.000    0.000    0.000
123       0.000    0.000    0.000    0.000    0.000    0.000    0.000    0.000
124       0.000    0.000    0.000    0.000    0.000    0.000    0.000    0.000
125       0.000    0.000    0.000    0.000    0.000    0.000    0.000    0.000
126       0.000    0.000    0.000    0.000    0.000    0.000    0.000    0.000
127       0.000    0.000    0.000    0.000    0.000    0.000    0.000    0.000
128       0.000    0.000    0.000    0.000    0.000    0.000    0.000    0.000
129       0.000    0.000    0.000    0.000    0.000    0.000    0.000    0.000
130       0.000    0.000    0.000    0.000    0.000    0.000    0.000    0.000
131       0.000    0.000    0.000    0.000    0.000    0.000    0.000    0.000
132       0.000    0.000    0.000    0.000    0.000    0.000    0.000    0.000
133       0.000    0.000    0.000    0.000    0.000    0.000    0.000    0.000
134       0.000    0.000    0.000    0.000    0.000    0.000    0.000    0.000
135       0.000    0.000    0.000    0.000    0.000    0.000    0.000    0.000
136       0.000    0.000    0.000    0.000    0.000    0.000    0.000    0.000
137       0.000    0.000    0.000    0.000    0.000    0.000    0.000    0.000
138       0.000    0.000    0.000    0.000    0.000    0.000    0.000    0.000
139       0.000    0.000    0.000    0.000    0.000    0.000    0.000    0.000
140       0.000    0.000    0.000    0.000    0.000    0.000    0.000    0.000
141       0.000    0.000    0.000    0.000    0.000    0.000    0.000    0.000
142       0.000    0.000    0.000    0.000    0.000    0.000    0.000    0.000
143       0.000    0.000    0.000    0.000    0.000    0.000    0.000    0.000
144       0.000    0.000    0.000    0.000    0.000    0.000    0.000    0.000
145       0.000    0.000    0.000    0.000    0.000    0.000    0.000    0.000
146       0.000    0.000    0.000    0.000    0.000    0.000    0.000    0.000
147       0.000    0.000    0.000    0.000    0.000    0.000    0.000    0.000
148       0.000    0.000    0.000    0.000    0.000    0.000    0.000    0.000
149       0.000    0.000    0.000    0.000    0.000    0.000    0.000    0.000
150       0.000    0.000    0.000    0.000    0.000    0.000    0.000    0.000
Sum       0.000   21.075   49.952  238.835  142.348   18.238    4.344   13.269
mW        0.000    0.489    1.099    1.478    1.790    3.153    3.533    7.840
mL        0.000   35.500   46.925   52.208   55.544   69.143      NaN   92.000
pA        0.000    0.043    0.102    0.488    0.291    0.037    0.009    0.027
tot.mW 1758.379 1758.379 1758.379 1758.379 1758.379 1758.379 1758.379 1758.379
tot.mL   53.949   53.949   53.949   53.949   53.949   53.949   53.949   53.949
              8        9       10       11       12       13       14       15
1         0.000    0.000    0.000    0.000    0.000    0.000    0.000    0.000
2         0.000    0.000    0.000    0.000    0.000    0.000    0.000    0.000
3         0.000    0.000    0.000    0.000    0.000    0.000    0.000    0.000
4         0.000    0.000    0.000    0.000    0.000    0.000    0.000    0.000
5         0.000    0.000    0.000    0.000    0.000    0.000    0.000    0.000
6         0.000    0.000    0.000    0.000    0.000    0.000    0.000    0.000
7         0.000    0.000    0.000    0.000    0.000    0.000    0.000    0.000
8         0.000    0.000    0.000    0.000    0.000    0.000    0.000    0.000
9         0.000    0.000    0.000    0.000    0.000    0.000    0.000    0.000
10        0.000    0.000    0.000    0.000    0.000    0.000    0.000    0.000
11        0.000    0.000    0.000    0.000    0.000    0.000    0.000    0.000
12        0.000    0.000    0.000    0.000    0.000    0.000    0.000    0.000
13        0.000    0.000    0.000    0.000    0.000    0.000    0.000    0.000
14        0.000    0.000    0.000    0.000    0.000    0.000    0.000    0.000
15        0.000    0.000    0.000    0.000    0.000    0.000    0.000    0.000
16        0.000    0.000    0.000    0.000    0.000    0.000    0.000    0.000
17        0.000    0.000    0.000    0.000    0.000    0.000    0.000    0.000
18        0.000    0.000    0.000    0.000    0.000    0.000    0.000    0.000
19        0.000    0.000    0.000    0.000    0.000    0.000    0.000    0.000
20        0.000    0.000    0.000    0.000    0.000    0.000    0.000    0.000
21        0.000    0.000    0.000    0.000    0.000    0.000    0.000    0.000
22        0.000    0.000    0.000    0.000    0.000    0.000    0.000    0.000
23        0.000    0.000    0.000    0.000    0.000    0.000    0.000    0.000
24        0.000    0.000    0.000    0.000    0.000    0.000    0.000    0.000
25        0.000    0.000    0.000    0.000    0.000    0.000    0.000    0.000
26        0.000    0.000    0.000    0.000    0.000    0.000    0.000    0.000
27        0.000    0.000    0.000    0.000    0.000    0.000    0.000    0.000
28        0.000    0.000    0.000    0.000    0.000    0.000    0.000    0.000
29        0.000    0.000    0.000    0.000    0.000    0.000    0.000    0.000
30        0.000    0.000    0.000    0.000    0.000    0.000    0.000    0.000
31        0.000    0.000    0.000    0.000    0.000    0.000    0.000    0.000
32        0.000    0.000    0.000    0.000    0.000    0.000    0.000    0.000
33        0.000    0.000    0.000    0.000    0.000    0.000    0.000    0.000
34        0.000    0.000    0.000    0.000    0.000    0.000    0.000    0.000
35        0.000    0.000    0.000    0.000    0.000    0.000    0.000    0.000
36        0.000    0.000    0.000    0.000    0.000    0.000    0.000    0.000
37        0.000    0.000    0.000    0.000    0.000    0.000    0.000    0.000
38        0.000    0.000    0.000    0.000    0.000    0.000    0.000    0.000
39        0.000    0.000    0.000    0.000    0.000    0.000    0.000    0.000
40        0.000    0.000    0.000    0.000    0.000    0.000    0.000    0.000
41        0.000    0.000    0.000    0.000    0.000    0.000    0.000    0.000
42        0.000    0.000    0.000    0.000    0.000    0.000    0.000    0.000
43        0.000    0.000    0.000    0.000    0.000    0.000    0.000    0.000
44        0.000    0.000    0.000    0.000    0.000    0.000    0.000    0.000
45        0.000    0.000    0.000    0.000    0.000    0.000    0.000    0.000
46        0.000    0.000    0.000    0.000    0.000    0.000    0.000    0.000
47        0.000    0.000    0.000    0.000    0.000    0.000    0.000    0.000
48        0.000    0.000    0.000    0.000    0.000    0.000    0.000    0.000
49        0.000    0.000    0.000    0.000    0.000    0.000    0.000    0.000
50        0.000    0.000    0.000    0.000    0.000    0.000    0.000    0.000
51        0.000    0.000    0.000    0.000    0.000    0.000    0.000    0.000
52        0.000    0.000    0.000    0.000    0.000    0.000    0.000    0.000
53        0.000    0.000    0.000    0.000    0.000    0.000    0.000    0.000
54        0.000    0.000    0.000    0.000    0.000    0.000    0.000    0.000
55        0.000    0.000    0.000    0.000    0.000    0.000    0.000    0.000
56        0.000    0.000    0.000    0.000    0.000    0.000    0.000    0.000
57        0.000    0.000    0.000    0.000    0.000    0.000    0.000    0.000
58        0.000    0.000    0.000    0.000    0.000    0.000    0.000    0.000
59        0.000    0.000    0.000    0.000    0.000    0.000    0.000    0.000
60        0.000    0.000    0.000    0.000    0.000    0.000    0.000    0.000
61        0.000    0.000    0.000    0.000    0.000    0.000    0.000    0.000
62        0.000    0.000    0.000    0.000    0.000    0.000    0.000    0.000
63        0.000    0.000    0.000    0.000    0.000    0.000    0.000    0.000
64        0.000    0.000    0.000    0.000    0.000    0.000    0.000    0.000
65        0.000    0.000    0.000    0.000    0.000    0.000    0.000    0.000
66        0.000    0.000    0.000    0.000    0.000    0.000    0.000    0.000
67        0.000    0.000    0.000    0.000    0.000    0.000    0.000    0.000
68        0.000    0.000    0.000    0.000    0.000    0.000    0.000    0.000
69        0.000    0.000    0.000    0.000    0.000    0.000    0.000    0.000
70        0.000    0.000    0.000    0.000    0.000    0.000    0.000    0.000
71        0.000    0.000    0.000    0.000    0.000    0.000    0.000    0.000
72        0.000    0.000    0.000    0.000    0.000    0.000    0.000    0.000
73        0.000    0.000    0.000    0.000    0.000    0.000    0.000    0.000
74        0.000    0.000    0.000    0.000    0.000    0.000    0.000    0.000
75        0.000    0.000    0.000    0.000    0.000    0.000    0.000    0.000
76        0.000    0.000    0.000    0.000    0.000    0.000    0.000    0.000
77        0.000    0.000    0.000    0.000    0.000    0.000    0.000    0.000
78        0.000    0.000    0.000    0.000    0.000    0.000    0.000    0.000
79        0.000    0.000    0.000    0.000    0.000    0.000    0.000    0.000
80        0.000    0.000    0.000    0.000    0.000    0.000    0.000    0.000
81        0.000    0.000    0.000    0.000    0.000    0.000    0.000    0.000
82        0.000    0.000    0.000    0.000    0.000    0.000    0.000    0.000
83        0.000    0.000    0.000    0.000    0.000    0.000    0.000    0.000
84        0.000    0.000    0.000    0.000    0.000    0.000    0.000    0.000
85        0.000    0.000    0.000    0.000    0.000    0.000    0.000    0.000
86        0.000    0.000    0.000    0.000    0.000    0.000    0.000    0.000
87        0.000    0.000    0.000    0.000    0.000    0.000    0.000    0.000
88        0.000    0.000    0.000    0.000    0.000    0.000    0.000    0.000
89        0.000    0.000    0.000    0.000    0.000    0.000    0.000    0.000
90        0.000    0.000    0.000    0.000    0.000    0.000    0.000    0.000
91        0.000    0.000    0.000    0.000    0.000    0.000    0.000    0.000
92        0.000    0.000    0.000    0.000    0.000    0.000    0.000    0.000
93        0.000    0.000    0.000    0.000    0.000    0.000    0.000    0.000
94        0.000    0.000    0.000    0.000    0.000    0.000    0.000    0.000
95        0.000    0.000    0.000    0.000    0.000    0.000    0.000    0.000
96        0.000    0.000    0.000    0.000    0.000    0.000    0.000    0.000
97        0.000    0.000    0.000    0.000    0.000    0.000    0.000    0.000
98        0.000    0.000    0.000    0.000    0.000    0.000    0.000    0.000
99        0.000    0.000    0.000    0.000    0.000    0.000    0.000    0.000
100       0.000    0.000    0.000    0.000    0.000    0.000    0.000    0.000
101       0.000    0.000    0.000    0.000    0.000    0.000    0.000    0.000
102       0.000    0.000    0.000    0.000    0.000    0.000    0.000    0.000
103       0.000    0.000    0.000    0.000    0.000    0.000    0.000    0.000
104       0.000    0.000    0.000    0.000    0.000    0.000    0.000    0.000
105       0.000    0.000    0.000    0.000    0.000    0.000    0.000    0.000
106       0.000    0.939    0.000    0.000    0.000    0.000    0.000    0.000
107       0.000    0.000    0.000    0.000    0.000    0.000    0.000    0.000
108       0.000    0.000    0.000    0.000    0.000    0.000    0.000    0.000
109       0.000    0.000    0.000    0.000    0.000    0.000    0.000    0.000
110       0.000    0.000    0.000    0.000    0.000    0.000    0.000    0.000
111       0.000    0.000    0.000    0.000    0.000    0.000    0.000    0.000
112       0.000    0.000    0.000    0.000    0.000    0.000    0.000    0.000
113       0.000    0.000    0.000    0.000    0.000    0.000    0.000    0.000
114       0.000    0.000    0.000    0.000    0.000    0.000    0.000    0.000
115       0.000    0.000    0.000    0.000    0.000    0.000    0.000    0.000
116       0.000    0.000    0.000    0.000    0.000    0.000    0.000    0.000
117       0.000    0.000    0.000    0.000    0.000    0.000    0.000    0.000
118       0.000    0.000    0.000    0.000    0.000    0.000    0.000    0.000
119       0.000    0.000    0.000    0.000    0.000    0.000    0.000    0.000
120       0.000    0.000    0.000    0.000    0.000    0.000    0.000    0.000
121       0.000    0.000    0.000    0.000    0.000    0.000    0.000    0.000
122       0.000    0.000    0.000    0.000    0.000    0.000    0.000    0.000
123       0.000    0.000    0.000    0.000    0.000    0.000    0.000    0.000
124       0.000    0.000    0.000    0.000    0.000    0.000    0.000    0.000
125       0.000    0.000    0.000    0.000    0.000    0.000    0.000    0.000
126       0.000    0.000    0.000    0.000    0.000    0.000    0.000    0.000
127       0.000    0.000    0.000    0.000    0.000    0.000    0.000    0.000
128       0.000    0.000    0.000    0.000    0.000    0.000    0.000    0.000
129       0.000    0.000    0.000    0.000    0.000    0.000    0.000    0.000
130       0.000    0.000    0.000    0.000    0.000    0.000    0.000    0.000
131       0.000    0.000    0.000    0.000    0.000    0.000    0.000    0.000
132       0.000    0.000    0.000    0.000    0.000    0.000    0.000    0.000
133       0.000    0.000    0.000    0.000    0.000    0.000    0.000    0.000
134       0.000    0.000    0.000    0.000    0.000    0.000    0.000    0.000
135       0.000    0.000    0.000    0.000    0.000    0.000    0.000    0.000
136       0.000    0.000    0.000    0.000    0.000    0.000    0.000    0.000
137       0.000    0.000    0.000    0.000    0.000    0.000    0.000    0.000
138       0.000    0.000    0.000    0.000    0.000    0.000    0.000    0.000
139       0.000    0.000    0.000    0.000    0.000    0.000    0.000    0.000
140       0.000    0.000    0.000    0.000    0.000    0.000    0.000    0.000
141       0.000    0.000    0.000    0.000    0.000    0.000    0.000    0.000
142       0.000    0.000    0.000    0.000    0.000    0.000    0.000    0.000
143       0.000    0.000    0.000    0.000    0.000    0.000    0.000    0.000
144       0.000    0.000    0.000    0.000    0.000    0.000    0.000    0.000
145       0.000    0.000    0.000    0.000    0.000    0.000    0.000    0.000
146       0.000    0.000    0.000    0.000    0.000    0.000    0.000    0.000
147       0.000    0.000    0.000    0.000    0.000    0.000    0.000    0.000
148       0.000    0.000    0.000    0.000    0.000    0.000    0.000    0.000
149       0.000    0.000    0.000    0.000    0.000    0.000    0.000    0.000
150       0.000    0.000    0.000    0.000    0.000    0.000    0.000    0.000
Sum       0.000    0.939    0.000    0.000    0.000    0.000    0.000    0.000
mW        0.000   10.682    0.000    0.000    0.000    0.000    0.000    0.000
mL        0.000      NaN    0.000    0.000    0.000    0.000    0.000    0.000
pA        0.000    0.002    0.000    0.000    0.000    0.000    0.000    0.000
tot.mW 1758.379 1758.379 1758.379 1758.379 1758.379 1758.379 1758.379 1758.379
tot.mL   53.949   53.949   53.949   53.949   53.949   53.949   53.949   53.949
          Matad      Sum
1         0.000    0.000
2         0.000    0.000
3         0.000    0.000
4         0.000    0.000
5         0.000    0.000
6         0.000    0.000
7         0.000    0.000
8         0.000    0.000
9         0.000    0.000
10        0.000    0.000
11        0.000    0.000
12        0.000    0.000
13        0.000    0.000
14        0.000    0.000
15        0.000    0.000
16        0.000    0.000
17        0.000    0.000
18        0.000    0.000
19        0.000    0.000
20        0.000    0.000
21        0.000    0.000
22        0.000    0.000
23        0.000    0.000
24        0.000    0.000
25        0.000    0.000
26        0.000    0.000
27        0.000    0.000
28        0.000    0.000
29        0.000    0.000
30        0.000    0.000
31        0.000    0.000
32        1.000    1.000
33        3.000    3.000
34        4.000    4.000
35        1.000    1.000
36        7.000    7.000
37        2.000    2.000
38        4.000    4.000
39        4.000    4.000
40        3.000    3.000
41        0.000    0.000
42        2.000    2.000
43        6.000    6.000
44        6.000    6.000
45        9.000    9.000
46       17.000   17.000
47       18.000   18.000
48       18.000   18.000
49       32.000   32.000
50       48.000   48.000
51       32.000   32.000
52       27.000   27.000
53       28.000   28.000
54       25.000   25.000
55       29.000   29.000
56       29.000   29.000
57       17.000   17.000
58       14.000   14.000
59       25.000   25.000
60       14.000   14.000
61        6.000    6.000
62        5.000    5.000
63        8.000    8.000
64        6.000    6.000
65        4.000    4.000
66        1.000    1.000
67        4.000    4.000
68        0.000    0.000
69        2.000    2.000
70        2.000    2.000
71        1.000    1.000
72        3.000    3.000
73        1.000    1.000
74        3.000    3.000
75        1.000    1.000
76        1.000    1.000
77        0.000    0.000
78        0.000    0.000
79        0.000    0.000
80        0.000    0.000
81        0.000    0.000
82        1.000    1.000
83        1.000    1.000
84        2.000    2.000
85        1.000    1.000
86        1.000    1.000
87        0.000    0.000
88        0.000    0.000
89        2.000    2.000
90        0.000    0.000
91        0.000    0.000
92        0.000    0.000
93        0.000    0.000
94        1.000    1.000
95        1.000    1.000
96        0.000    0.000
97        0.000    0.000
98        1.000    1.000
99        0.000    0.000
100       0.000    0.000
101       0.000    0.000
102       0.000    0.000
103       2.000    2.000
104       1.000    1.000
105       0.000    0.000
106       1.000    1.000
107       0.000    0.000
108       0.000    0.000
109       0.000    0.000
110       0.000    0.000
111       0.000    0.000
112       0.000    0.000
113       0.000    0.000
114       0.000    0.000
115       1.000    1.000
116       0.000    0.000
117       0.000    0.000
118       0.000    0.000
119       0.000    0.000
120       0.000    0.000
121       0.000    0.000
122       0.000    0.000
123       0.000    0.000
124       0.000    0.000
125       0.000    0.000
126       0.000    0.000
127       0.000    0.000
128       0.000    0.000
129       0.000    0.000
130       0.000    0.000
131       0.000    0.000
132       0.000    0.000
133       0.000    0.000
134       0.000    0.000
135       0.000    0.000
136       0.000    0.000
137       0.000    0.000
138       0.000    0.000
139       0.000    0.000
140       0.000    0.000
141       0.000    0.000
142       0.000    0.000
143       0.000    0.000
144       0.000    0.000
145       0.000    0.000
146       0.000    0.000
147       0.000    0.000
148       0.000    0.000
149       0.000    0.000
150       0.000    0.000
Sum     489.000  489.000
mW        0.000    0.000
mL        0.000    0.000
pA        0.000    0.000
tot.mW 1758.379 1758.379
tot.mL   53.949   53.949


> .... [TRUNCATED] 

 >>>>>>>>>>>>>>>>>>>>>>>>>>>>>>>>>>>>>>>>>>>>>>>>>>>>>>>>>>>>>> 
 > Dato                :  Thu Jan 16 14:45:19 2014 
 > Slag                :  TO 
 > Ár                  :  2012 
 > Tiŵarskeiŵ          :  OCT-DEC 
 > Skipabólk/-ar       :  1 2 4 
 > Skipabólk/-ar (lán) :  0 
 > ICES-øki            :  VB1 
 <<<<<<<<<<<<<<<<<<<<<<<<<<<<<<<<<<<<<<<<<<<<<<<<<<<<<<<<<<<<<< 

$URSLITID
   aldur tal_matad tal_fiskad midal_longd midal_vekt roknad_veida
0      0         0          0        0.00      0.000            0
1      1        14       3851       34.79      0.464         1787
2      2        47      13051       47.11      1.110        14491
3      3       218      59835       52.58      1.507        90165
4      4       147      40565       55.75      1.793        72749
5      5        15       4149       66.21      2.942        12208
6      6         4        963       66.67      3.072         2958
7      7         5       1375       94.40      7.872        10827
8      8         0          0        0.00      0.000            0
9      9         1        275      106.00     10.682         2939
10    10         0          0        0.00      0.000            0
11    11         0          0        0.00      0.000            0
12    12         0          0        0.00      0.000            0
13    13         0          0        0.00      0.000            0
14    14         0          0        0.00      0.000            0
15    15         0          0        0.00      0.000            0
17   Sum       451     124064       53.71      1.678       208124

$URSLITID.j
   aldur tal_matad tal_fiskad midal_longd midal_vekt roknad_veida
0      0         0          0        0.00      0.000            0
1      1        21       5101       35.50      0.489         2495
2      2        50      12091       46.92      1.099        13287
3      3       239      57809       52.21      1.478        85427
4      4       142      34455       55.54      1.790        61672
5      5        18       4415       69.14      3.153        13920
6      6         4       1051        0.00      3.533         3715
7      7        13       3212       92.00      7.840        25179
8      8         0          0        0.00      0.000            0
9      9         1        227        0.00     10.682         2427
10    10         0          0        0.00      0.000            0
11    11         0          0        0.00      0.000            0
12    12         0          0        0.00      0.000            0
13    13         0          0        0.00      0.000            0
14    14         0          0        0.00      0.000            0
15    15         0          0        0.00      0.000            0
17   Sum       488     118361       53.95      1.758       208122


> .... [TRUNCATED] 
