
 .... [TRUNCATED] 
<<<<<<<<<<<<<<<<<<<<<<<<<<<<<<<<<<<<<<<<<<<<<<<<<<<<<<<<<<<<<<<<<<<<<<<< 
 > Dato                                      :  Mon Dec  1 13:24:34 2014 
 > Slag                                      :  UP 
 > Ár                                        :  2014 
 > Skipabólk/-ar                             :  19 20 
 > Byrjanar og enda mánaŵ fyri ALK/ALD       :  JAN-DEC 
 > Skipabólk/-ar, sum longdir eru lántar frá :  0 
 > Skipabólk/-ar, sum vektir eru lántar frá  :  0 
 > Skipabólk/-ar, sum aldrar eru lántar frá  :  0 
 > ICES-øki                                  :  VB1 
 <<<<<<<<<<<<<<<<<<<<<<<<<<<<<<<<<<<<<<<<<<<<<<<<<<<<<<<<<<<<<<<<<<<<<<<<
 .... [TRUNCATED] 
>>>>>>>>>>>>>>>>>>>>>>>>>>>>>>>>>>>>> 
> Alpha	 = 0.01360264
> Beta	 = 2.873175
> R^2	 = 0.9774063
> N	 = 9248
> Veida (kg.)	  = 0
> Rundveida (kg.) = 0
<<<<<<<<<<<<<<<<<<<<<<<<<<<<<<<<<<<<<
 .... [TRUNCATED] 
>>>>>>>>>>>>>> 	 ALK-lykil 	 <<<<<<<<<<<<
 .... [TRUNCATED] 
$ALK
    longd 0 1 2 3  4  5  6  7 8 9 10 11 12 13 14 15 Sum Matad
1       1 0 0 0 0  0  0  0  0 0 0  0  0  0  0  0  0   0     0
2       2 0 0 0 0  0  0  0  0 0 0  0  0  0  0  0  0   0     0
3       3 0 0 0 0  0  0  0  0 0 0  0  0  0  0  0  0   0     0
4       4 0 0 0 0  0  0  0  0 0 0  0  0  0  0  0  0   0     0
5       5 0 0 0 0  0  0  0  0 0 0  0  0  0  0  0  0   0     0
6       6 0 0 0 0  0  0  0  0 0 0  0  0  0  0  0  0   0     0
7       7 0 0 0 0  0  0  0  0 0 0  0  0  0  0  0  0   0     0
8       8 0 0 0 0  0  0  0  0 0 0  0  0  0  0  0  0   0     0
9       9 0 0 0 0  0  0  0  0 0 0  0  0  0  0  0  0   0     0
10     10 0 0 0 0  0  0  0  0 0 0  0  0  0  0  0  0   0     0
11     11 0 0 0 0  0  0  0  0 0 0  0  0  0  0  0  0   0     0
12     12 0 0 0 0  0  0  0  0 0 0  0  0  0  0  0  0   0     0
13     13 0 0 0 0  0  0  0  0 0 0  0  0  0  0  0  0   0     0
14     14 0 0 0 0  0  0  0  0 0 0  0  0  0  0  0  0   0     0
15     15 0 0 0 0  0  0  0  0 0 0  0  0  0  0  0  0   0     0
16     16 0 0 0 0  0  0  0  0 0 0  0  0  0  0  0  0   0     0
17     17 0 0 0 0  0  0  0  0 0 0  0  0  0  0  0  0   0     0
18     18 0 0 0 0  0  0  0  0 0 0  0  0  0  0  0  0   0     0
19     19 0 0 0 0  0  0  0  0 0 0  0  0  0  0  0  0   0     0
20     20 0 0 0 0  0  0  0  0 0 0  0  0  0  0  0  0   0     0
21     21 0 0 0 0  0  0  0  0 0 0  0  0  0  0  0  0   0     0
22     22 0 0 0 0  0  0  0  0 0 0  0  0  0  0  0  0   0     0
23     23 0 0 0 0  0  0  0  0 0 0  0  0  0  0  0  0   0     0
24     24 0 0 0 0  0  0  0  0 0 0  0  0  0  0  0  0   0     0
25     25 0 0 0 0  0  0  0  0 0 0  0  0  0  0  0  0   0     0
26     26 0 0 0 0  0  0  0  0 0 0  0  0  0  0  0  0   0     0
27     27 0 0 0 0  0  0  0  0 0 0  0  0  0  0  0  0   0     0
28     28 0 0 0 0  0  0  0  0 0 0  0  0  0  0  0  0   0     0
29     29 0 0 0 0  0  0  0  0 0 0  0  0  0  0  0  0   0     0
30     30 0 0 0 0  0  0  0  0 0 0  0  0  0  0  0  0   0     0
31     31 0 0 0 0  0  0  0  0 0 0  0  0  0  0  0  0   0     0
32     32 0 0 0 0  0  0  0  0 0 0  0  0  0  0  0  0   0     0
33     33 0 0 0 0  0  0  0  0 0 0  0  0  0  0  0  0   0     0
34     34 0 0 0 0  0  0  0  0 0 0  0  0  0  0  0  0   0     0
35     35 0 0 0 0  0  0  0  0 0 0  0  0  0  0  0  0   0     0
36     36 0 0 0 0  0  0  0  0 0 0  0  0  0  0  0  0   0     0
37     37 0 0 0 0  0  0  0  0 0 0  0  0  0  0  0  0   0     0
38     38 0 0 0 0  0  0  0  0 0 0  0  0  0  0  0  0   0     0
39     39 0 0 0 0  0  0  0  0 0 0  0  0  0  0  0  0   0     1
40     40 0 0 0 0  1  0  0  0 0 0  0  0  0  0  0  0   1    12
41     41 0 0 0 0  0  0  0  0 0 0  0  0  0  0  0  0   0    24
42     42 0 0 0 1  0  0  0  0 0 0  0  0  0  0  0  0   1    31
43     43 0 0 0 0  0  0  0  0 0 0  0  0  0  0  0  0   0    61
44     44 0 0 0 2  1  0  0  0 0 0  0  0  0  0  0  0   3    79
45     45 0 0 0 0  0  0  0  0 0 0  0  0  0  0  0  0   0   103
46     46 0 0 0 0  1  0  0  0 0 0  0  0  0  0  0  0   1   123
47     47 0 0 0 1  2  1  0  0 0 0  0  0  0  0  0  0   4   138
48     48 0 0 0 3  7  2  0  0 0 0  0  0  0  0  0  0  12   158
49     49 0 0 0 4  5  2  0  0 0 0  0  0  0  0  0  0  11   169
50     50 0 0 0 1 13  2  0  0 0 0  0  0  0  0  0  0  16   230
51     51 0 0 0 4 22  4  0  0 0 0  0  0  0  0  0  0  30   280
52     52 0 0 0 3 20  9  1  1 0 0  0  0  0  0  0  0  34   360
53     53 0 0 0 4 30 18  2  0 0 0  0  0  0  0  0  0  54   429
54     54 0 0 0 1 42 22  2  0 0 0  0  0  0  0  0  0  67   519
55     55 0 0 0 5 28 27  4  1 0 0  0  0  0  0  0  0  65   530
56     56 0 0 0 1 31 36  4  0 0 0  0  0  0  0  0  0  72   545
57     57 0 0 0 3 28 44  4  3 0 0  0  0  0  0  0  0  82   660
58     58 0 0 0 1 23 46 10  2 0 0  0  0  0  0  0  0  82   623
59     59 0 0 0 0 29 60 14  2 0 0  0  0  0  0  0  0 105   591
60     60 0 0 0 0 18 69 10  2 0 0  0  0  0  0  0  0  99   673
61     61 0 0 0 0 10 64 18  5 1 0  0  0  0  0  0  0  98   680
62     62 0 0 0 0  4 53 19  4 0 0  0  0  0  0  0  0  80   613
63     63 0 0 0 0  4 43 24  5 0 0  0  0  0  0  0  0  76   555
64     64 0 0 0 0  5 46 11  5 0 0  0  0  0  0  0  0  67   512
65     65 0 0 0 0  4 35 26 10 0 0  0  0  0  0  0  0  75   528
66     66 0 0 0 0  4 14 25  8 1 0  0  0  0  0  0  0  52   400
67     67 0 0 0 0  1 19 32 10 0 0  0  0  0  0  0  0  62   387
68     68 0 0 0 0  2 16 16  8 0 0  0  0  0  0  0  0  42   335
69     69 0 0 0 0  0 15 26 11 0 0  0  0  0  0  0  0  52   328
70     70 0 0 0 0  0  8 16 10 0 0  0  0  0  0  0  0  34   305
71     71 0 0 0 0  0  3  6  7 1 0  0  0  0  0  0  0  17   229
72     72 0 0 0 0  0  3 11  8 0 0  0  0  0  0  0  0  22   210
73     73 0 0 0 0  0  2  9  5 0 0  0  0  0  0  0  0  16   192
74     74 0 0 0 0  0  1  7  5 0 0  0  0  0  0  0  0  13   136
75     75 0 0 0 0  0  0  6  4 0 0  0  0  0  0  0  0  10   124
76     76 0 0 0 0  0  0  4  2 2 0  0  0  0  0  0  0   8   114
77     77 0 0 0 0  0  0  2  3 0 0  0  0  0  0  0  0   5    84
78     78 0 0 0 0  0  0  1  2 1 0  0  0  0  0  0  0   4    73
79     79 0 0 0 0  0  0  1  2 0 0  0  0  0  0  0  0   3    56
80     80 0 0 0 0  0  0  1  0 0 0  1  0  0  0  0  0   2    73
81     81 0 0 0 0  0  0  1  3 2 0  0  0  0  0  0  0   6    64
82     82 0 0 0 0  0  0  1  3 3 0  0  0  0  0  0  0   7    68
83     83 0 0 0 0  0  0  0  3 2 1  0  0  0  0  0  0   6    68
84     84 0 0 0 0  0  0  0  1 0 0  0  0  0  0  0  0   1    55
85     85 0 0 0 0  0  0  0  1 5 1  0  0  0  0  0  0   7    62
86     86 0 0 0 0  0  0  0  1 0 1  0  0  0  0  0  0   2    45
87     87 0 0 0 0  0  0  1  0 0 3  0  0  0  0  0  0   4    74
88     88 0 0 0 0  0  0  0  0 0 4  0  1  0  0  0  0   5    51
89     89 0 0 0 0  0  0  0  0 1 2  3  0  0  0  0  0   6    57
90     90 0 0 0 0  0  0  0  0 1 2  0  1  0  0  0  0   4    72
91     91 0 0 0 0  0  0  0  0 0 2  1  2  1  0  0  0   6    62
92     92 0 0 0 0  0  0  0  0 0 1  1  1  1  1  0  0   5    72
93     93 0 0 0 0  0  0  0  0 0 0  1  3  0  0  0  0   4    51
94     94 0 0 0 0  0  0  0  0 0 0  0  0  1  0  0  0   1    48
95     95 0 0 0 0  0  0  0  0 0 0  1  1  3  0  0  0   5    60
96     96 0 0 0 0  0  0  0  0 0 0  2  1  1  0  0  0   4    36
97     97 0 0 0 0  0  0  0  0 0 0  0  0  2  1  0  0   3    36
98     98 0 0 0 0  0  0  0  0 0 0  1  0  0  0  0  0   1    12
99     99 0 0 0 0  0  0  0  0 0 0  1  0  0  0  0  0   1    17
100   100 0 0 0 0  0  0  0  0 0 0  0  0  0  0  0  0   0    18
101   101 0 0 0 0  0  0  0  0 0 0  0  0  0  0  0  0   0     4
102   102 0 0 0 0  0  0  0  0 0 0  0  0  0  1  0  0   1     6
103   103 0 0 0 0  0  0  0  0 0 0  0  0  0  0  0  0   0     8
104   104 0 0 0 0  0  0  0  0 0 0  0  0  0  0  0  0   0     3
105   105 0 0 0 0  0  0  0  0 0 0  0  0  0  0  0  0   0     7
106   106 0 0 0 0  0  0  0  0 0 0  0  0  0  0  0  0   0     3
107   107 0 0 0 0  0  0  0  0 0 0  0  0  1  0  0  0   1     3
108   108 0 0 0 0  0  0  0  0 0 0  0  0  0  0  0  0   0     0
109   109 0 0 0 0  0  0  0  0 0 0  0  1  1  0  0  0   2     3
110   110 0 0 0 0  0  0  0  0 0 0  0  0  0  0  0  0   0     1
111   111 0 0 0 0  0  0  0  0 0 0  0  0  0  0  0  0   0     0
112   112 0 0 0 0  0  0  0  0 0 0  0  0  0  0  1  0   1     1
113   113 0 0 0 0  0  0  0  0 0 0  0  0  0  0  0  0   0     0
114   114 0 0 0 0  0  0  0  0 0 0  0  0  0  0  0  0   0     0
115   115 0 0 0 0  0  0  0  0 0 0  0  0  0  0  0  0   0     0
116   116 0 0 0 0  0  0  0  0 0 0  0  0  0  0  0  0   0     1
117   117 0 0 0 0  0  0  0  0 0 0  0  0  0  0  0  0   0     0
118   118 0 0 0 0  0  0  0  0 0 0  0  0  0  0  0  0   0     0
119   119 0 0 0 0  0  0  0  0 0 0  0  0  0  0  0  0   0     0
120   120 0 0 0 0  0  0  0  0 0 0  0  0  0  0  0  0   0     0
121   121 0 0 0 0  0  0  0  0 0 0  0  0  0  0  0  0   0     0
122   122 0 0 0 0  0  0  0  0 0 0  0  0  0  0  0  0   0     0
123   123 0 0 0 0  0  0  0  0 0 0  0  0  0  0  0  0   0     0
124   124 0 0 0 0  0  0  0  0 0 0  0  0  0  0  0  0   0     0
125   125 0 0 0 0  0  0  0  0 0 0  0  0  0  0  0  0   0     0
126   126 0 0 0 0  0  0  0  0 0 0  0  0  0  0  0  0   0     0
127   127 0 0 0 0  0  0  0  0 0 0  0  0  0  0  0  0   0     0
128   128 0 0 0 0  0  0  0  0 0 0  0  0  0  0  0  0   0     0
129   129 0 0 0 0  0  0  0  0 0 0  0  0  0  0  0  0   0     0
130   130 0 0 0 0  0  0  0  0 0 0  0  0  0  0  0  0   0     0
131   131 0 0 0 0  0  0  0  0 0 0  0  0  0  0  0  0   0     0
132   132 0 0 0 0  0  0  0  0 0 0  0  0  0  0  0  0   0     0
133   133 0 0 0 0  0  0  0  0 0 0  0  0  0  0  0  0   0     0
134   134 0 0 0 0  0  0  0  0 0 0  0  0  0  0  0  0   0     0
135   135 0 0 0 0  0  0  0  0 0 0  0  0  0  0  0  0   0     0
136   136 0 0 0 0  0  0  0  0 0 0  0  0  0  0  0  0   0     0
137   137 0 0 0 0  0  0  0  0 0 0  0  0  0  0  0  0   0     0
138   138 0 0 0 0  0  0  0  0 0 0  0  0  0  0  0  0   0     0
139   139 0 0 0 0  0  0  0  0 0 0  0  0  0  0  0  0   0     0
140   140 0 0 0 0  0  0  0  0 0 0  0  0  0  0  0  0   0     0
141   141 0 0 0 0  0  0  0  0 0 0  0  0  0  0  0  0   0     0
142   142 0 0 0 0  0  0  0  0 0 0  0  0  0  0  0  0   0     0
143   143 0 0 0 0  0  0  0  0 0 0  0  0  0  0  0  0   0     0
144   144 0 0 0 0  0  0  0  0 0 0  0  0  0  0  0  0   0     0
145   145 0 0 0 0  0  0  0  0 0 0  0  0  0  0  0  0   0     0
146   146 0 0 0 0  0  0  0  0 0 0  0  0  0  0  0  0   0     0
147   147 0 0 0 0  0  0  0  0 0 0  0  0  0  0  0  0   0     0
148   148 0 0 0 0  0  0  0  0 0 0  0  0  0  0  0  0   0     0
149   149 0 0 0 0  0  0  0  0 0 0  0  0  0  0  0  0   0     0
150   150 0 0 0 0  0  0  0  0 0 0  0  0  0  0  0  0   0     0

$ALK.j
    longd 0 1 2     3      4      5      6     7     8     9    10    11    12    13 14 15    Sum Matad
1       1 0 0 0 0.000  0.000  0.000  0.000 0.000 0.000 0.000 0.000 0.000 0.000 0.000  0  0  0.000     0
2       2 0 0 0 0.000  0.000  0.000  0.000 0.000 0.000 0.000 0.000 0.000 0.000 0.000  0  0  0.000     0
3       3 0 0 0 0.000  0.000  0.000  0.000 0.000 0.000 0.000 0.000 0.000 0.000 0.000  0  0  0.000     0
4       4 0 0 0 0.000  0.000  0.000  0.000 0.000 0.000 0.000 0.000 0.000 0.000 0.000  0  0  0.000     0
5       5 0 0 0 0.000  0.000  0.000  0.000 0.000 0.000 0.000 0.000 0.000 0.000 0.000  0  0  0.000     0
6       6 0 0 0 0.000  0.000  0.000  0.000 0.000 0.000 0.000 0.000 0.000 0.000 0.000  0  0  0.000     0
7       7 0 0 0 0.000  0.000  0.000  0.000 0.000 0.000 0.000 0.000 0.000 0.000 0.000  0  0  0.000     0
8       8 0 0 0 0.000  0.000  0.000  0.000 0.000 0.000 0.000 0.000 0.000 0.000 0.000  0  0  0.000     0
9       9 0 0 0 0.000  0.000  0.000  0.000 0.000 0.000 0.000 0.000 0.000 0.000 0.000  0  0  0.000     0
10     10 0 0 0 0.000  0.000  0.000  0.000 0.000 0.000 0.000 0.000 0.000 0.000 0.000  0  0  0.000     0
11     11 0 0 0 0.000  0.000  0.000  0.000 0.000 0.000 0.000 0.000 0.000 0.000 0.000  0  0  0.000     0
12     12 0 0 0 0.000  0.000  0.000  0.000 0.000 0.000 0.000 0.000 0.000 0.000 0.000  0  0  0.000     0
13     13 0 0 0 0.000  0.000  0.000  0.000 0.000 0.000 0.000 0.000 0.000 0.000 0.000  0  0  0.000     0
14     14 0 0 0 0.000  0.000  0.000  0.000 0.000 0.000 0.000 0.000 0.000 0.000 0.000  0  0  0.000     0
15     15 0 0 0 0.000  0.000  0.000  0.000 0.000 0.000 0.000 0.000 0.000 0.000 0.000  0  0  0.000     0
16     16 0 0 0 0.000  0.000  0.000  0.000 0.000 0.000 0.000 0.000 0.000 0.000 0.000  0  0  0.000     0
17     17 0 0 0 0.000  0.000  0.000  0.000 0.000 0.000 0.000 0.000 0.000 0.000 0.000  0  0  0.000     0
18     18 0 0 0 0.000  0.000  0.000  0.000 0.000 0.000 0.000 0.000 0.000 0.000 0.000  0  0  0.000     0
19     19 0 0 0 0.000  0.000  0.000  0.000 0.000 0.000 0.000 0.000 0.000 0.000 0.000  0  0  0.000     0
20     20 0 0 0 0.000  0.000  0.000  0.000 0.000 0.000 0.000 0.000 0.000 0.000 0.000  0  0  0.000     0
21     21 0 0 0 0.000  0.000  0.000  0.000 0.000 0.000 0.000 0.000 0.000 0.000 0.000  0  0  0.000     0
22     22 0 0 0 0.000  0.000  0.000  0.000 0.000 0.000 0.000 0.000 0.000 0.000 0.000  0  0  0.000     0
23     23 0 0 0 0.000  0.000  0.000  0.000 0.000 0.000 0.000 0.000 0.000 0.000 0.000  0  0  0.000     0
24     24 0 0 0 0.000  0.000  0.000  0.000 0.000 0.000 0.000 0.000 0.000 0.000 0.000  0  0  0.000     0
25     25 0 0 0 0.000  0.000  0.000  0.000 0.000 0.000 0.000 0.000 0.000 0.000 0.000  0  0  0.000     0
26     26 0 0 0 0.000  0.000  0.000  0.000 0.000 0.000 0.000 0.000 0.000 0.000 0.000  0  0  0.000     0
27     27 0 0 0 0.000  0.000  0.000  0.000 0.000 0.000 0.000 0.000 0.000 0.000 0.000  0  0  0.000     0
28     28 0 0 0 0.000  0.000  0.000  0.000 0.000 0.000 0.000 0.000 0.000 0.000 0.000  0  0  0.000     0
29     29 0 0 0 0.000  0.000  0.000  0.000 0.000 0.000 0.000 0.000 0.000 0.000 0.000  0  0  0.000     0
30     30 0 0 0 0.000  0.000  0.000  0.000 0.000 0.000 0.000 0.000 0.000 0.000 0.000  0  0  0.000     0
31     31 0 0 0 0.000  0.000  0.000  0.000 0.000 0.000 0.000 0.000 0.000 0.000 0.000  0  0  0.000     0
32     32 0 0 0 0.000  0.000  0.000  0.000 0.000 0.000 0.000 0.000 0.000 0.000 0.000  0  0  0.000     0
33     33 0 0 0 0.000  0.000  0.000  0.000 0.000 0.000 0.000 0.000 0.000 0.000 0.000  0  0  0.000     0
34     34 0 0 0 0.000  0.000  0.000  0.000 0.000 0.000 0.000 0.000 0.000 0.000 0.000  0  0  0.000     0
35     35 0 0 0 0.001  0.000  0.000  0.000 0.000 0.000 0.000 0.000 0.000 0.000 0.000  0  0  0.001     0
36     36 0 0 0 0.002  0.001  0.000  0.000 0.000 0.000 0.000 0.000 0.000 0.000 0.000  0  0  0.002     0
37     37 0 0 0 0.004  0.002  0.000  0.000 0.000 0.000 0.000 0.000 0.000 0.000 0.000  0  0  0.006     0
38     38 0 0 0 0.010  0.004  0.000  0.000 0.000 0.000 0.000 0.000 0.000 0.000 0.000  0  0  0.015     0
39     39 0 0 0 0.023  0.012  0.001  0.000 0.000 0.000 0.000 0.000 0.000 0.000 0.000  0  0  0.035     1
40     40 0 0 0 0.049  0.029  0.002  0.000 0.001 0.000 0.000 0.000 0.000 0.000 0.000  0  0  0.081    12
41     41 0 0 0 0.098  0.070  0.005  0.001 0.001 0.000 0.000 0.000 0.000 0.000 0.000  0  0  0.175    24
42     42 0 0 0 0.187  0.158  0.012  0.002 0.002 0.000 0.000 0.000 0.000 0.000 0.000  0  0  0.360    31
43     43 0 0 0 0.332  0.334  0.029  0.004 0.004 0.000 0.000 0.000 0.000 0.000 0.000  0  0  0.703    61
44     44 0 0 0 0.555  0.670  0.068  0.008 0.007 0.000 0.000 0.000 0.000 0.000 0.000  0  0  1.307    79
45     45 0 0 0 0.870  1.267  0.150  0.016 0.012 0.000 0.000 0.000 0.000 0.000 0.000  0  0  2.315   103
46     46 0 0 0 1.280  2.263  0.316  0.032 0.020 0.000 0.000 0.000 0.000 0.000 0.000  0  0  3.912   123
47     47 0 0 0 1.766  3.817  0.636  0.062 0.033 0.000 0.000 0.000 0.000 0.000 0.000  0  0  6.314   138
48     48 0 0 0 2.287  6.079  1.215  0.114 0.054 0.000 0.000 0.000 0.000 0.000 0.000  0  0  9.749   158
49     49 0 0 0 2.778  9.142  2.208  0.204 0.085 0.000 0.000 0.000 0.000 0.000 0.000  0  0 14.419   169
50     50 0 0 0 3.168 12.981  3.820  0.353 0.133 0.000 0.000 0.000 0.000 0.000 0.000  0  0 20.455   230
51     51 0 0 0 3.388 17.404  6.285  0.591 0.202 0.000 0.000 0.000 0.000 0.000 0.000  0  0 27.871   280
52     52 0 0 0 3.401 22.032  9.838  0.955 0.301 0.001 0.000 0.000 0.000 0.000 0.000  0  0 36.528   360
53     53 0 0 0 3.203 26.336 14.650  1.493 0.438 0.001 0.000 0.000 0.000 0.000 0.000  0  0 46.121   429
54     54 0 0 0 2.831 29.724 20.754  2.255 0.623 0.002 0.000 0.000 0.000 0.000 0.000  0  0 56.190   519
55     55 0 0 0 2.348 31.678 27.970  3.295 0.867 0.003 0.000 0.000 0.000 0.000 0.000  0  0 66.160   530
56     56 0 0 0 1.827 31.876 35.860  4.654 1.179 0.004 0.000 0.000 0.000 0.000 0.000  0  0 75.401   545
57     57 0 0 0 1.334 30.287 43.739  6.356 1.567 0.007 0.000 0.000 0.000 0.000 0.000  0  0 83.289   660
58     58 0 0 0 0.914 27.172 50.752  8.393 2.036 0.010 0.000 0.000 0.000 0.000 0.000  0  0 89.277   623
59     59 0 0 0 0.587 23.018 56.023 10.715 2.588 0.015 0.000 0.000 0.000 0.000 0.000  0  0 92.946   591
60     60 0 0 0 0.354 18.411 58.831 13.226 3.215 0.023 0.000 0.000 0.000 0.000 0.000  0  0 94.060   673
61     61 0 0 0 0.201 13.905 58.774 15.784 3.904 0.033 0.000 0.000 0.000 0.000 0.000  0  0 92.601   680
62     62 0 0 0 0.106  9.916 55.859 18.212 4.636 0.047 0.000 0.000 0.000 0.000 0.000  0  0 88.777   613
63     63 0 0 0 0.053  6.677 50.504 20.318 5.383 0.066 0.000 0.000 0.000 0.000 0.000  0  0 83.001   555
64     64 0 0 0 0.025  4.245 43.441 21.916 6.110 0.090 0.000 0.000 0.000 0.000 0.000  0  0 75.827   512
65     65 0 0 0 0.011  2.549 35.546 22.856 6.781 0.121 0.000 0.000 0.000 0.000 0.000  0  0 67.864   528
66     66 0 0 0 0.004  1.445 27.671 23.047 7.357 0.160 0.000 0.000 0.000 0.000 0.000  0  0 59.684   400
67     67 0 0 0 0.002  0.773 20.492 22.468 7.805 0.207 0.000 0.000 0.000 0.000 0.000  0  0 51.747   387
68     68 0 0 0 0.001  0.391 14.437 21.178 8.095 0.264 0.000 0.000 0.000 0.000 0.000  0  0 44.365   335
69     69 0 0 0 0.000  0.186  9.676 19.301 8.208 0.329 0.000 0.000 0.000 0.000 0.000  0  0 37.701   328
70     70 0 0 0 0.000  0.084  6.169 17.007 8.137 0.403 0.000 0.000 0.000 0.000 0.000  0  0 31.802   305
71     71 0 0 0 0.000  0.036  3.742 14.489 7.887 0.485 0.000 0.000 0.000 0.000 0.000  0  0 26.640   229
72     72 0 0 0 0.000  0.014  2.159 11.935 7.475 0.572 0.000 0.000 0.000 0.000 0.000  0  0 22.156   210
73     73 0 0 0 0.000  0.005  1.185  9.505 6.925 0.663 0.000 0.001 0.001 0.000 0.000  0  0 18.286   192
74     74 0 0 0 0.000  0.002  0.619  7.319 6.273 0.753 0.000 0.002 0.001 0.000 0.000  0  0 14.970   136
75     75 0 0 0 0.000  0.001  0.308  5.449 5.556 0.840 0.000 0.004 0.003 0.000 0.000  0  0 12.160   124
76     76 0 0 0 0.000  0.000  0.145  3.922 4.811 0.920 0.000 0.007 0.005 0.001 0.000  0  0  9.810   114
77     77 0 0 0 0.000  0.000  0.065  2.729 4.072 0.988 0.000 0.013 0.008 0.002 0.000  0  0  7.878    84
78     78 0 0 0 0.000  0.000  0.028  1.837 3.371 1.041 0.000 0.022 0.014 0.003 0.000  0  0  6.315    73
79     79 0 0 0 0.000  0.000  0.011  1.195 2.728 1.077 0.001 0.036 0.023 0.005 0.000  0  0  5.076    56
80     80 0 0 0 0.000  0.000  0.004  0.752 2.158 1.093 0.005 0.058 0.037 0.009 0.001  0  0  4.116    73
81     81 0 0 0 0.000  0.000  0.002  0.457 1.669 1.089 0.022 0.089 0.056 0.015 0.001  0  0  3.401    64
82     82 0 0 0 0.000  0.000  0.001  0.269 1.262 1.065 0.080 0.132 0.084 0.024 0.003  0  0  2.919    68
83     83 0 0 0 0.000  0.000  0.000  0.153 0.933 1.022 0.233 0.190 0.121 0.037 0.005  0  0  2.694    68
84     84 0 0 0 0.000  0.000  0.000  0.084 0.675 0.962 0.566 0.262 0.169 0.056 0.008  0  0  2.782    55
85     85 0 0 0 0.000  0.000  0.000  0.045 0.477 0.889 1.135 0.349 0.229 0.082 0.013  0  0  3.219    62
86     86 0 0 0 0.000  0.000  0.000  0.023 0.330 0.806 1.885 0.447 0.299 0.117 0.021  0  0  3.928    45
87     87 0 0 0 0.000  0.000  0.000  0.011 0.223 0.717 2.589 0.553 0.379 0.162 0.032  0  0  4.666    74
88     88 0 0 0 0.000  0.000  0.000  0.005 0.147 0.627 2.943 0.659 0.464 0.217 0.047  0  0  5.109    51
89     89 0 0 0 0.000  0.000  0.000  0.003 0.095 0.537 2.768 0.757 0.551 0.282 0.067  0  0  5.058    57
90     90 0 0 0 0.000  0.000  0.000  0.001 0.060 0.452 2.154 0.837 0.632 0.356 0.090  0  0  4.582    72
91     91 0 0 0 0.000  0.000  0.000  0.000 0.037 0.373 1.387 0.893 0.702 0.435 0.117  0  0  3.945    62
92     92 0 0 0 0.000  0.000  0.000  0.000 0.022 0.302 0.739 0.918 0.755 0.516 0.145  0  0  3.399    72
93     93 0 0 0 0.000  0.000  0.000  0.000 0.013 0.240 0.326 0.910 0.786 0.594 0.174  0  0  3.043    51
94     94 0 0 0 0.000  0.000  0.000  0.000 0.008 0.187 0.119 0.869 0.792 0.663 0.200  0  0  2.838    48
95     95 0 0 0 0.000  0.000  0.000  0.000 0.004 0.143 0.036 0.800 0.772 0.718 0.221  0  0  2.695    60
96     96 0 0 0 0.000  0.000  0.000  0.000 0.002 0.108 0.009 0.709 0.729 0.754 0.235  0  0  2.546    36
97     97 0 0 0 0.000  0.000  0.000  0.000 0.001 0.079 0.002 0.606 0.666 0.767 0.239  0  0  2.362    36
98     98 0 0 0 0.000  0.000  0.000  0.000 0.001 0.057 0.000 0.500 0.589 0.758 0.235  0  0  2.139    12
99     99 0 0 0 0.000  0.000  0.000  0.000 0.000 0.041 0.000 0.397 0.504 0.726 0.221  0  0  1.889    17
100   100 0 0 0 0.000  0.000  0.000  0.000 0.000 0.028 0.000 0.304 0.417 0.674 0.200  0  0  1.624    18
101   101 0 0 0 0.000  0.000  0.000  0.000 0.000 0.019 0.000 0.224 0.334 0.608 0.174  0  0  1.359     4
102   102 0 0 0 0.000  0.000  0.000  0.000 0.000 0.013 0.000 0.159 0.259 0.531 0.145  0  0  1.108     6
103   103 0 0 0 0.000  0.000  0.000  0.000 0.000 0.009 0.000 0.109 0.195 0.450 0.117  0  0  0.879     8
104   104 0 0 0 0.000  0.000  0.000  0.000 0.000 0.006 0.000 0.072 0.142 0.370 0.090  0  0  0.679     3
105   105 0 0 0 0.000  0.000  0.000  0.000 0.000 0.004 0.000 0.046 0.100 0.295 0.067  0  0  0.510     7
106   106 0 0 0 0.000  0.000  0.000  0.000 0.000 0.002 0.000 0.028 0.068 0.228 0.047  0  0  0.373     3
107   107 0 0 0 0.000  0.000  0.000  0.000 0.000 0.001 0.000 0.017 0.045 0.171 0.032  0  0  0.266     3
108   108 0 0 0 0.000  0.000  0.000  0.000 0.000 0.001 0.000 0.009 0.028 0.124 0.021  0  0  0.184     0
109   109 0 0 0 0.000  0.000  0.000  0.000 0.000 0.000 0.000 0.005 0.018 0.088 0.013  0  0  0.124     3
110   110 0 0 0 0.000  0.000  0.000  0.000 0.000 0.000 0.000 0.003 0.011 0.060 0.008  0  0  0.082     1
111   111 0 0 0 0.000  0.000  0.000  0.000 0.000 0.000 0.000 0.001 0.006 0.040 0.005  0  0  0.052     0
112   112 0 0 0 0.000  0.000  0.000  0.000 0.000 0.000 0.000 0.001 0.003 0.026 0.003  1  0  1.032     1
113   113 0 0 0 0.000  0.000  0.000  0.000 0.000 0.000 0.000 0.000 0.002 0.016 0.001  0  0  0.020     0
114   114 0 0 0 0.000  0.000  0.000  0.000 0.000 0.000 0.000 0.000 0.001 0.010 0.001  0  0  0.012     0
115   115 0 0 0 0.000  0.000  0.000  0.000 0.000 0.000 0.000 0.000 0.000 0.006 0.000  0  0  0.007     0
116   116 0 0 0 0.000  0.000  0.000  0.000 0.000 0.000 0.000 0.000 0.000 0.003 0.000  0  0  0.004     1
117   117 0 0 0 0.000  0.000  0.000  0.000 0.000 0.000 0.000 0.000 0.000 0.002 0.000  0  0  0.002     0
118   118 0 0 0 0.000  0.000  0.000  0.000 0.000 0.000 0.000 0.000 0.000 0.001 0.000  0  0  0.001     0
119   119 0 0 0 0.000  0.000  0.000  0.000 0.000 0.000 0.000 0.000 0.000 0.000 0.000  0  0  0.001     0
120   120 0 0 0 0.000  0.000  0.000  0.000 0.000 0.000 0.000 0.000 0.000 0.000 0.000  0  0  0.000     0
121   121 0 0 0 0.000  0.000  0.000  0.000 0.000 0.000 0.000 0.000 0.000 0.000 0.000  0  0  0.000     0
122   122 0 0 0 0.000  0.000  0.000  0.000 0.000 0.000 0.000 0.000 0.000 0.000 0.000  0  0  0.000     0
123   123 0 0 0 0.000  0.000  0.000  0.000 0.000 0.000 0.000 0.000 0.000 0.000 0.000  0  0  0.000     0
124   124 0 0 0 0.000  0.000  0.000  0.000 0.000 0.000 0.000 0.000 0.000 0.000 0.000  0  0  0.000     0
125   125 0 0 0 0.000  0.000  0.000  0.000 0.000 0.000 0.000 0.000 0.000 0.000 0.000  0  0  0.000     0
126   126 0 0 0 0.000  0.000  0.000  0.000 0.000 0.000 0.000 0.000 0.000 0.000 0.000  0  0  0.000     0
127   127 0 0 0 0.000  0.000  0.000  0.000 0.000 0.000 0.000 0.000 0.000 0.000 0.000  0  0  0.000     0
128   128 0 0 0 0.000  0.000  0.000  0.000 0.000 0.000 0.000 0.000 0.000 0.000 0.000  0  0  0.000     0
129   129 0 0 0 0.000  0.000  0.000  0.000 0.000 0.000 0.000 0.000 0.000 0.000 0.000  0  0  0.000     0
130   130 0 0 0 0.000  0.000  0.000  0.000 0.000 0.000 0.000 0.000 0.000 0.000 0.000  0  0  0.000     0
131   131 0 0 0 0.000  0.000  0.000  0.000 0.000 0.000 0.000 0.000 0.000 0.000 0.000  0  0  0.000     0
132   132 0 0 0 0.000  0.000  0.000  0.000 0.000 0.000 0.000 0.000 0.000 0.000 0.000  0  0  0.000     0
133   133 0 0 0 0.000  0.000  0.000  0.000 0.000 0.000 0.000 0.000 0.000 0.000 0.000  0  0  0.000     0
134   134 0 0 0 0.000  0.000  0.000  0.000 0.000 0.000 0.000 0.000 0.000 0.000 0.000  0  0  0.000     0
135   135 0 0 0 0.000  0.000  0.000  0.000 0.000 0.000 0.000 0.000 0.000 0.000 0.000  0  0  0.000     0
136   136 0 0 0 0.000  0.000  0.000  0.000 0.000 0.000 0.000 0.000 0.000 0.000 0.000  0  0  0.000     0
137   137 0 0 0 0.000  0.000  0.000  0.000 0.000 0.000 0.000 0.000 0.000 0.000 0.000  0  0  0.000     0
138   138 0 0 0 0.000  0.000  0.000  0.000 0.000 0.000 0.000 0.000 0.000 0.000 0.000  0  0  0.000     0
139   139 0 0 0 0.000  0.000  0.000  0.000 0.000 0.000 0.000 0.000 0.000 0.000 0.000  0  0  0.000     0
140   140 0 0 0 0.000  0.000  0.000  0.000 0.000 0.000 0.000 0.000 0.000 0.000 0.000  0  0  0.000     0
141   141 0 0 0 0.000  0.000  0.000  0.000 0.000 0.000 0.000 0.000 0.000 0.000 0.000  0  0  0.000     0
142   142 0 0 0 0.000  0.000  0.000  0.000 0.000 0.000 0.000 0.000 0.000 0.000 0.000  0  0  0.000     0
143   143 0 0 0 0.000  0.000  0.000  0.000 0.000 0.000 0.000 0.000 0.000 0.000 0.000  0  0  0.000     0
144   144 0 0 0 0.000  0.000  0.000  0.000 0.000 0.000 0.000 0.000 0.000 0.000 0.000  0  0  0.000     0
145   145 0 0 0 0.000  0.000  0.000  0.000 0.000 0.000 0.000 0.000 0.000 0.000 0.000  0  0  0.000     0
146   146 0 0 0 0.000  0.000  0.000  0.000 0.000 0.000 0.000 0.000 0.000 0.000 0.000  0  0  0.000     0
147   147 0 0 0 0.000  0.000  0.000  0.000 0.000 0.000 0.000 0.000 0.000 0.000 0.000  0  0  0.000     0
148   148 0 0 0 0.000  0.000  0.000  0.000 0.000 0.000 0.000 0.000 0.000 0.000 0.000  0  0  0.000     0
149   149 0 0 0 0.000  0.000  0.000  0.000 0.000 0.000 0.000 0.000 0.000 0.000 0.000  0  0  0.000     0
150   150 0 0 0 0.000  0.000  0.000  0.000 0.000 0.000 0.000 0.000 0.000 0.000 0.000  0  0  0.000     0


 .... [TRUNCATED] 
>>>>>>>>>>>>>> 	 ALD-lykil 	 <<<<<<<<<<<<
 .... [TRUNCATED] 
$ALD
              0        1        2        3        4        5        6        7        8        9       10       11       12       13
1         0.000    0.000    0.000    0.000    0.000    0.000    0.000    0.000    0.000    0.000    0.000    0.000    0.000    0.000
2         0.000    0.000    0.000    0.000    0.000    0.000    0.000    0.000    0.000    0.000    0.000    0.000    0.000    0.000
3         0.000    0.000    0.000    0.000    0.000    0.000    0.000    0.000    0.000    0.000    0.000    0.000    0.000    0.000
4         0.000    0.000    0.000    0.000    0.000    0.000    0.000    0.000    0.000    0.000    0.000    0.000    0.000    0.000
5         0.000    0.000    0.000    0.000    0.000    0.000    0.000    0.000    0.000    0.000    0.000    0.000    0.000    0.000
6         0.000    0.000    0.000    0.000    0.000    0.000    0.000    0.000    0.000    0.000    0.000    0.000    0.000    0.000
7         0.000    0.000    0.000    0.000    0.000    0.000    0.000    0.000    0.000    0.000    0.000    0.000    0.000    0.000
8         0.000    0.000    0.000    0.000    0.000    0.000    0.000    0.000    0.000    0.000    0.000    0.000    0.000    0.000
9         0.000    0.000    0.000    0.000    0.000    0.000    0.000    0.000    0.000    0.000    0.000    0.000    0.000    0.000
10        0.000    0.000    0.000    0.000    0.000    0.000    0.000    0.000    0.000    0.000    0.000    0.000    0.000    0.000
11        0.000    0.000    0.000    0.000    0.000    0.000    0.000    0.000    0.000    0.000    0.000    0.000    0.000    0.000
12        0.000    0.000    0.000    0.000    0.000    0.000    0.000    0.000    0.000    0.000    0.000    0.000    0.000    0.000
13        0.000    0.000    0.000    0.000    0.000    0.000    0.000    0.000    0.000    0.000    0.000    0.000    0.000    0.000
14        0.000    0.000    0.000    0.000    0.000    0.000    0.000    0.000    0.000    0.000    0.000    0.000    0.000    0.000
15        0.000    0.000    0.000    0.000    0.000    0.000    0.000    0.000    0.000    0.000    0.000    0.000    0.000    0.000
16        0.000    0.000    0.000    0.000    0.000    0.000    0.000    0.000    0.000    0.000    0.000    0.000    0.000    0.000
17        0.000    0.000    0.000    0.000    0.000    0.000    0.000    0.000    0.000    0.000    0.000    0.000    0.000    0.000
18        0.000    0.000    0.000    0.000    0.000    0.000    0.000    0.000    0.000    0.000    0.000    0.000    0.000    0.000
19        0.000    0.000    0.000    0.000    0.000    0.000    0.000    0.000    0.000    0.000    0.000    0.000    0.000    0.000
20        0.000    0.000    0.000    0.000    0.000    0.000    0.000    0.000    0.000    0.000    0.000    0.000    0.000    0.000
21        0.000    0.000    0.000    0.000    0.000    0.000    0.000    0.000    0.000    0.000    0.000    0.000    0.000    0.000
22        0.000    0.000    0.000    0.000    0.000    0.000    0.000    0.000    0.000    0.000    0.000    0.000    0.000    0.000
23        0.000    0.000    0.000    0.000    0.000    0.000    0.000    0.000    0.000    0.000    0.000    0.000    0.000    0.000
24        0.000    0.000    0.000    0.000    0.000    0.000    0.000    0.000    0.000    0.000    0.000    0.000    0.000    0.000
25        0.000    0.000    0.000    0.000    0.000    0.000    0.000    0.000    0.000    0.000    0.000    0.000    0.000    0.000
26        0.000    0.000    0.000    0.000    0.000    0.000    0.000    0.000    0.000    0.000    0.000    0.000    0.000    0.000
27        0.000    0.000    0.000    0.000    0.000    0.000    0.000    0.000    0.000    0.000    0.000    0.000    0.000    0.000
28        0.000    0.000    0.000    0.000    0.000    0.000    0.000    0.000    0.000    0.000    0.000    0.000    0.000    0.000
29        0.000    0.000    0.000    0.000    0.000    0.000    0.000    0.000    0.000    0.000    0.000    0.000    0.000    0.000
30        0.000    0.000    0.000    0.000    0.000    0.000    0.000    0.000    0.000    0.000    0.000    0.000    0.000    0.000
31        0.000    0.000    0.000    0.000    0.000    0.000    0.000    0.000    0.000    0.000    0.000    0.000    0.000    0.000
32        0.000    0.000    0.000    0.000    0.000    0.000    0.000    0.000    0.000    0.000    0.000    0.000    0.000    0.000
33        0.000    0.000    0.000    0.000    0.000    0.000    0.000    0.000    0.000    0.000    0.000    0.000    0.000    0.000
34        0.000    0.000    0.000    0.000    0.000    0.000    0.000    0.000    0.000    0.000    0.000    0.000    0.000    0.000
35        0.000    0.000    0.000    0.000    0.000    0.000    0.000    0.000    0.000    0.000    0.000    0.000    0.000    0.000
36        0.000    0.000    0.000    0.000    0.000    0.000    0.000    0.000    0.000    0.000    0.000    0.000    0.000    0.000
37        0.000    0.000    0.000    0.000    0.000    0.000    0.000    0.000    0.000    0.000    0.000    0.000    0.000    0.000
38        0.000    0.000    0.000    0.000    0.000    0.000    0.000    0.000    0.000    0.000    0.000    0.000    0.000    0.000
39        0.000    0.000    0.000    0.000    0.000    0.000    0.000    0.000    0.000    0.000    0.000    0.000    0.000    0.000
40        0.000    0.000    0.000    0.000   12.000    0.000    0.000    0.000    0.000    0.000    0.000    0.000    0.000    0.000
41        0.000    0.000    0.000    0.000    0.000    0.000    0.000    0.000    0.000    0.000    0.000    0.000    0.000    0.000
42        0.000    0.000    0.000   31.000    0.000    0.000    0.000    0.000    0.000    0.000    0.000    0.000    0.000    0.000
43        0.000    0.000    0.000    0.000    0.000    0.000    0.000    0.000    0.000    0.000    0.000    0.000    0.000    0.000
44        0.000    0.000    0.000   52.667   26.333    0.000    0.000    0.000    0.000    0.000    0.000    0.000    0.000    0.000
45        0.000    0.000    0.000    0.000    0.000    0.000    0.000    0.000    0.000    0.000    0.000    0.000    0.000    0.000
46        0.000    0.000    0.000    0.000  123.000    0.000    0.000    0.000    0.000    0.000    0.000    0.000    0.000    0.000
47        0.000    0.000    0.000   34.500   69.000   34.500    0.000    0.000    0.000    0.000    0.000    0.000    0.000    0.000
48        0.000    0.000    0.000   39.500   92.167   26.333    0.000    0.000    0.000    0.000    0.000    0.000    0.000    0.000
49        0.000    0.000    0.000   61.455   76.818   30.727    0.000    0.000    0.000    0.000    0.000    0.000    0.000    0.000
50        0.000    0.000    0.000   14.375  186.875   28.750    0.000    0.000    0.000    0.000    0.000    0.000    0.000    0.000
51        0.000    0.000    0.000   37.333  205.333   37.333    0.000    0.000    0.000    0.000    0.000    0.000    0.000    0.000
52        0.000    0.000    0.000   31.765  211.765   95.294   10.588   10.588    0.000    0.000    0.000    0.000    0.000    0.000
53        0.000    0.000    0.000   31.778  238.333  143.000   15.889    0.000    0.000    0.000    0.000    0.000    0.000    0.000
54        0.000    0.000    0.000    7.746  325.343  170.418   15.493    0.000    0.000    0.000    0.000    0.000    0.000    0.000
55        0.000    0.000    0.000   40.769  228.308  220.154   32.615    8.154    0.000    0.000    0.000    0.000    0.000    0.000
56        0.000    0.000    0.000    7.569  234.653  272.500   30.278    0.000    0.000    0.000    0.000    0.000    0.000    0.000
57        0.000    0.000    0.000   24.146  225.366  354.146   32.195   24.146    0.000    0.000    0.000    0.000    0.000    0.000
58        0.000    0.000    0.000    7.598  174.744  349.488   75.976   15.195    0.000    0.000    0.000    0.000    0.000    0.000
59        0.000    0.000    0.000    0.000  163.229  337.714   78.800   11.257    0.000    0.000    0.000    0.000    0.000    0.000
60        0.000    0.000    0.000    0.000  122.364  469.061   67.980   13.596    0.000    0.000    0.000    0.000    0.000    0.000
61        0.000    0.000    0.000    0.000   69.388  444.082  124.898   34.694    6.939    0.000    0.000    0.000    0.000    0.000
62        0.000    0.000    0.000    0.000   30.650  406.113  145.588   30.650    0.000    0.000    0.000    0.000    0.000    0.000
63        0.000    0.000    0.000    0.000   29.211  314.013  175.263   36.513    0.000    0.000    0.000    0.000    0.000    0.000
64        0.000    0.000    0.000    0.000   38.209  351.522   84.060   38.209    0.000    0.000    0.000    0.000    0.000    0.000
65        0.000    0.000    0.000    0.000   28.160  246.400  183.040   70.400    0.000    0.000    0.000    0.000    0.000    0.000
66        0.000    0.000    0.000    0.000   30.769  107.692  192.308   61.538    7.692    0.000    0.000    0.000    0.000    0.000
67        0.000    0.000    0.000    0.000    6.242  118.597  199.742   62.419    0.000    0.000    0.000    0.000    0.000    0.000
68        0.000    0.000    0.000    0.000   15.952  127.619  127.619   63.810    0.000    0.000    0.000    0.000    0.000    0.000
69        0.000    0.000    0.000    0.000    0.000   94.615  164.000   69.385    0.000    0.000    0.000    0.000    0.000    0.000
70        0.000    0.000    0.000    0.000    0.000   71.765  143.529   89.706    0.000    0.000    0.000    0.000    0.000    0.000
71        0.000    0.000    0.000    0.000    0.000   40.412   80.824   94.294   13.471    0.000    0.000    0.000    0.000    0.000
72        0.000    0.000    0.000    0.000    0.000   28.636  105.000   76.364    0.000    0.000    0.000    0.000    0.000    0.000
73        0.000    0.000    0.000    0.000    0.000   24.000  108.000   60.000    0.000    0.000    0.000    0.000    0.000    0.000
74        0.000    0.000    0.000    0.000    0.000   10.462   73.231   52.308    0.000    0.000    0.000    0.000    0.000    0.000
75        0.000    0.000    0.000    0.000    0.000    0.000   74.400   49.600    0.000    0.000    0.000    0.000    0.000    0.000
76        0.000    0.000    0.000    0.000    0.000    0.000   57.000   28.500   28.500    0.000    0.000    0.000    0.000    0.000
77        0.000    0.000    0.000    0.000    0.000    0.000   33.600   50.400    0.000    0.000    0.000    0.000    0.000    0.000
78        0.000    0.000    0.000    0.000    0.000    0.000   18.250   36.500   18.250    0.000    0.000    0.000    0.000    0.000
79        0.000    0.000    0.000    0.000    0.000    0.000   18.667   37.333    0.000    0.000    0.000    0.000    0.000    0.000
80        0.000    0.000    0.000    0.000    0.000    0.000   36.500    0.000    0.000    0.000   36.500    0.000    0.000    0.000
81        0.000    0.000    0.000    0.000    0.000    0.000   10.667   32.000   21.333    0.000    0.000    0.000    0.000    0.000
82        0.000    0.000    0.000    0.000    0.000    0.000    9.714   29.143   29.143    0.000    0.000    0.000    0.000    0.000
83        0.000    0.000    0.000    0.000    0.000    0.000    0.000   34.000   22.667   11.333    0.000    0.000    0.000    0.000
84        0.000    0.000    0.000    0.000    0.000    0.000    0.000   55.000    0.000    0.000    0.000    0.000    0.000    0.000
85        0.000    0.000    0.000    0.000    0.000    0.000    0.000    8.857   44.286    8.857    0.000    0.000    0.000    0.000
86        0.000    0.000    0.000    0.000    0.000    0.000    0.000   22.500    0.000   22.500    0.000    0.000    0.000    0.000
87        0.000    0.000    0.000    0.000    0.000    0.000   18.500    0.000    0.000   55.500    0.000    0.000    0.000    0.000
88        0.000    0.000    0.000    0.000    0.000    0.000    0.000    0.000    0.000   40.800    0.000   10.200    0.000    0.000
89        0.000    0.000    0.000    0.000    0.000    0.000    0.000    0.000    9.500   19.000   28.500    0.000    0.000    0.000
90        0.000    0.000    0.000    0.000    0.000    0.000    0.000    0.000   18.000   36.000    0.000   18.000    0.000    0.000
91        0.000    0.000    0.000    0.000    0.000    0.000    0.000    0.000    0.000   20.667   10.333   20.667   10.333    0.000
92        0.000    0.000    0.000    0.000    0.000    0.000    0.000    0.000    0.000   14.400   14.400   14.400   14.400   14.400
93        0.000    0.000    0.000    0.000    0.000    0.000    0.000    0.000    0.000    0.000   12.750   38.250    0.000    0.000
94        0.000    0.000    0.000    0.000    0.000    0.000    0.000    0.000    0.000    0.000    0.000    0.000   48.000    0.000
95        0.000    0.000    0.000    0.000    0.000    0.000    0.000    0.000    0.000    0.000   12.000   12.000   36.000    0.000
96        0.000    0.000    0.000    0.000    0.000    0.000    0.000    0.000    0.000    0.000   18.000    9.000    9.000    0.000
97        0.000    0.000    0.000    0.000    0.000    0.000    0.000    0.000    0.000    0.000    0.000    0.000   24.000   12.000
98        0.000    0.000    0.000    0.000    0.000    0.000    0.000    0.000    0.000    0.000   12.000    0.000    0.000    0.000
99        0.000    0.000    0.000    0.000    0.000    0.000    0.000    0.000    0.000    0.000   17.000    0.000    0.000    0.000
100       0.000    0.000    0.000    0.000    0.000    0.000    0.000    0.000    0.000    0.000    0.000    0.000    0.000    0.000
101       0.000    0.000    0.000    0.000    0.000    0.000    0.000    0.000    0.000    0.000    0.000    0.000    0.000    0.000
102       0.000    0.000    0.000    0.000    0.000    0.000    0.000    0.000    0.000    0.000    0.000    0.000    0.000    6.000
103       0.000    0.000    0.000    0.000    0.000    0.000    0.000    0.000    0.000    0.000    0.000    0.000    0.000    0.000
104       0.000    0.000    0.000    0.000    0.000    0.000    0.000    0.000    0.000    0.000    0.000    0.000    0.000    0.000
105       0.000    0.000    0.000    0.000    0.000    0.000    0.000    0.000    0.000    0.000    0.000    0.000    0.000    0.000
106       0.000    0.000    0.000    0.000    0.000    0.000    0.000    0.000    0.000    0.000    0.000    0.000    0.000    0.000
107       0.000    0.000    0.000    0.000    0.000    0.000    0.000    0.000    0.000    0.000    0.000    0.000    3.000    0.000
108       0.000    0.000    0.000    0.000    0.000    0.000    0.000    0.000    0.000    0.000    0.000    0.000    0.000    0.000
109       0.000    0.000    0.000    0.000    0.000    0.000    0.000    0.000    0.000    0.000    0.000    1.500    1.500    0.000
110       0.000    0.000    0.000    0.000    0.000    0.000    0.000    0.000    0.000    0.000    0.000    0.000    0.000    0.000
111       0.000    0.000    0.000    0.000    0.000    0.000    0.000    0.000    0.000    0.000    0.000    0.000    0.000    0.000
112       0.000    0.000    0.000    0.000    0.000    0.000    0.000    0.000    0.000    0.000    0.000    0.000    0.000    0.000
113       0.000    0.000    0.000    0.000    0.000    0.000    0.000    0.000    0.000    0.000    0.000    0.000    0.000    0.000
114       0.000    0.000    0.000    0.000    0.000    0.000    0.000    0.000    0.000    0.000    0.000    0.000    0.000    0.000
115       0.000    0.000    0.000    0.000    0.000    0.000    0.000    0.000    0.000    0.000    0.000    0.000    0.000    0.000
116       0.000    0.000    0.000    0.000    0.000    0.000    0.000    0.000    0.000    0.000    0.000    0.000    0.000    0.000
117       0.000    0.000    0.000    0.000    0.000    0.000    0.000    0.000    0.000    0.000    0.000    0.000    0.000    0.000
118       0.000    0.000    0.000    0.000    0.000    0.000    0.000    0.000    0.000    0.000    0.000    0.000    0.000    0.000
119       0.000    0.000    0.000    0.000    0.000    0.000    0.000    0.000    0.000    0.000    0.000    0.000    0.000    0.000
120       0.000    0.000    0.000    0.000    0.000    0.000    0.000    0.000    0.000    0.000    0.000    0.000    0.000    0.000
121       0.000    0.000    0.000    0.000    0.000    0.000    0.000    0.000    0.000    0.000    0.000    0.000    0.000    0.000
122       0.000    0.000    0.000    0.000    0.000    0.000    0.000    0.000    0.000    0.000    0.000    0.000    0.000    0.000
123       0.000    0.000    0.000    0.000    0.000    0.000    0.000    0.000    0.000    0.000    0.000    0.000    0.000    0.000
124       0.000    0.000    0.000    0.000    0.000    0.000    0.000    0.000    0.000    0.000    0.000    0.000    0.000    0.000
125       0.000    0.000    0.000    0.000    0.000    0.000    0.000    0.000    0.000    0.000    0.000    0.000    0.000    0.000
126       0.000    0.000    0.000    0.000    0.000    0.000    0.000    0.000    0.000    0.000    0.000    0.000    0.000    0.000
127       0.000    0.000    0.000    0.000    0.000    0.000    0.000    0.000    0.000    0.000    0.000    0.000    0.000    0.000
128       0.000    0.000    0.000    0.000    0.000    0.000    0.000    0.000    0.000    0.000    0.000    0.000    0.000    0.000
129       0.000    0.000    0.000    0.000    0.000    0.000    0.000    0.000    0.000    0.000    0.000    0.000    0.000    0.000
130       0.000    0.000    0.000    0.000    0.000    0.000    0.000    0.000    0.000    0.000    0.000    0.000    0.000    0.000
131       0.000    0.000    0.000    0.000    0.000    0.000    0.000    0.000    0.000    0.000    0.000    0.000    0.000    0.000
132       0.000    0.000    0.000    0.000    0.000    0.000    0.000    0.000    0.000    0.000    0.000    0.000    0.000    0.000
133       0.000    0.000    0.000    0.000    0.000    0.000    0.000    0.000    0.000    0.000    0.000    0.000    0.000    0.000
134       0.000    0.000    0.000    0.000    0.000    0.000    0.000    0.000    0.000    0.000    0.000    0.000    0.000    0.000
135       0.000    0.000    0.000    0.000    0.000    0.000    0.000    0.000    0.000    0.000    0.000    0.000    0.000    0.000
136       0.000    0.000    0.000    0.000    0.000    0.000    0.000    0.000    0.000    0.000    0.000    0.000    0.000    0.000
137       0.000    0.000    0.000    0.000    0.000    0.000    0.000    0.000    0.000    0.000    0.000    0.000    0.000    0.000
138       0.000    0.000    0.000    0.000    0.000    0.000    0.000    0.000    0.000    0.000    0.000    0.000    0.000    0.000
139       0.000    0.000    0.000    0.000    0.000    0.000    0.000    0.000    0.000    0.000    0.000    0.000    0.000    0.000
140       0.000    0.000    0.000    0.000    0.000    0.000    0.000    0.000    0.000    0.000    0.000    0.000    0.000    0.000
141       0.000    0.000    0.000    0.000    0.000    0.000    0.000    0.000    0.000    0.000    0.000    0.000    0.000    0.000
142       0.000    0.000    0.000    0.000    0.000    0.000    0.000    0.000    0.000    0.000    0.000    0.000    0.000    0.000
143       0.000    0.000    0.000    0.000    0.000    0.000    0.000    0.000    0.000    0.000    0.000    0.000    0.000    0.000
144       0.000    0.000    0.000    0.000    0.000    0.000    0.000    0.000    0.000    0.000    0.000    0.000    0.000    0.000
145       0.000    0.000    0.000    0.000    0.000    0.000    0.000    0.000    0.000    0.000    0.000    0.000    0.000    0.000
146       0.000    0.000    0.000    0.000    0.000    0.000    0.000    0.000    0.000    0.000    0.000    0.000    0.000    0.000
147       0.000    0.000    0.000    0.000    0.000    0.000    0.000    0.000    0.000    0.000    0.000    0.000    0.000    0.000
148       0.000    0.000    0.000    0.000    0.000    0.000    0.000    0.000    0.000    0.000    0.000    0.000    0.000    0.000
149       0.000    0.000    0.000    0.000    0.000    0.000    0.000    0.000    0.000    0.000    0.000    0.000    0.000    0.000
150       0.000    0.000    0.000    0.000    0.000    0.000    0.000    0.000    0.000    0.000    0.000    0.000    0.000    0.000
Sum       0.000    0.000    0.000  422.201 2964.211 4955.346 2544.212 1307.059  219.780  229.057  161.483  124.017  146.233   32.400
mW        0.000    0.000    0.000    1.042    1.344    1.802    2.434    2.919    4.148    5.282    5.796    6.042    6.537    6.714
mL        0.000    0.000    0.000   49.723   54.368   60.270   66.804   71.049   80.693   88.129   90.648   92.254   94.841   95.750
pA        0.000    0.000    0.000    0.032    0.226    0.378    0.194    0.100    0.017    0.017    0.012    0.009    0.011    0.002
tot.mW 2163.177 2163.177 2163.177 2163.177 2163.177 2163.177 2163.177 2163.177 2163.177 2163.177 2163.177 2163.177 2163.177 2163.177
tot.mL   62.922   62.922   62.922   62.922   62.922   62.922   62.922   62.922   62.922   62.922   62.922   62.922   62.922   62.922
             14       15     Matad       Sum
1         0.000    0.000     0.000     0.000
2         0.000    0.000     0.000     0.000
3         0.000    0.000     0.000     0.000
4         0.000    0.000     0.000     0.000
5         0.000    0.000     0.000     0.000
6         0.000    0.000     0.000     0.000
7         0.000    0.000     0.000     0.000
8         0.000    0.000     0.000     0.000
9         0.000    0.000     0.000     0.000
10        0.000    0.000     0.000     0.000
11        0.000    0.000     0.000     0.000
12        0.000    0.000     0.000     0.000
13        0.000    0.000     0.000     0.000
14        0.000    0.000     0.000     0.000
15        0.000    0.000     0.000     0.000
16        0.000    0.000     0.000     0.000
17        0.000    0.000     0.000     0.000
18        0.000    0.000     0.000     0.000
19        0.000    0.000     0.000     0.000
20        0.000    0.000     0.000     0.000
21        0.000    0.000     0.000     0.000
22        0.000    0.000     0.000     0.000
23        0.000    0.000     0.000     0.000
24        0.000    0.000     0.000     0.000
25        0.000    0.000     0.000     0.000
26        0.000    0.000     0.000     0.000
27        0.000    0.000     0.000     0.000
28        0.000    0.000     0.000     0.000
29        0.000    0.000     0.000     0.000
30        0.000    0.000     0.000     0.000
31        0.000    0.000     0.000     0.000
32        0.000    0.000     0.000     0.000
33        0.000    0.000     0.000     0.000
34        0.000    0.000     0.000     0.000
35        0.000    0.000     0.000     0.000
36        0.000    0.000     0.000     0.000
37        0.000    0.000     0.000     0.000
38        0.000    0.000     0.000     0.000
39        0.000    0.000     1.000     0.000
40        0.000    0.000    12.000    12.000
41        0.000    0.000    24.000     0.000
42        0.000    0.000    31.000    31.000
43        0.000    0.000    61.000     0.000
44        0.000    0.000    79.000    79.000
45        0.000    0.000   103.000     0.000
46        0.000    0.000   123.000   123.000
47        0.000    0.000   138.000   138.000
48        0.000    0.000   158.000   158.000
49        0.000    0.000   169.000   169.000
50        0.000    0.000   230.000   230.000
51        0.000    0.000   280.000   280.000
52        0.000    0.000   360.000   360.000
53        0.000    0.000   429.000   429.000
54        0.000    0.000   519.000   519.000
55        0.000    0.000   530.000   530.000
56        0.000    0.000   545.000   545.000
57        0.000    0.000   660.000   660.000
58        0.000    0.000   623.000   623.000
59        0.000    0.000   591.000   591.000
60        0.000    0.000   673.000   673.000
61        0.000    0.000   680.000   680.000
62        0.000    0.000   613.000   613.000
63        0.000    0.000   555.000   555.000
64        0.000    0.000   512.000   512.000
65        0.000    0.000   528.000   528.000
66        0.000    0.000   400.000   400.000
67        0.000    0.000   387.000   387.000
68        0.000    0.000   335.000   335.000
69        0.000    0.000   328.000   328.000
70        0.000    0.000   305.000   305.000
71        0.000    0.000   229.000   229.000
72        0.000    0.000   210.000   210.000
73        0.000    0.000   192.000   192.000
74        0.000    0.000   136.000   136.000
75        0.000    0.000   124.000   124.000
76        0.000    0.000   114.000   114.000
77        0.000    0.000    84.000    84.000
78        0.000    0.000    73.000    73.000
79        0.000    0.000    56.000    56.000
80        0.000    0.000    73.000    73.000
81        0.000    0.000    64.000    64.000
82        0.000    0.000    68.000    68.000
83        0.000    0.000    68.000    68.000
84        0.000    0.000    55.000    55.000
85        0.000    0.000    62.000    62.000
86        0.000    0.000    45.000    45.000
87        0.000    0.000    74.000    74.000
88        0.000    0.000    51.000    51.000
89        0.000    0.000    57.000    57.000
90        0.000    0.000    72.000    72.000
91        0.000    0.000    62.000    62.000
92        0.000    0.000    72.000    72.000
93        0.000    0.000    51.000    51.000
94        0.000    0.000    48.000    48.000
95        0.000    0.000    60.000    60.000
96        0.000    0.000    36.000    36.000
97        0.000    0.000    36.000    36.000
98        0.000    0.000    12.000    12.000
99        0.000    0.000    17.000    17.000
100       0.000    0.000    18.000     0.000
101       0.000    0.000     4.000     0.000
102       0.000    0.000     6.000     6.000
103       0.000    0.000     8.000     0.000
104       0.000    0.000     3.000     0.000
105       0.000    0.000     7.000     0.000
106       0.000    0.000     3.000     0.000
107       0.000    0.000     3.000     3.000
108       0.000    0.000     0.000     0.000
109       0.000    0.000     3.000     3.000
110       0.000    0.000     1.000     0.000
111       0.000    0.000     0.000     0.000
112       1.000    0.000     1.000     1.000
113       0.000    0.000     0.000     0.000
114       0.000    0.000     0.000     0.000
115       0.000    0.000     0.000     0.000
116       0.000    0.000     1.000     0.000
117       0.000    0.000     0.000     0.000
118       0.000    0.000     0.000     0.000
119       0.000    0.000     0.000     0.000
120       0.000    0.000     0.000     0.000
121       0.000    0.000     0.000     0.000
122       0.000    0.000     0.000     0.000
123       0.000    0.000     0.000     0.000
124       0.000    0.000     0.000     0.000
125       0.000    0.000     0.000     0.000
126       0.000    0.000     0.000     0.000
127       0.000    0.000     0.000     0.000
128       0.000    0.000     0.000     0.000
129       0.000    0.000     0.000     0.000
130       0.000    0.000     0.000     0.000
131       0.000    0.000     0.000     0.000
132       0.000    0.000     0.000     0.000
133       0.000    0.000     0.000     0.000
134       0.000    0.000     0.000     0.000
135       0.000    0.000     0.000     0.000
136       0.000    0.000     0.000     0.000
137       0.000    0.000     0.000     0.000
138       0.000    0.000     0.000     0.000
139       0.000    0.000     0.000     0.000
140       0.000    0.000     0.000     0.000
141       0.000    0.000     0.000     0.000
142       0.000    0.000     0.000     0.000
143       0.000    0.000     0.000     0.000
144       0.000    0.000     0.000     0.000
145       0.000    0.000     0.000     0.000
146       0.000    0.000     0.000     0.000
147       0.000    0.000     0.000     0.000
148       0.000    0.000     0.000     0.000
149       0.000    0.000     0.000     0.000
150       0.000    0.000     0.000     0.000
Sum       1.000    0.000 13341.000 13107.000
mW       10.505    0.000     0.000     0.000
mL      112.000    0.000     0.000     0.000
pA        0.000    0.000     0.000     0.000
tot.mW 2163.177 2163.177  2163.177  2163.177
tot.mL   62.922   62.922    62.922    62.922

$ALD.j
              0        1        2        3        4        5        6        7        8        9       10       11       12       13
1         0.000    0.000    0.000    0.000    0.000    0.000    0.000    0.000    0.000    0.000    0.000    0.000    0.000    0.000
2         0.000    0.000    0.000    0.000    0.000    0.000    0.000    0.000    0.000    0.000    0.000    0.000    0.000    0.000
3         0.000    0.000    0.000    0.000    0.000    0.000    0.000    0.000    0.000    0.000    0.000    0.000    0.000    0.000
4         0.000    0.000    0.000    0.000    0.000    0.000    0.000    0.000    0.000    0.000    0.000    0.000    0.000    0.000
5         0.000    0.000    0.000    0.000    0.000    0.000    0.000    0.000    0.000    0.000    0.000    0.000    0.000    0.000
6         0.000    0.000    0.000    0.000    0.000    0.000    0.000    0.000    0.000    0.000    0.000    0.000    0.000    0.000
7         0.000    0.000    0.000    0.000    0.000    0.000    0.000    0.000    0.000    0.000    0.000    0.000    0.000    0.000
8         0.000    0.000    0.000    0.000    0.000    0.000    0.000    0.000    0.000    0.000    0.000    0.000    0.000    0.000
9         0.000    0.000    0.000    0.000    0.000    0.000    0.000    0.000    0.000    0.000    0.000    0.000    0.000    0.000
10        0.000    0.000    0.000    0.000    0.000    0.000    0.000    0.000    0.000    0.000    0.000    0.000    0.000    0.000
11        0.000    0.000    0.000    0.000    0.000    0.000    0.000    0.000    0.000    0.000    0.000    0.000    0.000    0.000
12        0.000    0.000    0.000    0.000    0.000    0.000    0.000    0.000    0.000    0.000    0.000    0.000    0.000    0.000
13        0.000    0.000    0.000    0.000    0.000    0.000    0.000    0.000    0.000    0.000    0.000    0.000    0.000    0.000
14        0.000    0.000    0.000    0.000    0.000    0.000    0.000    0.000    0.000    0.000    0.000    0.000    0.000    0.000
15        0.000    0.000    0.000    0.000    0.000    0.000    0.000    0.000    0.000    0.000    0.000    0.000    0.000    0.000
16        0.000    0.000    0.000    0.000    0.000    0.000    0.000    0.000    0.000    0.000    0.000    0.000    0.000    0.000
17        0.000    0.000    0.000    0.000    0.000    0.000    0.000    0.000    0.000    0.000    0.000    0.000    0.000    0.000
18        0.000    0.000    0.000    0.000    0.000    0.000    0.000    0.000    0.000    0.000    0.000    0.000    0.000    0.000
19        0.000    0.000    0.000    0.000    0.000    0.000    0.000    0.000    0.000    0.000    0.000    0.000    0.000    0.000
20        0.000    0.000    0.000    0.000    0.000    0.000    0.000    0.000    0.000    0.000    0.000    0.000    0.000    0.000
21        0.000    0.000    0.000    0.000    0.000    0.000    0.000    0.000    0.000    0.000    0.000    0.000    0.000    0.000
22        0.000    0.000    0.000    0.000    0.000    0.000    0.000    0.000    0.000    0.000    0.000    0.000    0.000    0.000
23        0.000    0.000    0.000    0.000    0.000    0.000    0.000    0.000    0.000    0.000    0.000    0.000    0.000    0.000
24        0.000    0.000    0.000    0.000    0.000    0.000    0.000    0.000    0.000    0.000    0.000    0.000    0.000    0.000
25        0.000    0.000    0.000    0.000    0.000    0.000    0.000    0.000    0.000    0.000    0.000    0.000    0.000    0.000
26        0.000    0.000    0.000    0.000    0.000    0.000    0.000    0.000    0.000    0.000    0.000    0.000    0.000    0.000
27        0.000    0.000    0.000    0.000    0.000    0.000    0.000    0.000    0.000    0.000    0.000    0.000    0.000    0.000
28        0.000    0.000    0.000    0.000    0.000    0.000    0.000    0.000    0.000    0.000    0.000    0.000    0.000    0.000
29        0.000    0.000    0.000    0.000    0.000    0.000    0.000    0.000    0.000    0.000    0.000    0.000    0.000    0.000
30        0.000    0.000    0.000    0.000    0.000    0.000    0.000    0.000    0.000    0.000    0.000    0.000    0.000    0.000
31        0.000    0.000    0.000    0.000    0.000    0.000    0.000    0.000    0.000    0.000    0.000    0.000    0.000    0.000
32        0.000    0.000    0.000    0.000    0.000    0.000    0.000    0.000    0.000    0.000    0.000    0.000    0.000    0.000
33        0.000    0.000    0.000    0.000    0.000    0.000    0.000    0.000    0.000    0.000    0.000    0.000    0.000    0.000
34        0.000    0.000    0.000    0.000    0.000    0.000    0.000    0.000    0.000    0.000    0.000    0.000    0.000    0.000
35        0.000    0.000    0.000    0.000    0.000    0.000    0.000    0.000    0.000    0.000    0.000    0.000    0.000    0.000
36        0.000    0.000    0.000    0.000    0.000    0.000    0.000    0.000    0.000    0.000    0.000    0.000    0.000    0.000
37        0.000    0.000    0.000    0.000    0.000    0.000    0.000    0.000    0.000    0.000    0.000    0.000    0.000    0.000
38        0.000    0.000    0.000    0.000    0.000    0.000    0.000    0.000    0.000    0.000    0.000    0.000    0.000    0.000
39        0.000    0.000    0.000    0.640    0.331    0.017    0.004    0.008    0.000    0.000    0.000    0.000    0.000    0.000
40        0.000    0.000    0.000    7.237    4.378    0.251    0.048    0.086    0.000    0.000    0.000    0.000    0.000    0.000
41        0.000    0.000    0.000   13.502    9.615    0.628    0.104    0.151    0.000    0.000    0.000    0.000    0.000    0.000
42        0.000    0.000    0.000   16.088   13.570    1.016    0.148    0.177    0.000    0.000    0.000    0.000    0.000    0.000
43        0.000    0.000    0.000   28.841   28.998    2.510    0.327    0.324    0.000    0.000    0.000    0.000    0.000    0.000
44        0.000    0.000    0.000   33.560   40.475    4.080    0.482    0.403    0.000    0.000    0.000    0.000    0.000    0.000
45        0.000    0.000    0.000   38.721   56.369    6.667    0.726    0.517    0.000    0.000    0.000    0.000    0.000    0.000
46        0.000    0.000    0.000   40.246   71.166    9.950    1.016    0.622    0.001    0.000    0.000    0.000    0.000    0.000
47        0.000    0.000    0.000   38.602   83.433   13.893    1.351    0.720    0.001    0.000    0.000    0.000    0.000    0.000
48        0.000    0.000    0.000   37.063   98.527   19.687    1.853    0.870    0.001    0.000    0.000    0.000    0.000    0.000
49        0.000    0.000    0.000   32.566  107.151   25.885    2.396    1.002    0.001    0.000    0.000    0.000    0.000    0.000
50        0.000    0.000    0.000   35.617  145.961   42.950    3.974    1.496    0.002    0.000    0.000    0.000    0.000    0.000
51        0.000    0.000    0.000   34.041  174.844   63.141    5.937    2.034    0.003    0.000    0.000    0.000    0.000    0.000
52        0.000    0.000    0.000   33.520  217.136   96.956    9.413    2.969    0.006    0.000    0.000    0.000    0.000    0.000
53        0.000    0.000    0.000   29.797  244.966  136.267   13.885    4.077    0.009    0.000    0.000    0.000    0.000    0.000
54        0.000    0.000    0.000   26.149  274.551  191.693   20.833    5.758    0.015    0.000    0.000    0.000    0.000    0.000
55        0.000    0.000    0.000   18.807  253.767  224.063   26.397    6.945    0.021    0.000    0.000    0.000    0.000    0.000
56        0.000    0.000    0.000   13.203  230.405  259.199   33.642    8.520    0.031    0.000    0.000    0.000    0.000    0.000
57        0.000    0.000    0.000   10.568  240.002  346.592   50.368   12.417    0.053    0.000    0.000    0.000    0.000    0.000
58        0.000    0.000    0.000    6.376  189.616  354.158   58.568   14.211    0.071    0.000    0.000    0.000    0.000    0.000
59        0.000    0.000    0.000    3.735  146.362  356.222   68.131   16.453    0.098    0.000    0.000    0.000    0.000    0.000
60        0.000    0.000    0.000    2.535  131.734  420.939   94.630   23.000    0.162    0.000    0.000    0.000    0.000    0.000
61        0.000    0.000    0.000    1.472  102.112  431.597  115.906   28.671    0.242    0.000    0.000    0.000    0.000    0.000
62        0.000    0.000    0.000    0.735   68.471  385.700  125.756   32.014    0.324    0.000    0.000    0.000    0.000    0.000
63        0.000    0.000    0.000    0.355   44.648  337.704  135.861   35.993    0.439    0.000    0.000    0.000    0.000    0.000
64        0.000    0.000    0.000    0.168   28.666  293.320  147.983   41.256    0.607    0.000    0.000    0.000    0.000    0.000
65        0.000    0.000    0.000    0.085   19.829  276.560  177.828   52.756    0.942    0.000    0.000    0.000    0.000    0.000
66        0.000    0.000    0.000    0.030    9.682  185.449  154.458   49.308    1.072    0.000    0.000    0.000    0.000    0.000
67        0.000    0.000    0.000    0.013    5.783  153.252  168.032   58.369    1.551    0.000    0.000    0.000    0.000    0.000
68        0.000    0.000    0.000    0.005    2.951  109.012  159.918   61.123    1.992    0.000    0.000    0.000    0.000    0.000
69        0.000    0.000    0.000    0.002    1.622   84.181  167.919   71.410    2.865    0.000    0.000    0.000    0.000    0.000
70        0.000    0.000    0.000    0.001    0.806   59.169  163.109   78.044    3.870    0.000    0.001    0.001    0.000    0.000
71        0.000    0.000    0.000    0.000    0.307   32.168  124.549   67.801    4.170    0.000    0.002    0.001    0.000    0.000
72        0.000    0.000    0.000    0.000    0.136   20.467  113.117   70.845    5.426    0.000    0.005    0.003    0.000    0.000
73        0.000    0.000    0.000    0.000    0.057   12.447   99.800   72.716    6.961    0.000    0.010    0.007    0.001    0.000
74        0.000    0.000    0.000    0.000    0.018    5.624   66.489   56.992    6.844    0.000    0.018    0.013    0.002    0.000
75        0.000    0.000    0.000    0.000    0.007    3.137   55.563   56.656    8.568    0.000    0.039    0.026    0.004    0.000
76        0.000    0.000    0.000    0.000    0.002    1.689   45.574   55.901   10.686    0.000    0.082    0.054    0.010    0.000
77        0.000    0.000    0.000    0.000    0.001    0.697   29.104   43.425   10.532    0.000    0.135    0.088    0.017    0.001
78        0.000    0.000    0.000    0.000    0.000    0.323   21.229   38.962   12.035    0.002    0.251    0.161    0.034    0.002
79        0.000    0.000    0.000    0.000    0.000    0.126   13.181   30.089   11.881    0.011    0.398    0.253    0.057    0.004
80        0.000    0.000    0.000    0.000    0.000    0.078   13.329   38.269   19.389    0.093    1.024    0.648    0.156    0.013
81        0.000    0.000    0.000    0.000    0.000    0.031    8.601   31.411   20.496    0.423    1.677    1.059    0.275    0.027
82        0.000    0.000    0.000    0.000    0.000    0.013    6.262   29.409   24.809    1.855    3.086    1.955    0.549    0.062
83        0.000    0.000    0.000    0.000    0.000    0.005    3.857   23.560   25.791    5.889    4.790    3.057    0.930    0.120
84        0.000    0.000    0.000    0.000    0.000    0.001    1.661   13.340   19.022   11.186    5.181    3.344    1.104    0.161
85        0.000    0.000    0.000    0.000    0.000    0.000    0.860    9.186   17.125   21.867    6.718    4.404    1.580    0.259
86        0.000    0.000    0.000    0.000    0.000    0.000    0.263    3.775    9.236   21.591    5.125    3.427    1.340    0.244
87        0.000    0.000    0.000    0.000    0.000    0.000    0.181    3.530   11.377   41.057    8.770    6.006    2.564    0.514
88        0.000    0.000    0.000    0.000    0.000    0.000    0.055    1.468    6.254   29.376    6.577    4.633    2.164    0.473
89        0.000    0.000    0.000    0.000    0.000    0.000    0.029    1.070    6.051   31.192    8.526    6.204    3.178    0.750
90        0.000    0.000    0.000    0.000    0.000    0.000    0.018    0.942    7.097   33.850   13.159    9.932    5.589    1.412
91        0.000    0.000    0.000    0.000    0.000    0.000    0.008    0.582    5.860   21.803   14.039   11.039    6.839    1.831
92        0.000    0.000    0.000    0.000    0.000    0.000    0.004    0.473    6.398   15.658   19.453   16.001   10.938    3.075
93        0.000    0.000    0.000    0.000    0.000    0.000    0.001    0.221    4.023    5.461   15.248   13.176    9.957    2.913
94        0.000    0.000    0.000    0.000    0.000    0.000    0.001    0.129    3.168    2.011   14.696   13.397   11.217    3.382
95        0.000    0.000    0.000    0.000    0.000    0.000    0.000    0.095    3.193    0.799   17.807   17.199   15.985    4.920
96        0.000    0.000    0.000    0.000    0.000    0.000    0.000    0.033    1.524    0.127   10.032   10.308   10.658    3.318
97        0.000    0.000    0.000    0.000    0.000    0.000    0.000    0.019    1.211    0.028    9.245   10.149   11.698    3.649
98        0.000    0.000    0.000    0.000    0.000    0.000    0.000    0.004    0.322    0.002    2.803    3.302    4.251    1.316
99        0.000    0.000    0.000    0.000    0.000    0.000    0.000    0.003    0.367    0.000    3.572    4.534    6.534    1.989
100       0.000    0.000    0.000    0.000    0.000    0.000    0.000    0.002    0.315    0.000    3.367    4.624    7.475    2.216
101       0.000    0.000    0.000    0.000    0.000    0.000    0.000    0.000    0.057    0.000    0.659    0.984    1.788    0.511
102       0.000    0.000    0.000    0.000    0.000    0.000    0.000    0.000    0.071    0.000    0.863    1.405    2.875    0.786
103       0.000    0.000    0.000    0.000    0.000    0.000    0.000    0.000    0.078    0.000    0.993    1.773    4.095    1.060
104       0.000    0.000    0.000    0.000    0.000    0.000    0.000    0.000    0.025    0.000    0.319    0.626    1.634    0.397
105       0.000    0.000    0.000    0.000    0.000    0.000    0.000    0.000    0.048    0.000    0.629    1.366    4.044    0.913
106       0.000    0.000    0.000    0.000    0.000    0.000    0.000    0.000    0.018    0.000    0.226    0.544    1.831    0.381
107       0.000    0.000    0.000    0.000    0.000    0.000    0.000    0.000    0.015    0.000    0.188    0.504    1.928    0.365
108       0.000    0.000    0.000    0.000    0.000    0.000    0.000    0.000    0.000    0.000    0.000    0.000    0.000    0.000
109       0.000    0.000    0.000    0.000    0.000    0.000    0.000    0.000    0.011    0.000    0.126    0.424    2.115    0.324
110       0.000    0.000    0.000    0.000    0.000    0.000    0.000    0.000    0.003    0.000    0.034    0.129    0.735    0.100
111       0.000    0.000    0.000    0.000    0.000    0.000    0.000    0.000    0.000    0.000    0.000    0.000    0.000    0.000
112       0.000    0.000    0.000    0.000    0.000    0.000    0.000    0.000    0.000    0.000    0.001    0.003    0.025    0.003
113       0.000    0.000    0.000    0.000    0.000    0.000    0.000    0.000    0.000    0.000    0.000    0.000    0.000    0.000
114       0.000    0.000    0.000    0.000    0.000    0.000    0.000    0.000    0.000    0.000    0.000    0.000    0.000    0.000
115       0.000    0.000    0.000    0.000    0.000    0.000    0.000    0.000    0.000    0.000    0.000    0.000    0.000    0.000
116       0.000    0.000    0.000    0.000    0.000    0.000    0.000    0.000    0.002    0.000    0.008    0.065    0.878    0.048
117       0.000    0.000    0.000    0.000    0.000    0.000    0.000    0.000    0.000    0.000    0.000    0.000    0.000    0.000
118       0.000    0.000    0.000    0.000    0.000    0.000    0.000    0.000    0.000    0.000    0.000    0.000    0.000    0.000
119       0.000    0.000    0.000    0.000    0.000    0.000    0.000    0.000    0.000    0.000    0.000    0.000    0.000    0.000
120       0.000    0.000    0.000    0.000    0.000    0.000    0.000    0.000    0.000    0.000    0.000    0.000    0.000    0.000
121       0.000    0.000    0.000    0.000    0.000    0.000    0.000    0.000    0.000    0.000    0.000    0.000    0.000    0.000
122       0.000    0.000    0.000    0.000    0.000    0.000    0.000    0.000    0.000    0.000    0.000    0.000    0.000    0.000
123       0.000    0.000    0.000    0.000    0.000    0.000    0.000    0.000    0.000    0.000    0.000    0.000    0.000    0.000
124       0.000    0.000    0.000    0.000    0.000    0.000    0.000    0.000    0.000    0.000    0.000    0.000    0.000    0.000
125       0.000    0.000    0.000    0.000    0.000    0.000    0.000    0.000    0.000    0.000    0.000    0.000    0.000    0.000
126       0.000    0.000    0.000    0.000    0.000    0.000    0.000    0.000    0.000    0.000    0.000    0.000    0.000    0.000
127       0.000    0.000    0.000    0.000    0.000    0.000    0.000    0.000    0.000    0.000    0.000    0.000    0.000    0.000
128       0.000    0.000    0.000    0.000    0.000    0.000    0.000    0.000    0.000    0.000    0.000    0.000    0.000    0.000
129       0.000    0.000    0.000    0.000    0.000    0.000    0.000    0.000    0.000    0.000    0.000    0.000    0.000    0.000
130       0.000    0.000    0.000    0.000    0.000    0.000    0.000    0.000    0.000    0.000    0.000    0.000    0.000    0.000
131       0.000    0.000    0.000    0.000    0.000    0.000    0.000    0.000    0.000    0.000    0.000    0.000    0.000    0.000
132       0.000    0.000    0.000    0.000    0.000    0.000    0.000    0.000    0.000    0.000    0.000    0.000    0.000    0.000
133       0.000    0.000    0.000    0.000    0.000    0.000    0.000    0.000    0.000    0.000    0.000    0.000    0.000    0.000
134       0.000    0.000    0.000    0.000    0.000    0.000    0.000    0.000    0.000    0.000    0.000    0.000    0.000    0.000
135       0.000    0.000    0.000    0.000    0.000    0.000    0.000    0.000    0.000    0.000    0.000    0.000    0.000    0.000
136       0.000    0.000    0.000    0.000    0.000    0.000    0.000    0.000    0.000    0.000    0.000    0.000    0.000    0.000
137       0.000    0.000    0.000    0.000    0.000    0.000    0.000    0.000    0.000    0.000    0.000    0.000    0.000    0.000
138       0.000    0.000    0.000    0.000    0.000    0.000    0.000    0.000    0.000    0.000    0.000    0.000    0.000    0.000
139       0.000    0.000    0.000    0.000    0.000    0.000    0.000    0.000    0.000    0.000    0.000    0.000    0.000    0.000
140       0.000    0.000    0.000    0.000    0.000    0.000    0.000    0.000    0.000    0.000    0.000    0.000    0.000    0.000
141       0.000    0.000    0.000    0.000    0.000    0.000    0.000    0.000    0.000    0.000    0.000    0.000    0.000    0.000
142       0.000    0.000    0.000    0.000    0.000    0.000    0.000    0.000    0.000    0.000    0.000    0.000    0.000    0.000
143       0.000    0.000    0.000    0.000    0.000    0.000    0.000    0.000    0.000    0.000    0.000    0.000    0.000    0.000
144       0.000    0.000    0.000    0.000    0.000    0.000    0.000    0.000    0.000    0.000    0.000    0.000    0.000    0.000
145       0.000    0.000    0.000    0.000    0.000    0.000    0.000    0.000    0.000    0.000    0.000    0.000    0.000    0.000
146       0.000    0.000    0.000    0.000    0.000    0.000    0.000    0.000    0.000    0.000    0.000    0.000    0.000    0.000
147       0.000    0.000    0.000    0.000    0.000    0.000    0.000    0.000    0.000    0.000    0.000    0.000    0.000    0.000
148       0.000    0.000    0.000    0.000    0.000    0.000    0.000    0.000    0.000    0.000    0.000    0.000    0.000    0.000
149       0.000    0.000    0.000    0.000    0.000    0.000    0.000    0.000    0.000    0.000    0.000    0.000    0.000    0.000
150       0.000    0.000    0.000    0.000    0.000    0.000    0.000    0.000    0.000    0.000    0.000    0.000    0.000    0.000
Sum       0.000    0.000    0.000  504.279 3048.454 4969.516 2514.736 1262.615  284.841  244.282  179.882  156.831  137.057   37.539
mW        0.000    0.000    0.000    0.987    1.332    1.795    2.388    2.880    4.309    5.290    5.937    6.156    6.741    6.722
mL        0.000    0.000    0.000   48.691   54.155   60.187   66.418   70.757   81.940   88.153   91.440   92.562   95.575   95.360
pA        0.000    0.000    0.000    0.038    0.229    0.372    0.188    0.095    0.021    0.018    0.013    0.012    0.010    0.003
tot.mW 2162.950 2162.950 2162.950 2162.950 2162.950 2162.950 2162.950 2162.950 2162.950 2162.950 2162.950 2162.950 2162.950 2162.950
tot.mL   62.786   62.786   62.786   62.786   62.786   62.786   62.786   62.786   62.786   62.786   62.786   62.786   62.786   62.786
             14       15     Matad       Sum
1         0.000    0.000     0.000     0.000
2         0.000    0.000     0.000     0.000
3         0.000    0.000     0.000     0.000
4         0.000    0.000     0.000     0.000
5         0.000    0.000     0.000     0.000
6         0.000    0.000     0.000     0.000
7         0.000    0.000     0.000     0.000
8         0.000    0.000     0.000     0.000
9         0.000    0.000     0.000     0.000
10        0.000    0.000     0.000     0.000
11        0.000    0.000     0.000     0.000
12        0.000    0.000     0.000     0.000
13        0.000    0.000     0.000     0.000
14        0.000    0.000     0.000     0.000
15        0.000    0.000     0.000     0.000
16        0.000    0.000     0.000     0.000
17        0.000    0.000     0.000     0.000
18        0.000    0.000     0.000     0.000
19        0.000    0.000     0.000     0.000
20        0.000    0.000     0.000     0.000
21        0.000    0.000     0.000     0.000
22        0.000    0.000     0.000     0.000
23        0.000    0.000     0.000     0.000
24        0.000    0.000     0.000     0.000
25        0.000    0.000     0.000     0.000
26        0.000    0.000     0.000     0.000
27        0.000    0.000     0.000     0.000
28        0.000    0.000     0.000     0.000
29        0.000    0.000     0.000     0.000
30        0.000    0.000     0.000     0.000
31        0.000    0.000     0.000     0.000
32        0.000    0.000     0.000     0.000
33        0.000    0.000     0.000     0.000
34        0.000    0.000     0.000     0.000
35        0.000    0.000     0.000     0.000
36        0.000    0.000     0.000     0.000
37        0.000    0.000     0.000     0.000
38        0.000    0.000     0.000     0.000
39        0.000    0.000     1.000     1.000
40        0.000    0.000    12.000    12.000
41        0.000    0.000    24.000    24.000
42        0.000    0.000    31.000    31.000
43        0.000    0.000    61.000    61.000
44        0.000    0.000    79.000    79.000
45        0.000    0.000   103.000   103.000
46        0.000    0.000   123.000   123.000
47        0.000    0.000   138.000   138.000
48        0.000    0.000   158.000   158.000
49        0.000    0.000   169.000   169.000
50        0.000    0.000   230.000   230.000
51        0.000    0.000   280.000   280.000
52        0.000    0.000   360.000   360.000
53        0.000    0.000   429.000   429.000
54        0.000    0.000   519.000   519.000
55        0.000    0.000   530.000   530.000
56        0.000    0.000   545.000   545.000
57        0.000    0.000   660.000   660.000
58        0.000    0.000   623.000   623.000
59        0.000    0.000   591.000   591.000
60        0.000    0.000   673.000   673.000
61        0.000    0.000   680.000   680.000
62        0.000    0.000   613.000   613.000
63        0.000    0.000   555.000   555.000
64        0.000    0.000   512.000   512.000
65        0.000    0.000   528.000   528.000
66        0.000    0.000   400.000   400.000
67        0.000    0.000   387.000   387.000
68        0.000    0.000   335.000   335.000
69        0.000    0.000   328.000   328.000
70        0.000    0.000   305.000   305.000
71        0.000    0.000   229.000   229.000
72        0.000    0.000   210.000   210.000
73        0.000    0.000   192.000   192.000
74        0.000    0.000   136.000   136.000
75        0.000    0.000   124.000   124.000
76        0.000    0.000   114.000   114.000
77        0.000    0.000    84.000    84.000
78        0.000    0.000    73.000    73.000
79        0.000    0.000    56.000    56.000
80        0.000    0.000    73.000    73.000
81        0.000    0.000    64.000    64.000
82        0.000    0.000    68.000    68.000
83        0.000    0.000    68.000    68.000
84        0.000    0.000    55.000    55.000
85        0.000    0.000    62.000    62.000
86        0.000    0.000    45.000    45.000
87        0.000    0.000    74.000    74.000
88        0.000    0.000    51.000    51.000
89        0.000    0.000    57.000    57.000
90        0.000    0.000    72.000    72.000
91        0.000    0.000    62.000    62.000
92        0.000    0.000    72.000    72.000
93        0.000    0.000    51.000    51.000
94        0.000    0.000    48.000    48.000
95        0.000    0.000    60.000    60.000
96        0.000    0.000    36.000    36.000
97        0.000    0.000    36.000    36.000
98        0.000    0.000    12.000    12.000
99        0.000    0.000    17.000    17.000
100       0.000    0.000    18.000    18.000
101       0.000    0.000     4.000     4.000
102       0.000    0.000     6.000     6.000
103       0.000    0.000     8.000     8.000
104       0.000    0.000     3.000     3.000
105       0.000    0.000     7.000     7.000
106       0.000    0.000     3.000     3.000
107       0.000    0.000     3.000     3.000
108       0.000    0.000     0.000     0.000
109       0.000    0.000     3.000     3.000
110       0.000    0.000     1.000     1.000
111       0.000    0.000     0.000     0.000
112       0.969    0.000     1.000     1.000
113       0.000    0.000     0.000     0.000
114       0.000    0.000     0.000     0.000
115       0.000    0.000     0.000     0.000
116       0.000    0.000     1.000     1.000
117       0.000    0.000     0.000     0.000
118       0.000    0.000     0.000     0.000
119       0.000    0.000     0.000     0.000
120       0.000    0.000     0.000     0.000
121       0.000    0.000     0.000     0.000
122       0.000    0.000     0.000     0.000
123       0.000    0.000     0.000     0.000
124       0.000    0.000     0.000     0.000
125       0.000    0.000     0.000     0.000
126       0.000    0.000     0.000     0.000
127       0.000    0.000     0.000     0.000
128       0.000    0.000     0.000     0.000
129       0.000    0.000     0.000     0.000
130       0.000    0.000     0.000     0.000
131       0.000    0.000     0.000     0.000
132       0.000    0.000     0.000     0.000
133       0.000    0.000     0.000     0.000
134       0.000    0.000     0.000     0.000
135       0.000    0.000     0.000     0.000
136       0.000    0.000     0.000     0.000
137       0.000    0.000     0.000     0.000
138       0.000    0.000     0.000     0.000
139       0.000    0.000     0.000     0.000
140       0.000    0.000     0.000     0.000
141       0.000    0.000     0.000     0.000
142       0.000    0.000     0.000     0.000
143       0.000    0.000     0.000     0.000
144       0.000    0.000     0.000     0.000
145       0.000    0.000     0.000     0.000
146       0.000    0.000     0.000     0.000
147       0.000    0.000     0.000     0.000
148       0.000    0.000     0.000     0.000
149       0.000    0.000     0.000     0.000
150       0.000    0.000     0.000     0.000
Sum       0.969    0.000 13341.000 13341.000
mW       10.505    0.000     0.000     0.000
mL          NaN    0.000     0.000     0.000
pA        0.000    0.000     0.000     0.000
tot.mW 2162.950 2162.950  2162.950  2162.950
tot.mL   62.786   62.786    62.786    62.786


 .... [TRUNCATED] 
>>>>>>>>>>>>>>>>>>>>>>>>>>>>>>>>>>>>>>>>>>>>>>>>>>>>>>>>>>>>>> 
 > Dato                :  Mon Dec  1 13:24:34 2014 
 > Slag                :  UP 
 > Ár                  :  2014 
 > Tiŵarskeiŵ          :  JAN-DEC 
 > Skipabólk/-ar       :  19 20 
 > Skipabólk/-ar (lán) :  0 
 > ICES-øki            :  VB1 
 <<<<<<<<<<<<<<<<<<<<<<<<<<<<<<<<<<<<<<<<<<<<<<<<<<<<<<<<<<<<<< 

$URSLITID
   aldur tal_matad tal_fiskad midal_longd midal_vekt roknad_veida
0      0         0          0        0.00      0.000            0
1      1         0          0        0.00      0.000            0
2      2         0          0        0.00      0.000            0
3      3       422          0       49.72      1.042            0
4      4      2964          0       54.37      1.344            0
5      5      4955          0       60.27      1.802            0
6      6      2544          0       66.80      2.434            0
7      7      1307          0       71.05      2.919            0
8      8       220          0       80.69      4.148            0
9      9       229          0       88.13      5.282            0
10    10       161          0       90.65      5.796            0
11    11       124          0       92.25      6.042            0
12    12       146          0       94.84      6.537            0
13    13        32          0       95.75      6.714            0
14    14         1          0      112.00     10.505            0
15    15         0          0        0.00      0.000            0
17   Sum     13105          0       62.92      2.163            0

$URSLITID.j
   aldur tal_matad tal_fiskad midal_longd midal_vekt roknad_veida
0      0         0          0        0.00      0.000            0
1      1         0          0        0.00      0.000            0
2      2         0          0        0.00      0.000            0
3      3       504          0       48.69      0.987            0
4      4      3048          0       54.16      1.332            0
5      5      4970          0       60.19      1.795            0
6      6      2515          0       66.42      2.388            0
7      7      1263          0       70.76      2.880            0
8      8       285          0       81.94      4.309            0
9      9       244          0       88.15      5.290            0
10    10       180          0       91.44      5.937            0
11    11       157          0       92.56      6.156            0
12    12       137          0       95.58      6.741            0
13    13        38          0       95.36      6.722            0
14    14         1          0        0.00     10.505            0
15    15         0          0        0.00      0.000            0
17   Sum     13342          0       62.79      2.163            0


 .... [TRUNCATED] 
