
 >>>>>>>>>>>>>>>>>>>>>>>>>>>>>>>>>>>>>>>>>>>>>>>>>>>>>>>>>>>>>> 
 > Dato            :  Wed Dec  3 14:49:42 2014 
 > Slag            :  HY 
 > ?r              :  2014 
 > T??arskei?      :  JAN_DEC, JAN_DEC 
 > Combined fleets :  19 
 <<<<<<<<<<<<<<<<<<<<<<<<<<<<<<<<<<<<<<<<<<<<<<<<<<<<<<<<<<<<<< 

$Urslitid
   aldur tal_matad tal_fiskad midal_longd midal_vekt roknad_veida
1      0         0          0        0.00      0.000            0
2      1         0          0        0.00      0.000            0
3      2        38        765       38.58      0.512          392
4      3       665      13216       46.08      0.863        11405
5      4       704      13984       48.72      1.022        14288
6      5      1520      30207       52.43      1.264        38195
7      6       159       3164       57.62      1.674         5295
8      7        54       1083       59.29      1.781         1929
9      8        73       1456       59.23      1.778         2589
10     9        11        225       64.18      2.236          503
11    10        44        877       56.77      1.571         1378
12    11        30        596       58.66      1.720         1025
13    12        11        219       67.00      2.511          550
14    13         5        103       64.00      2.214          228
15    14         0          0        0.00      0.000            0
16    15         0          0        0.00      0.000            0
17   Sum      3314      65895       50.95      1.180        77777

$Urslitid_Javnad
   aldur tal_matad tal_fiskad midal_longd midal_vekt roknad_veida
1      0         0          0        0.00      0.000            0
2      1         0          0        0.00      0.000            0
3      2        56       1085       37.27      0.467          507
4      3       693      13527       46.07      0.862        11658
5      4       746      14562       48.27      0.998        14530
6      5      1512      29521       52.33      1.255        37047
7      6       166       3242       59.38      1.811         5870
8      7        64       1247       60.26      1.864         2324
9      8        75       1461       60.06      1.856         2711
10     9        16        318       65.20      2.242          713
11    10        26        515       54.62      1.429          736
12    11        34        661       58.59      1.723         1139
13    12         5         94       67.00      2.500          235
14    13         7        139       64.00      2.201          306
15    14         0          0        0.00      0.000            0
16    15         0          0        0.00      0.000            0
17   Sum      3400      66372       50.72      1.172        77776


> sink(file=NULL)
