
 >>>>>>>>>>>>>>>>>>>>>>>>>>>>>>>>>>>>>>>>>>>>>>>>>>>>>>>>>>>>>> 
 > Dato            :  Mon Dec  8 13:41:09 2014 
 > Slag            :   
 > ?r              :  2014 
 > T??arskei?      :  JAN_DEC, JAN_DEC 
 > Combined fleets :  19 
 <<<<<<<<<<<<<<<<<<<<<<<<<<<<<<<<<<<<<<<<<<<<<<<<<<<<<<<<<<<<<< 

$Urslitid
   aldur tal_matad tal_fiskad midal_longd midal_vekt roknad_veida
1      0         0          0        0.00      0.000            0
2      1         0          0        0.00      0.000            0
3      2        38        437       38.58      0.513          224
4      3       665       7552       46.08      0.863         6517
5      4       704       7991       48.72      1.022         8165
6      5      1520      17261       52.43      1.264        21826
7      6       159       1808       57.62      1.674         3026
8      7        54        619       59.29      1.780         1102
9      8        73        832       59.23      1.778         1479
10     9        11        129       64.18      2.225          287
11    10        44        501       56.77      1.571          787
12    11        30        341       58.66      1.716          585
13    12        11        125       67.00      2.512          314
14    13         5         59       64.00      2.203          130
15    14         0          0        0.00      0.000            0
16    15         0          0        0.00      0.000            0
17   Sum      3314      37655       50.95      1.180        44442

$Urslitid_Javnad
   aldur tal_matad tal_fiskad midal_longd midal_vekt roknad_veida
1      0         0          0        0.00      0.000            0
2      1         0          0        0.00      0.000            0
3      2        56        620       37.27      0.468          290
4      3       693       7730       46.07      0.862         6662
5      4       746       8321       48.27      0.998         8303
6      5      1512      16869       52.33      1.255        21170
7      6       166       1853       59.38      1.810         3354
8      7        64        712       60.26      1.865         1328
9      8        75        835       60.06      1.855         1549
10     9        16        182       65.20      2.236          407
11    10        26        294       54.62      1.429          420
12    11        34        378       58.59      1.722          651
13    12         5         53       67.00      2.528          134
14    13         7         80       64.00      2.188          175
15    14         0          0        0.00      0.000            0
16    15         0          0        0.00      0.000            0
17   Sum      3400      37927       50.72      1.172        44443


> sink(file=NULL)
