
 >>>>>>>>>>>>>>>>>>>>>>>>>>>>>>>>>>>>>>>>>>>>>>>>>>>>>>>>>>>>>> 
 > Dato            :  Thu Dec  4 14:32:33 2014 
 > Slag            :  HY 
 > ?r              :  2014 
 > T??arskei?      :  JAN_DEC, JUN_DEC 
 > Combined fleets :  19 20 
 <<<<<<<<<<<<<<<<<<<<<<<<<<<<<<<<<<<<<<<<<<<<<<<<<<<<<<<<<<<<<< 

$Urslitid
   aldur tal_matad tal_fiskad midal_longd midal_vekt roknad_veida
1      0         0          0        0.00      0.000            0
2      1         0          0        0.00      0.000            0
3      2       160        606       44.56      0.840          509
4      3       886       3302       53.44      1.462         4828
5      4       657       2276       63.26      2.408         5480
6      5      1552       5207       73.00      3.684        19180
7      6      1363       4432       79.08      4.639        20560
8      7       199        642       84.72      5.634         3617
9      8        23         64       96.05      7.078          453
10     9        38        118       89.03      6.407          756
11    10         6         19      100.00      9.053          172
12    11         0          0        0.00      0.000            0
13    12         0          0        0.00      0.000            0
14    13         0          0        0.00      0.000            0
15    14         0          0        0.00      0.000            0
16    15         0          0        0.00      0.000            0
17   Sum      4884      16666       68.66      3.333        55555

$Urslitid_Javnad
   aldur tal_matad tal_fiskad midal_longd midal_vekt roknad_veida
1      0         0          0        0.00      0.000            0
2      1         0          0        0.00      0.000            0
3      2       204        712       45.07      0.871          620
4      3       870       2962       52.30      1.377         4080
5      4       736       2442       63.53      2.434         5943
6      5      1512       4721       73.45      3.740        17658
7      6      1394       4257       78.30      4.562        19421
8      7       287        880       85.42      5.878         5173
9      8        40        106       97.38      7.726          819
10     9        77        241       90.25      7.178         1730
11    10         4         12      100.00      9.250          111
12    11         0          0        0.00      0.000            0
13    12         0          0        0.00      0.000            0
14    13         0          0        0.00      0.000            0
15    14         0          0        0.00      0.000            0
16    15         0          0        0.00      0.000            0
17   Sum      5124      16333       68.93      3.401        55555

[1] "res_TO_2014_jan_dec_19_20.txt" "res_TO_2014_jun_dec_19_20.txt"
