
 >>>>>>>>>>>>>>>>>>>>>>>>>>>>>>>>>>>>>>>>>>>>>>>>>>>>>>>>>>>>>> 
 > Dato            :  Mon Dec  8 14:42:46 2014 
 > Slag            :  FILE.NAMES.JA.RES 
 > ?r              :  2014 
 > T??arskei?      :  JAN_MAY, JUN_DEC 
 > Combined fleets :  20 
 <<<<<<<<<<<<<<<<<<<<<<<<<<<<<<<<<<<<<<<<<<<<<<<<<<<<<<<<<<<<<< 

$Urslitid
   aldur tal_matad tal_fiskad midal_longd midal_vekt roknad_veida
1      0         0          0        0.00      0.000            0
2      1         0          0        0.00      0.000            0
3      2         0          0        0.00      0.000            0
4      3        76        905       45.67      0.999          904
5      4       681       9635       55.66      1.383        13330
6      5      1386      22035       60.87      1.849        40749
7      6       658      10478       65.78      2.299        24085
8      7       238       3472       67.60      2.548         8846
9      8        54        705       75.52      3.722         2624
10     9        36        429       87.23      4.967         2131
11    10        45        529       89.05      5.378         2845
12    11        30        359       92.14      5.838         2096
13    12        20        235       95.53      6.430         1511
14    13        11        133       96.55      6.609          879
15    14         0          0        0.00      0.000            0
16    15         0          0        0.00      0.000            0
17   Sum      3235      48915       62.35      2.044       100000

$Urslitid_Javnad
   aldur tal_matad tal_fiskad midal_longd midal_vekt roknad_veida
1      0         0          0        0.00      0.000            0
2      1         0          0        0.00      0.000            0
3      2         0          0        0.00      0.000            0
4      3       101       1131       47.55      0.925         1046
5      4       709       9403       55.46      1.365        12837
6      5      1375      20216       60.70      1.834        37080
7      6       689      10171       65.98      2.339        23792
8      7       285       4058       70.00      2.863        11620
9      8        54        642       76.66      4.058         2605
10     9        46        515       87.42      5.027         2589
11    10        50        554       91.08      5.664         3138
12    11        34        379       92.53      5.979         2266
13    12        26        287       95.29      6.568         1885
14    13        16        175       96.14      6.520         1141
15    14         0          0        0.00      0.000            0
16    15         0          0        0.00      0.000            0
17   Sum      3385      47531       62.73      2.104        99999


> sink(file=NULL)
