
 >>>>>>>>>>>>>>>>>>>>>>>>>>>>>>>>>>>>>>>>>>>>>>>>>>>>>>>>>>>>>> 
 > Dato            :  Tue Dec  9 11:01:32 2014 
 > Slag            :  UP 
 > ?r              :  2014 
 > T??arskei?      :  JAN_JUN, JUL_DEC 
 > Combined fleets :  19 20 21 
 <<<<<<<<<<<<<<<<<<<<<<<<<<<<<<<<<<<<<<<<<<<<<<<<<<<<<<<<<<<<<< 

$Urslitid
   aldur tal_matad tal_fiskad midal_longd midal_vekt roknad_veida
1      0         0          0        0.00      0.000            0
2      1         0          0        0.00      0.000            0
3      2         0          0        0.00      0.000            0
4      3       460       1006       48.40      0.971          977
5      4      3277      10342       54.80      1.363        14098
6      5      6105      23412       60.45      1.838        43030
7      6      3123      10860       66.02      2.359        25621
8      7      1531       5377       70.79      2.891        15543
9      8       269        765       76.03      3.766         2881
10     9       212        552       88.00      5.259         2903
11    10       149        326       90.07      5.607         1828
12    11       124        401       91.83      6.055         2428
13    12        98        215       95.30      6.535         1405
14    13        24         53       95.54      6.604          350
15    14         2          4      112.00     11.250           45
16    15         0          0        0.00      0.000            0
17   Sum     15374      53313       62.45      2.084       111109

$Urslitid_Javnad
   aldur tal_matad tal_fiskad midal_longd midal_vekt roknad_veida
1      0         0          0        0.00      0.000            0
2      1         0          0        0.00      0.000            0
3      2         0          0        0.00      0.000            0
4      3       570       1225       47.55      0.926         1134
5      4      3488      10072       54.00      1.318        13272
6      5      6107      19588       60.51      1.836        35956
7      6      3177       9912       66.13      2.388        23666
8      7      1834       6545       75.10      3.793        24825
9      8       312        735       76.26      4.031         2963
10     9       230        551       87.91      5.212         2872
11    10       160        343       91.31      5.796         1988
12    11       138        381       91.84      6.076         2315
13    12       118        254       95.77      6.642         1687
14    13        27         59       94.73      6.593          389
15    14         2          4      112.00     10.250           41
16    15         0          0        0.00      0.000            0
17   Sum     16163      49669       63.42      2.237       111108


> sink(file=NULL)
