
> resFun(tmp2, tmp3, new_veida_obj = new_veida_obj)

 >>>>>>>>>>>>>>>>>>>>>>>>>>>>>>>>>>>>>>>>>>>>>>>>>>>>>>>>>>>>>> 
 > Dato                :  Thu Jan 16 14:39:10 2014 
 > Slag                :  HY 
 > Ár                  :  2012 
 > Tiŵarskeiŵ          :  JAN-DEC 
 > Skipabólk/-ar       :  1 2 4 5 
 > Skipabólk/-ar (lán) :  0 
 > ICES-øki            :  VB1 
 <<<<<<<<<<<<<<<<<<<<<<<<<<<<<<<<<<<<<<<<<<<<<<<<<<<<<<<<<<<<<< 

$URSLITID
   aldur tal_matad tal_fiskad midal_longd midal_vekt roknad_veida
0      0         0          0        0.00      0.000            0
1      1         1        304       31.00      0.308           94
2      2        17       5222       38.81      0.583         3043
3      3      1041     316840       41.74      0.724       229514
4      4       377     114754       47.00      1.003       115105
5      5       125      37985       51.68      1.306        49596
6      6        35      10599       54.50      1.519        16100
7      7        37      11293       54.24      1.501        16947
8      8        65      19777       54.37      1.503        29727
9      9        83      25202       54.38      1.524        38396
10    10        60      18322       55.71      1.632        29904
11    11         5       1589       57.00      1.717         2728
12    12         1        406       64.00      2.356          956
13    13         0          0        0.00      0.000            0
14    14         0          0        0.00      0.000            0
15    15         0          0        0.00      0.000            0
17   Sum      1847     562293       45.48      0.946       532110

$URSLITID.j
   aldur tal_matad tal_fiskad midal_longd midal_vekt roknad_veida
0      0         0          0        0.00      0.000            0
1      1         1        275        0.00      0.308           85
2      2        19       5595       37.80      0.552         3088
3      3      1049     316024       41.74      0.725       228984
4      4       389     117227       47.02      1.004       117722
5      5       130      39218       51.88      1.323        51872
6      6        33       9990       54.12      1.484        14822
7      7        33      10081       53.88      1.452        14634
8      8        55      16673       55.11      1.540        25676
9      9        88      26639       54.60      1.534        40862
10    10        59      17876       55.76      1.639        29306
11    11         7       2166        0.00      1.767         3826
12    12         2        523       64.00      2.356         1232
13    13         0          0        0.00      0.000            0
14    14         0          0        0.00      0.000            0
15    15         0          0        0.00      0.000            0
17   Sum      1865     562287       45.45      0.946       532109


> sink()
