
 .... [TRUNCATED] 
>>>>>>>>>>>>>>>>>>>>>>>>>>>>>>>>>>>>>>>>>>>>>>>>>>>>>>>>>>>>>> 
 > Dato                :  Mon Dec  1 14:37:36 2014 
 > Slag                :  UP 
 > ?r                  :  2013 
 > Ti?arskei?          :  JUN-DEC 
 > Skipab?lk/-ar       :  20 
 > Skipab?lk/-ar (l?n) :  0 
 > ICES-?ki            :  VB1 
 <<<<<<<<<<<<<<<<<<<<<<<<<<<<<<<<<<<<<<<<<<<<<<<<<<<<<<<<<<<<<< 

$URSLITID
   aldur tal_matad tal_fiskad midal_longd midal_vekt roknad_veida
0      0         0          0        0.00      0.000            0
1      1         0          0        0.00      0.000            0
2      2         0          0        0.00      0.000            0
3      3        99       3301       51.29      1.149         3793
4      4       913      30459       54.56      1.386        42218
5      5       351      11711       58.49      1.703        19943
6      6       246       8197       58.75      1.710        14016
7      7         1         33       72.00      3.057          102
8      8         0          0        0.00      0.000            0
9      9         0          0        0.00      0.000            0
10    10         0          0        0.00      0.000            0
11    11         0          0        0.00      0.000            0
12    12         0          0        0.00      0.000            0
13    13         0          0        0.00      0.000            0
14    14         0          0        0.00      0.000            0
15    15         0          0        0.00      0.000            0
17   Sum      1610      53701       55.87      1.491        80072

$URSLITID.j
   aldur tal_matad tal_fiskad midal_longd midal_vekt roknad_veida
0      0         0          0        0.00      0.000            0
1      1         0          0        0.00      0.000            0
2      2         0          0        0.00      0.000            0
3      3       116       3595       49.81      1.074         3861
4      4       903      28112       54.61      1.390        39074
5      5       430      13378       59.15      1.823        24387
6      6       238       7415       58.67      1.708        12667
7      7         1         27        0.00      3.057           83
8      8         0          0        0.00      0.000            0
9      9         0          0        0.00      0.000            0
10    10         0          0        0.00      0.000            0
11    11         0          0        0.00      0.000            0
12    12         0          0        0.00      0.000            0
13    13         0          0        0.00      0.000            0
14    14         0          0        0.00      0.000            0
15    15         0          0        0.00      0.000            0
17   Sum      1688      52527       56.16      1.524        80072


 .... [TRUNCATED] 
