
 .... [TRUNCATED] 
>>>>>>>>>>>>>>>>>>>>>>>>>>>>>>>>>>>>>>>>>>>>>>>>>>>>>>>>>>>>>> 
 > Dato                :  Wed Dec  3 13:58:34 2014 
 > Slag                :  TO 
 > ?r                  :  2014 
 > Ti?arskei?          :  JAN-DEC 
 > Skipab?lk/-ar       :  19 20 
 > Skipab?lk/-ar (l?n) :  0 
 > ICES-?ki            :  VB1 
 <<<<<<<<<<<<<<<<<<<<<<<<<<<<<<<<<<<<<<<<<<<<<<<<<<<<<<<<<<<<<< 

$URSLITID
   aldur tal_matad tal_fiskad midal_longd midal_vekt roknad_veida
0      0         0          0        0.00      0.000            0
1      1         0          0        0.00      0.000            0
2      2        88        239       44.51      0.858          205
3      3       508       1383       54.65      1.613         2230
4      4       451       1229       62.78      2.386         2933
5      5      1133       3084       72.40      3.655        11273
6      6      1056       2874       78.50      4.610        13251
7      7       156        426       83.74      5.572         2371
8      8        22         59       90.10      6.852          404
9      9        32         87       86.90      6.222          539
10    10         5         14      100.00      9.237          126
11    11         0          0        0.00      0.000            0
12    12         0          0        0.00      0.000            0
13    13         0          0        0.00      0.000            0
14    14         0          0        0.00      0.000            0
15    15         0          0        0.00      0.000            0
17   Sum      3451       9395       70.47      3.548        33332

$URSLITID.j
   aldur tal_matad tal_fiskad midal_longd midal_vekt roknad_veida
0      0         0          0        0.00      0.000            0
1      1         0          0        0.00      0.000            0
2      2       110        285       45.07      0.886          253
3      3       507       1308       53.70      1.536         2010
4      4       462       1192       63.07      2.419         2884
5      5      1097       2831       72.44      3.667        10383
6      6      1060       2736       78.55      4.629        12665
7      7       217        561       84.93      5.925         3325
8      8        38         98       92.77      7.600          743
9      9        54        138       88.35      7.185          994
10    10         3          8      100.00      9.237           77
11    11         0          0        0.00      0.000            0
12    12         0          0        0.00      0.000            0
13    13         0          0        0.00      0.000            0
14    14         0          0        0.00      0.000            0
15    15         0          0        0.00      0.000            0
17   Sum      3548       9157       70.84      3.640        33334


 .... [TRUNCATED] 
