
 .... [TRUNCATED] 
>>>>>>>>>>>>>>>>>>>>>>>>>>>>>>>>>>>>>>>>>>>>>>>>>>>>>>>>>>>>>> 
 > Dato                :  Tue Dec  9 10:46:52 2014 
 > Slag                :  UP 
 > ?r                  :  2014 
 > Ti?arskei?          :  JAN-JUN 
 > Skipab?lk/-ar       :  19 20 21 
 > Skipab?lk/-ar (l?n) :  0 
 > ICES-?ki            :  VB1 
 <<<<<<<<<<<<<<<<<<<<<<<<<<<<<<<<<<<<<<<<<<<<<<<<<<<<<<<<<<<<<< 

$URSLITID
   aldur tal_matad tal_fiskad midal_longd midal_vekt roknad_veida
0      0         0          0        0.00      0.000            0
1      1         0          0        0.00      0.000            0
2      2         0          0        0.00      0.000            0
3      3       460       1006       48.40      0.971          977
4      4      2735       5986       54.23      1.331         7965
5      5      4386       9600       59.95      1.763        16924
6      6      2434       5326       66.84      2.415        12862
7      7      1185       2594       70.87      2.868         7439
8      8       239        524       81.06      4.159         2178
9      9       197        431       88.01      5.185         2235
10    10       149        326       90.07      5.615         1828
11    11       102        224       92.65      6.015         1345
12    12        98        215       95.30      6.521         1405
13    13        24         53       95.54      6.554          350
14    14         2          4      112.00     10.282           45
15    15         0          0        0.00      0.000            0
17   Sum     12011      26289       62.58      2.113        55553

$URSLITID.j
   aldur tal_matad tal_fiskad midal_longd midal_vekt roknad_veida
0      0         0          0        0.00      0.000            0
1      1         0          0        0.00      0.000            0
2      2         0          0        0.00      0.000            0
3      3       570       1225       47.55      0.925         1134
4      4      2816       6052       54.04      1.319         7984
5      5      4421       9499       59.81      1.752        16643
6      6      2373       5099       66.45      2.373        12098
7      7      1156       2484       70.60      2.832         7035
8      8       295        634       81.52      4.208         2668
9      9       215        462       87.81      5.151         2378
10    10       160        343       91.31      5.797         1988
11    11       116        249       92.69      6.055         1509
12    12       118        254       95.77      6.650         1687
13    13        27         59       94.73      6.613          389
14    14         2          4      112.00     10.282           41
15    15         0          0        0.00      0.000            0
17   Sum     12269      26364       62.38      2.107        55554


 .... [TRUNCATED] 
