
 .... [TRUNCATED] 
>>>>>>>>>>>>>>>>>>>>>>>>>>>>>>>>>>>>>>>>>>>>>>>>>>>>>>>>>>>>>> 
 > Dato                :  Tue Dec  2 15:49:41 2014 
 > Slag                :  UP 
 > ?r                  :  2014 
 > Ti?arskei?          :  JUN-DEC 
 > Skipab?lk/-ar       :  20 
 > Skipab?lk/-ar (l?n) :  0 
 > ICES-?ki            :  VB1 
 <<<<<<<<<<<<<<<<<<<<<<<<<<<<<<<<<<<<<<<<<<<<<<<<<<<<<<<<<<<<<< 

$URSLITID
   aldur tal_matad tal_fiskad midal_longd midal_vekt roknad_veida
0      0         0          0        0.00      0.000            0
1      1         0          0        0.00      0.000            0
2      2         0          0        0.00      0.000            0
3      3         1         23       42.00      0.595           14
4      4       146       3332       57.83      1.597         5320
5      5       514      11751       61.70      1.926        22636
6      6       245       5612       65.61      2.299        12900
7      7        61       1386       65.25      2.293         3178
8      8         6        137       71.00      2.889          397
9      9         0          0        0.00      0.000            0
10    10         0          0        0.00      0.000            0
11    11         0          0        0.00      0.000            0
12    12         0          0        0.00      0.000            0
13    13         0          0        0.00      0.000            0
14    14         0          0        0.00      0.000            0
15    15         0          0        0.00      0.000            0
17   Sum       973      22241       62.36      1.998        44445

$URSLITID.j
   aldur tal_matad tal_fiskad midal_longd midal_vekt roknad_veida
0      0         0          0        0.00      0.000            0
1      1         0          0        0.00      0.000            0
2      2         0          0        0.00      0.000            0
3      3         1         21        0.00      0.595           12
4      4       157       3262       57.62      1.566         5110
5      5       513      10623       61.77      1.930        20502
6      6       261       5405       66.08      2.379        12860
7      7        92       1909       69.64      2.994         5715
8      8         4         85       71.00      2.889          244
9      9         0          0        0.00      0.000            0
10    10         0          0        0.00      0.000            0
11    11         0          0        0.00      0.000            0
12    12         0          0        0.00      0.000            0
13    13         0          0        0.00      0.000            0
14    14         0          0        0.00      0.000            0
15    15         0          0        0.00      0.000            0
17   Sum      1028      21305       63.02      2.086        44443


 .... [TRUNCATED] 
