
> resFun(tmp2, tmp3, new_veida_obj = new_veida_obj)

 >>>>>>>>>>>>>>>>>>>>>>>>>>>>>>>>>>>>>>>>>>>>>>>>>>>>>>>>>>>>>> 
 > Dato                :  Thu Jan 16 14:23:42 2014 
 > Slag                :  TO 
 > Ár                  :  2012 
 > Tiŵarskeiŵ          :  JAN-DEC 
 > Skipabólk/-ar       :  1 2 4 5 
 > Skipabólk/-ar (lán) :  0 
 > ICES-øki            :  VB1 
 <<<<<<<<<<<<<<<<<<<<<<<<<<<<<<<<<<<<<<<<<<<<<<<<<<<<<<<<<<<<<< 

$URSLITID
   aldur tal_matad tal_fiskad midal_longd midal_vekt roknad_veida
0      0         0          0        0.00      0.000            0
1      1        15       3958       34.53      0.427         1690
2      2       107      28357       43.99      0.863        24478
3      3       811     213992       48.23      1.110       237453
4      4      1305     344484       52.36      1.387       477839
5      5       321      84794       60.64      2.087       176970
6      6        84      22073       66.45      2.628        58001
7      7        42      11002       76.13      3.945        43402
8      8        25       6578       80.26      4.394        28905
9      9         4       1187       87.25      5.557         6599
10    10         2        528      104.00      8.896         4695
11    11         0          0        0.00      0.000            0
12    12         0          0        0.00      0.000            0
13    13         0          0        0.00      0.000            0
14    14         0          0        0.00      0.000            0
15    15         0          0        0.00      0.000            0
17   Sum      2716     716953       52.84      1.479      1060032

$URSLITID.j
   aldur tal_matad tal_fiskad midal_longd midal_vekt roknad_veida
0      0         0          0        0.00      0.000            0
1      1        13       3148       34.80      0.443         1394
2      2       109      27298       44.55      0.890        24300
3      3       779     195347       48.59      1.128       220265
4      4      1308     327891       51.76      1.344       440749
5      5       344      86263       60.64      2.110       182019
6      6       101      25452       67.33      2.708        68936
7      7        54      13461       80.07      4.363        58736
8      8        41      10292       80.81      4.476        46071
9      9         9       2235      103.00      6.042        13503
10    10         2        456      104.00      8.896         4060
11    11         0          0        0.00      0.000            0
12    12         0          0        0.00      0.000            0
13    13         0          0        0.00      0.000            0
14    14         0          0        0.00      0.000            0
15    15         0          0        0.00      0.000            0
17   Sum      2760     691843       53.31      1.532      1060033


> sink()
