
 .... [TRUNCATED] 
>>>>>>>>>>>>>>>>>>>>>>>>>>>>>>>>>>>>>>>>>>>>>>>>>>>>>>>>>>>>>> 
 > Dato                :  Mon Dec  1 13:16:13 2014 
 > Slag                :  UP 
 > Ár                  :  2014 
 > Tiŵarskeiŵ          :  FEB-DEC 
 > Skipabólk/-ar       :  18 19 
 > Skipabólk/-ar (lán) :  0 
 > ICES-øki            :  VB1 
 <<<<<<<<<<<<<<<<<<<<<<<<<<<<<<<<<<<<<<<<<<<<<<<<<<<<<<<<<<<<<< 

$URSLITID
   aldur tal_matad tal_fiskad midal_longd midal_vekt roknad_veida
0      0         0          0        0.00      0.000            0
1      1         0          0        0.00      0.000            0
2      2         0          0        0.00      0.000            0
3      3       268          0       50.96      1.117            0
4      4      1851          0       55.33      1.414            0
5      5      2938          0       60.99      1.865            0
6      6      1493          0       67.78      2.546            0
7      7       871          0       71.62      2.969            0
8      8       200          0       83.08      4.560            0
9      9       144          0       87.89      5.267            0
10    10        51          0       94.88      6.552            0
11    11        67          0       93.24      6.235            0
12    12        52          0       95.43      6.664            0
13    13         0          0        0.00      0.000            0
14    14         1          0      112.00     10.574            0
15    15         0          0        0.00      0.000            0
17   Sum      7936          0       63.54      2.213            0

$URSLITID.j
   aldur tal_matad tal_fiskad midal_longd midal_vekt roknad_veida
0      0         0          0        0.00      0.000            0
1      1         0          0        0.00      0.000            0
2      2         0          0        0.00      0.000            0
3      3       348          0       50.11      1.067            0
4      4      2079          0       54.28      1.346            0
5      5      2930          0       60.84      1.852            0
6      6      1517          0       67.45      2.511            0
7      7       872          0       72.38      3.070            0
8      8       244          0       83.93      4.813            0
9      9       183          0       88.39      5.357            0
10    10        87          0       94.37      6.472            0
11    11        82          0       93.14      6.230            0
12    12        90          0       95.04      6.601            0
13    13         0          0        0.00      0.000            0
14    14         1          0        0.00     10.574            0
15    15         0          0        0.00      0.000            0
17   Sum      8433          0       63.45      2.243            0


 .... [TRUNCATED] 
