
 .... [TRUNCATED] 
>>>>>>>>>>>>>>>>>>>>>>>>>>>>>>>>>>>>>>>>>>>>>>>>>>>>>>>>>>>>>> 
 > Dato                :  Wed Dec  3 13:58:53 2014 
 > Slag                :  TO 
 > ?r                  :  2014 
 > Ti?arskei?          :  JUN-DEC 
 > Skipab?lk/-ar       :  19 20 
 > Skipab?lk/-ar (l?n) :  0 
 > ICES-?ki            :  VB1 
 <<<<<<<<<<<<<<<<<<<<<<<<<<<<<<<<<<<<<<<<<<<<<<<<<<<<<<<<<<<<<< 

$URSLITID
   aldur tal_matad tal_fiskad midal_longd midal_vekt roknad_veida
0      0         0          0        0.00      0.000            0
1      1         0          0        0.00      0.000            0
2      2        72        367       44.62      0.829          304
3      3       378       1919       52.22      1.354         2598
4      4       206       1047       63.74      2.433         2547
5      5       419       2123       73.61      3.724         7907
6      6       307       1558       79.65      4.691         7309
7      7        43        216       85.71      5.766         1246
8      8         1          5      102.00      9.597           49
9      9         6         31       91.17      6.910          217
10    10         1          5      100.00      9.047           46
11    11         0          0        0.00      0.000            0
12    12         0          0        0.00      0.000            0
13    13         0          0        0.00      0.000            0
14    14         0          0        0.00      0.000            0
15    15         0          0        0.00      0.000            0
17   Sum      1433       7271       66.85      3.056        22223

$URSLITID.j
   aldur tal_matad tal_fiskad midal_longd midal_vekt roknad_veida
0      0         0          0        0.00      0.000            0
1      1         0          0        0.00      0.000            0
2      2        94        427       45.07      0.858          367
3      3       363       1654       50.91      1.252         2070
4      4       274       1250       63.99      2.447         3059
5      5       415       1890       74.46      3.849         7275
6      6       334       1521       78.05      4.442         6756
7      7        70        319       85.90      5.797         1848
8      8         2          8      102.00      9.597           76
9      9        23        103       92.14      7.166          736
10    10         1          4        0.00      9.047           34
11    11         0          0        0.00      0.000            0
12    12         0          0        0.00      0.000            0
13    13         0          0        0.00      0.000            0
14    14         0          0        0.00      0.000            0
15    15         0          0        0.00      0.000            0
17   Sum      1576       7176       67.01      3.097        22221


 .... [TRUNCATED] 
