
 .... [TRUNCATED] 
>>>>>>>>>>>>>>>>>>>>>>>>>>>>>>>>>>>>>>>>>>>>>>>>>>>>>>>>>>>>>> 
 > Dato                :  Wed Feb 12 11:27:23 2014 
 > Slag                :  UP 
 > Ár                  :  2012 
 > Tiŵarskeiŵ          :  JAN-DEC 
 > Skipabólk/-ar       :  19 20 21 
 > Skipabólk/-ar (lán) :  0 
 > ICES-øki            :  VB1 VB2 
 <<<<<<<<<<<<<<<<<<<<<<<<<<<<<<<<<<<<<<<<<<<<<<<<<<<<<<<<<<<<<< 

$URSLITID
   aldur tal_matad tal_fiskad midal_longd midal_vekt roknad_veida
0      0         0          0        0.00      0.000            0
1      1         0          0        0.00      0.000            0
2      2        21       9916       44.00      0.720         7143
3      3      1396     646446       47.56      0.911       588648
4      4     12608    5837562       52.72      1.230      7178495
5      5      5300    2454060       56.95      1.568      3849026
6      6      1828     846521       67.38      2.494      2111206
7      7      1314     608407       75.71      3.423      2082436
8      8       418     193569       80.30      4.017       777519
9      9       495     229078       82.95      4.404      1008758
10    10       673     311746       85.12      4.746      1479555
11    11       370     171373       86.71      4.994       855836
12    12       241     111531       89.24      5.417       604165
13    13       125      57677       92.46      6.022       347316
14    14        19       8898       89.00      5.369        47779
15    15         0          0        0.00      0.000            0
17   Sum     24808   11486784       58.66      1.823     20937882

$URSLITID.j
   aldur tal_matad tal_fiskad midal_longd midal_vekt roknad_veida
0      0         0          0        0.00      0.000            0
1      1         0          0        0.00      0.000            0
2      2        11       5059       44.00      0.720         3644
3      3      1351     618339       47.88      0.929       574400
4      4     12831    5872533       52.61      1.220      7164976
5      5      5067    2319173       56.58      1.543      3578814
6      6      1842     842892       67.71      2.528      2130691
7      7      1367     625772       75.72      3.424      2142605
8      8       487     223098       80.22      4.015       895789
9      9       510     233439       82.68      4.361      1018100
10    10       659     301621       84.78      4.697      1416847
11    11       385     176386       86.90      5.048       890407
12    12       223     101936       89.43      5.479       558510
13    13       158      72229       95.38      6.594       476263
14    14        33      14989       91.45      5.793        86835
15    15         0          0        0.00      0.000            0
17   Sum     24924   11407466       58.73      1.835     20937881


 .... [TRUNCATED] 
