
 .... [TRUNCATED] 
>>>>>>>>>>>>>>>>>>>>>>>>>>>>>>>>>>>>>>>>>>>>>>>>>>>>>>>>>>>>>> 
 > Dato                :  Thu Dec 11 13:36:59 2014 
 > Slag                :  TO 
 > ?r                  :  2014 
 > Ti?arskei?          :  JAN-DEC 
 > Skipab?lk/-ar       :  20 21 
 > Skipab?lk/-ar (l?n) :  0 
 > ICES-?ki            :  VB1 
 <<<<<<<<<<<<<<<<<<<<<<<<<<<<<<<<<<<<<<<<<<<<<<<<<<<<<<<<<<<<<< 

$URSLITID
   aldur tal_matad tal_fiskad midal_longd midal_vekt roknad_veida
0      0         0          0        0.00      0.000            0
1      1         0          0        0.00      0.000            0
2      2        65       1155       46.38      0.970         1121
3      3       267       4747       56.04      1.743         8276
4      4       302       5372       64.18      2.559        13744
5      5       521       9256       72.15      3.616        33470
6      6       341       6060       78.47      4.566        27670
7      7        32        564       84.47      5.637         3181
8      8         1         18      115.00     13.802          245
9      9         7        130       94.57      7.809         1018
10    10         1         18      100.00      9.153          163
11    11         0          0        0.00      0.000            0
12    12         0          0        0.00      0.000            0
13    13         0          0        0.00      0.000            0
14    14         0          0        0.00      0.000            0
15    15         0          0        0.00      0.000            0
17   Sum      1537      27320       68.52      3.254        88888

$URSLITID.j
   aldur tal_matad tal_fiskad midal_longd midal_vekt roknad_veida
0      0         0          0        0.00      0.000            0
1      1         0          0        0.00      0.000            0
2      2        84       1416       46.32      0.968         1371
3      3       267       4513       52.23      1.531         6909
4      4       291       4904       65.35      2.705        13263
5      5       557       9400       72.04      3.601        33848
6      6       348       5873       79.02      4.667        27409
7      7        29        486       87.28      6.118         2971
8      8         1         17        0.00     13.802          231
9      9        18        306      103.50      8.993         2750
10    10         1         15        0.00      9.153          137
11    11         0          0        0.00      0.000            0
12    12         0          0        0.00      0.000            0
13    13         0          0        0.00      0.000            0
14    14         0          0        0.00      0.000            0
15    15         0          0        0.00      0.000            0
17   Sum      1596      26930       68.24      3.301        88889


 .... [TRUNCATED] 
