
> resFun(tmp2, tmp3, new_veida_obj = new_veida_obj)

 >>>>>>>>>>>>>>>>>>>>>>>>>>>>>>>>>>>>>>>>>>>>>>>>>>>>>>>>>>>>>> 
 > Dato                :  Thu Jan 16 14:10:42 2014 
 > Slag                :  TO 
 > Ár                  :  2012 
 > Tiŵarskeiŵ          :  OCT-DEC 
 > Skipabólk/-ar       :  1 2 4 5 
 > Skipabólk/-ar (lán) :  0 
 > ICES-øki            :  VB1 VB2 
 <<<<<<<<<<<<<<<<<<<<<<<<<<<<<<<<<<<<<<<<<<<<<<<<<<<<<<<<<<<<<< 

$URSLITID
   aldur tal_matad tal_fiskad midal_longd midal_vekt roknad_veida
0      0         0          0        0.00      0.000            0
1      1        14       3887       34.79      0.464         1804
2      2        47      13172       47.11      1.110        14626
3      3       218      60391       52.58      1.507        91002
4      4       147      40941       55.75      1.793        73425
5      5        15       4188       66.21      2.942        12321
6      6         4        972       66.67      3.072         2985
7      7         5       1388       94.40      7.872        10928
8      8         0          0        0.00      0.000            0
9      9         1        278      106.00     10.682         2966
10    10         0          0        0.00      0.000            0
11    11         0          0        0.00      0.000            0
12    12         0          0        0.00      0.000            0
13    13         0          0        0.00      0.000            0
14    14         0          0        0.00      0.000            0
15    15         0          0        0.00      0.000            0
17   Sum       451     125217       53.71      1.678       210057

$URSLITID.j
   aldur tal_matad tal_fiskad midal_longd midal_vekt roknad_veida
0      0         0          0        0.00      0.000            0
1      1        21       5148       35.50      0.489         2519
2      2        50      12203       46.92      1.099        13411
3      3       239      58346       52.21      1.478        86221
4      4       142      34775       55.54      1.790        62245
5      5        18       4456       69.14      3.153        14049
6      6         4       1061        0.00      3.533         3750
7      7        13       3241       92.00      7.840        25413
8      8         0          0        0.00      0.000            0
9      9         1        229        0.00     10.682         2450
10    10         0          0        0.00      0.000            0
11    11         0          0        0.00      0.000            0
12    12         0          0        0.00      0.000            0
13    13         0          0        0.00      0.000            0
14    14         0          0        0.00      0.000            0
15    15         0          0        0.00      0.000            0
17   Sum       488     119459       53.95      1.758       210058


> sink()
