
 .... [TRUNCATED] 
>>>>>>>>>>>>>>>>>>>>>>>>>>>>>>>>>>>>>>>>>>>>>>>>>>>>>>>>>>>>>> 
 > Dato                :  Wed Dec  3 14:09:42 2014 
 > Slag                :  HY 
 > ?r                  :  2014 
 > Ti?arskei?          :  JAN-DEC 
 > Skipab?lk/-ar       :  20 22 
 > Skipab?lk/-ar (l?n) :  0 
 > ICES-?ki            :  VB1 
 <<<<<<<<<<<<<<<<<<<<<<<<<<<<<<<<<<<<<<<<<<<<<<<<<<<<<<<<<<<<<< 

$URSLITID
   aldur tal_matad tal_fiskad midal_longd midal_vekt roknad_veida
0      0         0          0        0.00      0.000            0
1      1         0          0        0.00      0.000            0
2      2         8        208       35.50      0.435           90
3      3       186       4843       43.43      0.770         3731
4      4       672      17461       48.49      1.052        18376
5      5       980      25451       52.34      1.308        33302
6      6        43       1124       51.61      1.248         1403
7      7        33        865       56.48      1.610         1391
8      8        66       1714       58.89      1.814         3109
9      9        10        267       53.00      1.341          358
10    10        92       2389       56.82      1.636         3910
11    11         7        182       67.00      2.599          472
12    12         0          0        0.00      0.000            0
13    13        14        351       55.00      1.489          522
14    14         0          0        0.00      0.000            0
15    15         0          0        0.00      0.000            0
17   Sum      2111      54855       50.78      1.215        66664

$URSLITID.j
   aldur tal_matad tal_fiskad midal_longd midal_vekt roknad_veida
0      0         0          0        0.00      0.000            0
1      1         0          0        0.00      0.000            0
2      2        26        629       35.17      0.412          259
3      3       179       4312       43.14      0.754         3250
4      4       688      16598       48.64      1.063        17636
5      5       960      23148       52.13      1.294        29948
6      6        45       1090       51.19      1.249         1362
7      7        50       1209       58.42      1.752         2118
8      8       114       2746       61.82      2.117         5814
9      9        10        233       53.00      1.341          312
10    10       123       2961       57.75      1.717         5084
11    11         7        165       67.00      2.599          428
12    12         0          0        0.00      0.000            0
13    13        13        306       55.00      1.489          455
14    14         0          0        0.00      0.000            0
15    15         0          0        0.00      0.000            0
17   Sum      2215      53397       51.13      1.249        66666


 .... [TRUNCATED] 
