
 .... [TRUNCATED] 
>>>>>>>>>>>>>>>>>>>>>>>>>>>>>>>>>>>>>>>>>>>>>>>>>>>>>>>>>>>>>> 
 > Dato                :  Tue Dec  9 11:30:53 2014 
 > Slag                :  HY 
 > ?r                  :  2014 
 > Ti?arskei?          :  APR-DEC 
 > Skipab?lk/-ar       :  20 21 
 > Skipab?lk/-ar (l?n) :  0 
 > ICES-?ki            :  VB1 
 <<<<<<<<<<<<<<<<<<<<<<<<<<<<<<<<<<<<<<<<<<<<<<<<<<<<<<<<<<<<<< 

$URSLITID
   aldur tal_matad tal_fiskad midal_longd midal_vekt roknad_veida
0      0         0          0        0.00      0.000            0
1      1         0          0        0.00      0.000            0
2      2        14        276       42.00      0.621          171
3      3        83       1640       45.35      0.796         1305
4      4        73       1432       48.58      0.983         1408
5      5       487       9598       52.91      1.255        12043
6      6        68       1346       55.61      1.438         1935
7      7        95       1881       57.90      1.630         3067
8      8        20        399       56.47      1.502          600
9      9        15        288       56.00      1.526          440
10    10        17        339       60.94      1.921          652
11    11         5         95       58.00      1.618          153
12    12        11        217       63.00      2.069          449
13    13         0          0        0.00      0.000            0
14    14         0          0        0.00      0.000            0
15    15         0          0        0.00      0.000            0
17   Sum       888      17511       52.86      1.269        22223

$URSLITID.j
   aldur tal_matad tal_fiskad midal_longd midal_vekt roknad_veida
0      0         0          0        0.00      0.000            0
1      1         0          0        0.00      0.000            0
2      2         6        103       42.00      0.621           64
3      3        93       1691       44.89      0.763         1290
4      4        89       1628       48.26      0.982         1600
5      5       512       9338       52.53      1.236        11543
6      6        84       1538       56.18      1.485         2284
7      7        81       1472       58.42      1.671         2461
8      8        22        396       56.82      1.525          604
9      9        30        540       66.20      1.991         1075
10    10        22        406       65.12      2.129          864
11    11         7        136       58.00      1.618          219
12    12         6        106       63.00      2.069          218
13    13         0          0        0.00      0.000            0
14    14         0          0        0.00      0.000            0
15    15         0          0        0.00      0.000            0
17   Sum       952      17354       52.86      1.281        22222


 .... [TRUNCATED] 
