
> resFun(tmp2, tmp3, new_veida_obj = new_veida_obj)

 >>>>>>>>>>>>>>>>>>>>>>>>>>>>>>>>>>>>>>>>>>>>>>>>>>>>>>>>>>>>>> 
 > Dato                :  Thu Jan 16 14:45:17 2014 
 > Slag                :  TO 
 > Ár                  :  2012 
 > Tiŵarskeiŵ          :  OCT-DEC 
 > Skipabólk/-ar       :  1 2 4 
 > Skipabólk/-ar (lán) :  0 
 > ICES-øki            :  VB1 
 <<<<<<<<<<<<<<<<<<<<<<<<<<<<<<<<<<<<<<<<<<<<<<<<<<<<<<<<<<<<<< 

$URSLITID
   aldur tal_matad tal_fiskad midal_longd midal_vekt roknad_veida
0      0         0          0        0.00      0.000            0
1      1        14       3851       34.79      0.464         1787
2      2        47      13051       47.11      1.110        14491
3      3       218      59835       52.58      1.507        90165
4      4       147      40565       55.75      1.793        72749
5      5        15       4149       66.21      2.942        12208
6      6         4        963       66.67      3.072         2958
7      7         5       1375       94.40      7.872        10827
8      8         0          0        0.00      0.000            0
9      9         1        275      106.00     10.682         2939
10    10         0          0        0.00      0.000            0
11    11         0          0        0.00      0.000            0
12    12         0          0        0.00      0.000            0
13    13         0          0        0.00      0.000            0
14    14         0          0        0.00      0.000            0
15    15         0          0        0.00      0.000            0
17   Sum       451     124064       53.71      1.678       208124

$URSLITID.j
   aldur tal_matad tal_fiskad midal_longd midal_vekt roknad_veida
0      0         0          0        0.00      0.000            0
1      1        21       5101       35.50      0.489         2495
2      2        50      12091       46.92      1.099        13287
3      3       239      57809       52.21      1.478        85427
4      4       142      34455       55.54      1.790        61672
5      5        18       4415       69.14      3.153        13920
6      6         4       1051        0.00      3.533         3715
7      7        13       3212       92.00      7.840        25179
8      8         0          0        0.00      0.000            0
9      9         1        227        0.00     10.682         2427
10    10         0          0        0.00      0.000            0
11    11         0          0        0.00      0.000            0
12    12         0          0        0.00      0.000            0
13    13         0          0        0.00      0.000            0
14    14         0          0        0.00      0.000            0
15    15         0          0        0.00      0.000            0
17   Sum       488     118361       53.95      1.758       208122


> sink()
