
> resFun(tmp2, tmp3, new_veida_obj = new_veida_obj)

 >>>>>>>>>>>>>>>>>>>>>>>>>>>>>>>>>>>>>>>>>>>>>>>>>>>>>>>>>>>>>> 
 > Dato                :  Thu Jan 16 14:43:20 2014 
 > Slag                :  TO 
 > Ár                  :  2012 
 > Tiŵarskeiŵ          :  JAN-DEC 
 > Skipabólk/-ar       :  1 2 4 
 > Skipabólk/-ar (lán) :  0 
 > ICES-øki            :  VB1 
 <<<<<<<<<<<<<<<<<<<<<<<<<<<<<<<<<<<<<<<<<<<<<<<<<<<<<<<<<<<<<< 

$URSLITID
   aldur tal_matad tal_fiskad midal_longd midal_vekt roknad_veida
0      0         0          0        0.00      0.000            0
1      1        15       3946       34.53      0.427         1685
2      2       107      28270       43.99      0.863        24403
3      3       811     213336       48.23      1.110       236725
4      4      1305     343428       52.36      1.387       476374
5      5       321      84534       60.64      2.087       176428
6      6        84      22005       66.45      2.628        57823
7      7        42      10969       76.13      3.945        43269
8      8        25       6558       80.26      4.394        28816
9      9         4       1184       87.25      5.557         6578
10    10         2        526      104.00      8.896         4681
11    11         0          0        0.00      0.000            0
12    12         0          0        0.00      0.000            0
13    13         0          0        0.00      0.000            0
14    14         0          0        0.00      0.000            0
15    15         0          0        0.00      0.000            0
17   Sum      2716     714756       52.84      1.479      1056782

$URSLITID.j
   aldur tal_matad tal_fiskad midal_longd midal_vekt roknad_veida
0      0         0          0        0.00      0.000            0
1      1        13       3139       34.80      0.443         1390
2      2       109      27215       44.55      0.890        24225
3      3       779     194748       48.59      1.128       219589
4      4      1308     326886       51.76      1.344       439398
5      5       344      85998       60.64      2.110       181461
6      6       101      25374       67.33      2.708        68724
7      7        54      13420       80.07      4.363        58556
8      8        41      10261       80.81      4.476        45929
9      9         9       2228      103.00      6.042        13461
10    10         2        455      104.00      8.896         4047
11    11         0          0        0.00      0.000            0
12    12         0          0        0.00      0.000            0
13    13         0          0        0.00      0.000            0
14    14         0          0        0.00      0.000            0
15    15         0          0        0.00      0.000            0
17   Sum      2760     689724       53.31      1.532      1056780


> sink()
