
> resFun(tmp2, tmp3, new_veida_obj = new_veida_obj)

 >>>>>>>>>>>>>>>>>>>>>>>>>>>>>>>>>>>>>>>>>>>>>>>>>>>>>>>>>>>>>> 
 > Dato                :  Thu Jan 16 16:06:16 2014 
 > Slag                :  HY 
 > Ár                  :  2011 
 > Tiŵarskeiŵ          :  JAN-NOV 
 > Skipabólk/-ar       :  1 2 4 
 > Skipabólk/-ar (lán) :  0 
 > ICES-øki            :  VB1 
 <<<<<<<<<<<<<<<<<<<<<<<<<<<<<<<<<<<<<<<<<<<<<<<<<<<<<<<<<<<<<< 

$URSLITID
   aldur tal_matad tal_fiskad midal_longd midal_vekt roknad_veida
0      0         0          0        0.00      0.000            0
1      1         0          0        0.00      0.000            0
2      2       503      74378       35.12      0.428        31832
3      3      2105     311037       42.15      0.717       222920
4      4       569      84087       47.13      0.978        82275
5      5       208      30679       50.14      1.167        35798
6      6       209      30810       50.91      1.218        37528
7      7       408      60277       51.72      1.274        76781
8      8       483      71406       52.04      1.302        92998
9      9       528      78061       54.00      1.442       112532
10    10       137      20184       55.83      1.580        31895
11    11        61       9044       57.97      1.759        15908
12    12        17       2473       57.94      1.764         4362
13    13         0          0        0.00      0.000            0
14    14         0          0        0.00      0.000            0
15    15         0          0        0.00      0.000            0
17   Sum      5228     772436       46.13      0.964       744829

$URSLITID.j
   aldur tal_matad tal_fiskad midal_longd midal_vekt roknad_veida
0      0         0          0        0.00      0.000            0
1      1         0          0        0.00      0.000            0
2      2       497      73053       35.16      0.428        31280
3      3      2096     308354       42.03      0.711       219175
4      4       584      85932       47.29      0.989        84984
5      5       204      30069       50.12      1.165        35038
6      6       212      31213       50.50      1.197        37355
7      7       427      62811       51.64      1.268        79628
8      8       478      70358       52.00      1.299        91417
9      9       517      75998       53.89      1.436       109171
10    10       138      20366       55.96      1.605        32693
11    11        73      10802       58.60      1.805        19501
12    12        17       2560       62.00      1.792         4587
13    13         0          0        0.00      0.000            0
14    14         0          0        0.00      0.000            0
15    15         0          0        0.00      0.000            0
17   Sum      5243     771516       46.13      0.965       744829


> sink()
