
 .... [TRUNCATED] 
>>>>>>>>>>>>>>>>>>>>>>>>>>>>>>>>>>>>>>>>>>>>>>>>>>>>>>>>>>>>>> 
 > Dato                :  Mon Dec  1 13:25:00 2014 
 > Slag                :  UP 
 > Ár                  :  2014 
 > Tiŵarskeiŵ          :  JUN-DEC 
 > Skipabólk/-ar       :  19 20 
 > Skipabólk/-ar (lán) :  0 
 > ICES-øki            :  VB1 
 <<<<<<<<<<<<<<<<<<<<<<<<<<<<<<<<<<<<<<<<<<<<<<<<<<<<<<<<<<<<<< 

$URSLITID
   aldur tal_matad tal_fiskad midal_longd midal_vekt roknad_veida
0      0         0          0        0.00      0.000            0
1      1         0          0        0.00      0.000            0
2      2         0          0        0.00      0.000            0
3      3         6          0       43.33      0.667            0
4      4       742          0       55.13      1.401            0
5      5      1991          0       60.68      1.861            0
6      6       852          0       66.30      2.412            0
7      7       344          0       69.58      2.788            0
8      8        31          0       67.38      2.499            0
9      9        21          0       88.00      5.503            0
10    10         0          0        0.00      0.000            0
11    11        28          0       91.00      6.081            0
12    12         0          0        0.00      0.000            0
13    13         0          0        0.00      0.000            0
14    14         0          0        0.00      0.000            0
15    15         0          0        0.00      0.000            0
17   Sum      4015          0       61.99      2.024            0

$URSLITID.j
   aldur tal_matad tal_fiskad midal_longd midal_vekt roknad_veida
0      0         0          0        0.00      0.000            0
1      1         0          0        0.00      0.000            0
2      2         0          0        0.00      0.000            0
3      3        25          0       44.00      0.697            0
4      4       786          0       54.95      1.386            0
5      5      1968          0       60.88      1.882            0
6      6       886          0       66.52      2.448            0
7      7       775          0       80.16      4.451            0
8      8        31          0       68.00      2.600            0
9      9        21          0       88.00      5.503            0
10    10         0          0        0.00      0.000            0
11    11        28          0       91.00      6.081            0
12    12         0          0        0.00      0.000            0
13    13         0          0        0.00      0.000            0
14    14         0          0        0.00      0.000            0
15    15         0          0        0.00      0.000            0
17   Sum      4520          0       64.56      2.388            0


 .... [TRUNCATED] 
