
 .... [TRUNCATED] 
>>>>>>>>>>>>>>>>>>>>>>>>>>>>>>>>>>>>>>>>>>>>>>>>>>>>>>>>>>>>>> 
 > Dato                :  Wed Dec  3 14:51:17 2014 
 > Slag                :  HY 
 > ?r                  :  2014 
 > Ti?arskei?          :  JAN-DEC 
 > Skipab?lk/-ar       :  19 
 > Skipab?lk/-ar (l?n) :  0 
 > ICES-?ki            :  VB1 
 <<<<<<<<<<<<<<<<<<<<<<<<<<<<<<<<<<<<<<<<<<<<<<<<<<<<<<<<<<<<<< 

$URSLITID
   aldur tal_matad tal_fiskad midal_longd midal_vekt roknad_veida
0      0         0          0        0.00      0.000            0
1      1         0          0        0.00      0.000            0
2      2        38        437       38.58      0.513          224
3      3       665       7552       46.08      0.863         6517
4      4       704       7991       48.72      1.022         8165
5      5      1520      17261       52.43      1.264        21826
6      6       159       1808       57.62      1.673         3026
7      7        54        619       59.29      1.781         1102
8      8        73        832       59.23      1.779         1479
9      9        11        129       64.18      2.233          287
10    10        44        501       56.77      1.571          787
11    11        30        341       58.66      1.718          585
12    12        11        125       67.00      2.515          314
13    13         5         59       64.00      2.203          130
14    14         0          0        0.00      0.000            0
15    15         0          0        0.00      0.000            0
17   Sum      3314      37655       50.95      1.180        44442

$URSLITID.j
   aldur tal_matad tal_fiskad midal_longd midal_vekt roknad_veida
0      0         0          0        0.00      0.000            0
1      1         0          0        0.00      0.000            0
2      2        56        620       37.27      0.468          290
3      3       693       7730       46.07      0.862         6662
4      4       746       8321       48.27      0.998         8303
5      5      1512      16869       52.33      1.255        21170
6      6       166       1853       59.38      1.810         3354
7      7        64        712       60.26      1.864         1328
8      8        75        835       60.06      1.856         1549
9      9        16        182       65.20      2.240          407
10    10        26        294       54.62      1.427          420
11    11        34        378       58.59      1.724          651
12    12         5         53       67.00      2.515          134
13    13         7         80       64.00      2.203          175
14    14         0          0        0.00      0.000            0
15    15         0          0        0.00      0.000            0
17   Sum      3400      37927       50.72      1.172        44443


 .... [TRUNCATED] 
