
 .... [TRUNCATED] 
>>>>>>>>>>>>>>>>>>>>>>>>>>>>>>>>>>>>>>>>>>>>>>>>>>>>>>>>>>>>>> 
 > Dato                :  Mon Dec  1 14:37:19 2014 
 > Slag                :  UP 
 > ?r                  :  2013 
 > Ti?arskei?          :  JAN-DEC 
 > Skipab?lk/-ar       :  20 
 > Skipab?lk/-ar (l?n) :  0 
 > ICES-?ki            :  VB1 
 <<<<<<<<<<<<<<<<<<<<<<<<<<<<<<<<<<<<<<<<<<<<<<<<<<<<<<<<<<<<<< 

$URSLITID
   aldur tal_matad tal_fiskad midal_longd midal_vekt roknad_veida
0      0         0          0        0.00      0.000            0
1      1         0          0        0.00      0.000            0
2      2         0          0        0.00      0.000            0
3      3       156      30968       49.24      1.010        31276
4      4      1433     285149       53.66      1.297       369962
5      5       751     149415       57.82      1.610       240608
6      6       377      75026       59.51      1.738       130396
7      7        10       2089       70.80      2.823         5898
8      8         0          0        0.00      0.000            0
9      9         0          0        0.00      0.000            0
10    10         0          0        0.00      0.000            0
11    11         0          0        0.00      0.000            0
12    12         0          0        0.00      0.000            0
13    13         0          0        0.00      0.000            0
14    14         0          0        0.00      0.000            0
15    15         0          0        0.00      0.000            0
17   Sum      2727     542647       55.43      1.434       778140

$URSLITID.j
   aldur tal_matad tal_fiskad midal_longd midal_vekt roknad_veida
0      0         0          0        0.00      0.000            0
1      1         0          0        0.00      0.000            0
2      2         0          0        0.00      0.000            0
3      3       200      34898       47.75      0.937        32691
4      4      1411     245657       53.70      1.299       319115
5      5       943     164163       58.83      1.818       298528
6      6       336      58516       59.34      1.763       103171
7      7        47       8197       72.00      3.005        24633
8      8         0          0        0.00      0.000            0
9      9         0          0        0.00      0.000            0
10    10         0          0        0.00      0.000            0
11    11         0          0        0.00      0.000            0
12    12         0          0        0.00      0.000            0
13    13         0          0        0.00      0.000            0
14    14         0          0        0.00      0.000            0
15    15         0          0        0.00      0.000            0
17   Sum      2937     511431       56.08      1.521       778138


 .... [TRUNCATED] 
