
 .... [TRUNCATED] 
>>>>>>>>>>>>>>>>>>>>>>>>>>>>>>>>>>>>>>>>>>>>>>>>>>>>>>>>>>>>>> 
 > Dato                :  Thu Dec 11 13:34:54 2014 
 > Slag                :  UP 
 > ?r                  :  2014 
 > Ti?arskei?          :  JAN-DEC 
 > Skipab?lk/-ar       :  20 
 > Skipab?lk/-ar (l?n) :  0 
 > ICES-?ki            :  VB1 
 <<<<<<<<<<<<<<<<<<<<<<<<<<<<<<<<<<<<<<<<<<<<<<<<<<<<<<<<<<<<<< 

$URSLITID
   aldur tal_matad tal_fiskad midal_longd midal_vekt roknad_veida
0      0         0          0        0.00      0.000            0
1      1         0          0        0.00      0.000            0
2      2         0          0        0.00      0.000            0
3      3       173       1739       50.94      1.130         1966
4      4       883       8882       55.05      1.408        12501
5      5      1427      14349       60.73      1.849        26536
6      6       724       7286       66.58      2.413        17583
7      7       317       3186       69.50      2.725         8681
8      8        39        397       79.87      4.004         1589
9      9        42        421       87.12      5.085         2140
10    10        52        519       88.32      5.391         2797
11    11        31        316       92.00      5.978         1889
12    12        20        200       95.53      6.613         1325
13    13        11        113       96.55      6.812          771
14    14         0          0        0.00      0.000            0
15    15         0          0        0.00      0.000            0
16    16         0          0        0.00      0.000            0
17    17         0          0        0.00      0.000            0
18    18         0          0        0.00      0.000            0
19    19         0          0        0.00      0.000            0
20    20         0          0        0.00      0.000            0
21    21         0          0        0.00      0.000            0
22    22         0          0        0.00      0.000            0
23    23         0          0        0.00      0.000            0
24    24         0          0        0.00      0.000            0
25    25         0          0        0.00      0.000            0
26    26         0          0        0.00      0.000            0
27    27         0          0        0.00      0.000            0
28    28         0          0        0.00      0.000            0
29    29         0          0        0.00      0.000            0
30    30         0          0        0.00      0.000            0
32   Sum      3719      37408       62.27      2.079        77778

$URSLITID.j
   aldur tal_matad tal_fiskad midal_longd midal_vekt roknad_veida
0      0         0          0        0.00      0.000            0
1      1         0          0        0.00      0.000            0
2      2         0          0        0.00      0.000            0
3      3       195       1893       49.90      1.075         2034
4      4       873       8449       55.31      1.422        12014
5      5      1436      13899       60.69      1.845        25642
6      6       721       6985       66.31      2.375        16588
7      7       320       3100       69.59      2.741         8496
8      8        61        592       81.84      4.238         2509
9      9        54        519       87.37      5.116         2656
10    10        53        517       90.67      5.749         2972
11    11        36        350       90.95      6.058         2120
12    12        26        255       95.29      6.713         1713
13    13        16        155       96.14      6.669         1033
14    14         0          0        0.00      0.000            0
15    15         0          0        0.00      0.000            0
16    16         0          0        0.00      0.000            0
17    17         0          0        0.00      0.000            0
18    18         0          0        0.00      0.000            0
19    19         0          0        0.00      0.000            0
20    20         0          0        0.00      0.000            0
21    21         0          0        0.00      0.000            0
22    22         0          0        0.00      0.000            0
23    23         0          0        0.00      0.000            0
24    24         0          0        0.00      0.000            0
25    25         0          0        0.00      0.000            0
26    26         0          0        0.00      0.000            0
27    27         0          0        0.00      0.000            0
28    28         0          0        0.00      0.000            0
29    29         0          0        0.00      0.000            0
30    30         0          0        0.00      0.000            0
32   Sum      3791      36714       62.52      2.119        77777


 .... [TRUNCATED] 
