
 .... [TRUNCATED] 
>>>>>>>>>>>>>>>>>>>>>>>>>>>>>>>>>>>>>>>>>>>>>>>>>>>>>>>>>>>>>> 
 > Dato                :  Fri Nov 28 14:37:03 2014 
 > Slag                :  UP 
 > Ár                  :  2013 
 > Tiŵarskeiŵ          :  JAN-DEC 
 > Skipabólk/-ar       :  18 19 20 
 > Skipabólk/-ar (lán) :  0 
 > ICES-øki            :  VB1 
 <<<<<<<<<<<<<<<<<<<<<<<<<<<<<<<<<<<<<<<<<<<<<<<<<<<<<<<<<<<<<< 

$URSLITID
   aldur tal_matad tal_fiskad midal_longd midal_vekt roknad_veida
0      0         0          0        0.00      0.000            0
1      1         0          0        0.00      0.000            0
2      2         0          0        0.00      0.000            0
3      3       814     367459       49.25      1.022       375725
4      4      6472    2922030       52.98      1.266      3697847
5      5      5307    2395959       57.52      1.608      3851967
6      6      2921    1318774       60.68      1.888      2489805
7      7       541     244088       70.77      2.942       718204
8      8       294     132685       78.86      3.905       518130
9      9       155      69768       84.45      4.731       330062
10    10       134      60703       87.88      5.291       321209
11    11       157      70876       90.35      5.732       406270
12    12        95      42865       91.64      5.987       256629
13    13        40      17997       93.22      6.262       112698
14    14        34      15242       93.50      6.297        95975
15    15         3       1161       94.00      6.393         7422
17   Sum     16967    7659607       57.87      1.721     13181943

$URSLITID.j
   aldur tal_matad tal_fiskad midal_longd midal_vekt roknad_veida
0      0         0          0        0.00      0.000            0
1      1         0          0        0.00      0.000            0
2      2         0          0        0.00      0.000            0
3      3       770     344504       49.67      1.046       360376
4      4      6524    2919946       53.17      1.276      3724878
5      5      5335    2387858       57.13      1.577      3766295
6      6      2874    1286324       60.20      1.856      2387698
7      7       535     239571       71.28      3.007       720402
8      8       323     144703       78.99      3.920       567167
9      9       178      79557       84.23      4.699       373817
10    10       139      62202       87.64      5.262       327309
11    11       147      65696       89.88      5.670       372495
12    12       103      46177       91.93      6.051       279400
13    13        54      24063       96.09      6.871       165333
14    14        45      20265       93.52      6.286       127382
15    15         3       1469       94.00      6.393         9391
17   Sum     17030    7622335       57.91      1.729     13181943


 .... [TRUNCATED] 
