
 .... [TRUNCATED] 
>>>>>>>>>>>>>>>>>>>>>>>>>>>>>>>>>>>>>>>>>>>>>>>>>>>>>>>>>>>>>> 
 > Dato                :  Tue Dec  9 10:47:14 2014 
 > Slag                :  UP 
 > ?r                  :  2014 
 > Ti?arskei?          :  JUL-DEC 
 > Skipab?lk/-ar       :  19 20 21 
 > Skipab?lk/-ar (l?n) :  0 
 > ICES-?ki            :  VB1 
 <<<<<<<<<<<<<<<<<<<<<<<<<<<<<<<<<<<<<<<<<<<<<<<<<<<<<<<<<<<<<< 

$URSLITID
   aldur tal_matad tal_fiskad midal_longd midal_vekt roknad_veida
0      0         0          0        0.00      0.000            0
1      1         0          0        0.00      0.000            0
2      2         0          0        0.00      0.000            0
3      3         0          0        0.00      0.000            0
4      4       542       4356       55.37      1.408         6133
5      5      1719      13812       60.96      1.890        26106
6      6       689       5534       65.19      2.306        12759
7      7       346       2783       70.71      2.912         8104
8      8        30        241       71.00      2.915          703
9      9        15        121       88.00      5.543          668
10    10         0          0        0.00      0.000            0
11    11        22        177       91.00      6.128         1083
12    12         0          0        0.00      0.000            0
13    13         0          0        0.00      0.000            0
14    14         0          0        0.00      0.000            0
15    15         0          0        0.00      0.000            0
17   Sum      3363      27024       62.33      2.056        55556

$URSLITID.j
   aldur tal_matad tal_fiskad midal_longd midal_vekt roknad_veida
0      0         0          0        0.00      0.000            0
1      1         0          0        0.00      0.000            0
2      2         0          0        0.00      0.000            0
3      3         0          0        0.00      0.000            0
4      4       672       4020       53.97      1.316         5288
5      5      1686      10089       61.21      1.914        19313
6      6       804       4813       65.81      2.403        11568
7      7       678       4061       79.60      4.381        17790
8      8        17        101       71.00      2.915          295
9      9        15         89       88.00      5.543          494
10    10         0          0        0.00      0.000            0
11    11        22        132       91.00      6.128          806
12    12         0          0        0.00      0.000            0
13    13         0          0        0.00      0.000            0
14    14         0          0        0.00      0.000            0
15    15         0          0        0.00      0.000            0
17   Sum      3894      23305       64.45      2.384        55554


 .... [TRUNCATED] 
