
 .... [TRUNCATED] 
>>>>>>>>>>>>>>>>>>>>>>>>>>>>>>>>>>>>>>>>>>>>>>>>>>>>>>>>>>>>>> 
 > Dato                :  Tue Dec  9 11:28:22 2014 
 > Slag                :  HY 
 > ?r                  :  2014 
 > Ti?arskei?          :  JAN-DEC 
 > Skipab?lk/-ar       :  20 21 
 > Skipab?lk/-ar (l?n) :  0 
 > ICES-?ki            :  VB1 
 <<<<<<<<<<<<<<<<<<<<<<<<<<<<<<<<<<<<<<<<<<<<<<<<<<<<<<<<<<<<<< 

$URSLITID
   aldur tal_matad tal_fiskad midal_longd midal_vekt roknad_veida
0      0         0          0        0.00      0.000            0
1      1         0          0        0.00      0.000            0
2      2        24       1222       42.00      0.641          784
3      3       145       7405       44.84      0.792         5868
4      4       238      12122       48.03      0.970        11755
5      5       788      40138       52.25      1.243        49904
6      6       103       5261       55.49      1.463         7697
7      7       102       5213       56.42      1.553         8095
8      8        24       1247       56.50      1.536         1915
9      9        34       1722       54.30      1.400         2411
10    10        34       1708       58.50      1.739         2969
11    11        61       3118       59.00      1.750         5456
12    12        28       1418       63.96      2.219         3146
13    13         0          0        0.00      0.000            0
14    14         0          0        0.00      0.000            0
15    15         0          0        0.00      0.000            0
17   Sum      1581      80574       51.98      1.241       100000

$URSLITID.j
   aldur tal_matad tal_fiskad midal_longd midal_vekt roknad_veida
0      0         0          0        0.00      0.000            0
1      1         0          0        0.00      0.000            0
2      2         7        322       42.00      0.641          206
3      3       155       7576       44.71      0.781         5920
4      4       254      12404       48.10      0.970        12027
5      5       797      38871       52.06      1.230        47810
6      6       118       5730       55.38      1.467         8408
7      7        89       4360       56.56      1.576         6870
8      8        25       1207       56.71      1.555         1877
9      9        50       2415       58.42      1.806         4360
10    10        40       1928       61.08      1.965         3789
11    11        56       2740       59.56      1.807         4951
12    12        33       1612       65.27      2.344         3780
13    13         0          0        0.00      0.000            0
14    14         0          0        0.00      0.000            0
15    15         0          0        0.00      0.000            0
17   Sum      1624      79165       52.18      1.263        99998


 .... [TRUNCATED] 
