
 .... [TRUNCATED] 
>>>>>>>>>>>>>>>>>>>>>>>>>>>>>>>>>>>>>>>>>>>>>>>>>>>>>>>>>>>>>> 
 > Dato                :  Tue Dec  9 11:08:45 2014 
 > Slag                :  UP 
 > ?r                  :  2014 
 > Ti?arskei?          :  FEB-DEC 
 > Skipab?lk/-ar       :  20 21 
 > Skipab?lk/-ar (l?n) :  0 
 > ICES-?ki            :  VB1 
 <<<<<<<<<<<<<<<<<<<<<<<<<<<<<<<<<<<<<<<<<<<<<<<<<<<<<<<<<<<<<< 

$URSLITID
   aldur tal_matad tal_fiskad midal_longd midal_vekt roknad_veida
0      0         0          0        0.00      0.000            0
1      1         0          0        0.00      0.000            0
2      2         0          0        0.00      0.000            0
3      3       141       1084       47.21      0.896          972
4      4      1026       7874       54.31      1.328        10460
5      5      2130      16351       60.60      1.807        29542
6      6      1198       9197       66.79      2.388        21961
7      7       474       3638       69.68      2.690         9786
8      8       172       1321       79.35      3.863         5104
9      9        69        533       86.44      4.902         2613
10    10       100        765       88.46      5.309         4062
11    11        58        441       92.80      6.002         2650
12    12        23        177       93.96      6.213         1097
13    13        12         92       97.83      6.954          641
14    14         0          0        0.00      0.000            0
15    15         0          0        0.00      0.000            0
17   Sum      5403      41473       63.23      2.143        88888

$URSLITID.j
   aldur tal_matad tal_fiskad midal_longd midal_vekt roknad_veida
0      0         0          0        0.00      0.000            0
1      1         0          0        0.00      0.000            0
2      2         0          0        0.00      0.000            0
3      3       207       1544       45.95      0.833         1287
4      4      1043       7764       54.12      1.316        10222
5      5      2143      15947       60.51      1.799        28690
6      6      1219       9072       66.65      2.369        21492
7      7       479       3565       69.74      2.700         9626
8      8       173       1288       81.14      4.109         5295
9      9        75        555       86.91      4.975         2760
10    10       103        765       90.42      5.648         4320
11    11        66        491       92.61      6.098         2994
12    12        29        219       93.69      6.389         1397
13    13        15        114       97.50      7.078          806
14    14         0          0        0.00      0.000            0
15    15         0          0        0.00      0.000            0
17   Sum      5552      41324       63.13      2.151        88889


 .... [TRUNCATED] 
