
 .... [TRUNCATED] 
>>>>>>>>>>>>>>>>>>>>>>>>>>>>>>>>>>>>>>>>>>>>>>>>>>>>>>>>>>>>>> 
 > Dato                :  Tue Dec  9 11:12:31 2014 
 > Slag                :  TO 
 > ?r                  :  2014 
 > Ti?arskei?          :  JAN-DEC 
 > Skipab?lk/-ar       :  11 
 > Skipab?lk/-ar (l?n) :  0 
 > ICES-?ki            :  VB1 
 <<<<<<<<<<<<<<<<<<<<<<<<<<<<<<<<<<<<<<<<<<<<<<<<<<<<<<<<<<<<<< 

$URSLITID
   aldur tal_matad tal_fiskad midal_longd midal_vekt roknad_veida
0      0         0          0        0.00      0.000            0
1      1         0          0        0.00      0.000            0
2      2        80       1083       46.46      0.993         1075
3      3       310       4192       56.71      1.738         7286
4      4       292       3941       63.70      2.470         9733
5      5       652       8806       68.42      3.063        26975
6      6       470       6349       72.99      3.694        23451
7      7       126       1702       80.20      4.916         8367
8      8         6         74       87.00      5.988          445
9      9         0          0        0.00      0.000            0
10    10         6         74       87.00      5.988          445
11    11         0          0        0.00      0.000            0
12    12         0          0        0.00      0.000            0
13    13         0          0        0.00      0.000            0
14    14         0          0        0.00      0.000            0
15    15         0          0        0.00      0.000            0
17   Sum      1942      26221       66.91      2.966        77777

$URSLITID.j
   aldur tal_matad tal_fiskad midal_longd midal_vekt roknad_veida
0      0         0          0        0.00      0.000            0
1      1         0          0        0.00      0.000            0
2      2       136       1744       45.84      0.966         1685
3      3       305       3899       56.66      1.734         6761
4      4       311       3975       63.14      2.396         9523
5      5       665       8504       68.27      3.035        25808
6      6       480       6130       73.00      3.682        22571
7      7       150       1918       82.97      5.664        10865
8      8         4         47       87.00      5.988          282
9      9         0          0        0.00      0.000            0
10    10         4         47       87.00      5.988          282
11    11         0          0        0.00      0.000            0
12    12         0          0        0.00      0.000            0
13    13         0          0        0.00      0.000            0
14    14         0          0        0.00      0.000            0
15    15         0          0        0.00      0.000            0
17   Sum      2055      26264       66.49      2.961        77777


 .... [TRUNCATED] 
