
 .... [TRUNCATED] 
>>>>>>>>>>>>>>>>>>>>>>>>>>>>>>>>>>>>>>>>>>>>>>>>>>>>>>>>>>>>>> 
 > Dato                :  Fri Jan 17 13:37:33 2014 
 > Slag                :  HY 
 > Ár                  :  2011 
 > Tiŵarskeiŵ          :  JAN-NOV 
 > Skipabólk/-ar       :  1 2 4 5 
 > Skipabólk/-ar (lán) :  0 
 > ICES-øki            :  VB1 
 <<<<<<<<<<<<<<<<<<<<<<<<<<<<<<<<<<<<<<<<<<<<<<<<<<<<<<<<<<<<<< 

$URSLITID
   aldur tal_matad tal_fiskad midal_longd midal_vekt roknad_veida
0      0         0          0        0.00      0.000            0
1      1         0          0        0.00      0.000            0
2      2       477      63699       35.10      0.426        27163
3      3      2170     289681       41.99      0.711       205841
4      4       632      84408       46.81      0.964        81349
5      5       212      28305       50.07      1.169        33095
6      6       201      26881       50.36      1.191        32019
7      7       532      70968       51.96      1.298        92141
8      8       556      74241       52.20      1.321        98078
9      9       606      80884       54.26      1.469       118846
10    10       163      21805       56.37      1.641        35771
11    11        62       8262       58.90      1.855        15330
12    12        23       3121       58.00      1.762         5499
13    13         0          0        0.00      0.000            0
14    14         0          0        0.00      0.000            0
15    15         0          0        0.00      0.000            0
17   Sum      5634     752255       46.50      0.991       745132

$URSLITID.j
   aldur tal_matad tal_fiskad midal_longd midal_vekt roknad_veida
0      0         0          0        0.00      0.000            0
1      1         0          0        0.00      0.000            0
2      2       480      63780       35.08      0.425        27135
3      3      2150     285766       41.91      0.707       201911
4      4       649      86220       46.94      0.970        83665
5      5       214      28387       50.05      1.167        33134
6      6       212      28208       50.26      1.182        33331
7      7       536      71206       51.98      1.297        92323
8      8       557      74104       52.24      1.320        97797
9      9       592      78667       54.19      1.463       115122
10    10       172      22889       56.61      1.664        38079
11    11        70       9256       59.23      1.858        17195
12    12        23       3000       59.50      1.814         5441
13    13         0          0        0.00      0.000            0
14    14         0          0        0.00      0.000            0
15    15         0          0        0.00      0.000            0
17   Sum      5655     751483       46.50      0.992       745133


 .... [TRUNCATED] 
