
 .... [TRUNCATED] 
>>>>>>>>>>>>>>>>>>>>>>>>>>>>>>>>>>>>>>>>>>>>>>>>>>>>>>>>>>>>>> 
 > Dato                :  Mon Dec  1 14:00:49 2014 
 > Slag                :  UP 
 > Ár                  :  2014 
 > Tiŵarskeiŵ          :  JAN-DEC 
 > Skipabólk/-ar       :  19 20 21 
 > Skipabólk/-ar (lán) :  0 
 > ICES-øki            :  VB1 
 <<<<<<<<<<<<<<<<<<<<<<<<<<<<<<<<<<<<<<<<<<<<<<<<<<<<<<<<<<<<<< 

$URSLITID
   aldur tal_matad tal_fiskad midal_longd midal_vekt roknad_veida
0      0         0          0        0.00      0.000            0
1      1         0          0        0.00      0.000            0
2      2         0          0        0.00      0.000            0
3      3       540          0       48.56      0.977            0
4      4      3433          0       54.26      1.333            0
5      5      5916          0       60.23      1.794            0
6      6      3263          0       66.92      2.438            0
7      7      1593          0       71.03      2.904            0
8      8       312          0       80.79      4.157            0
9      9       265          0       88.06      5.253            0
10    10       213          0       90.67      5.776            0
11    11       161          0       92.69      6.088            0
12    12       146          0       95.05      6.552            0
13    13        36          0       95.47      6.644            0
14    14         2          0      112.00     10.460            0
15    15         0          0        0.00      0.000            0
17   Sum     15880          0       63.01      2.167            0

$URSLITID.j
   aldur tal_matad tal_fiskad midal_longd midal_vekt roknad_veida
0      0         0          0        0.00      0.000            0
1      1         0          0        0.00      0.000            0
2      2         0          0        0.00      0.000            0
3      3       658          0       47.71      0.932            0
4      4      3510          0       54.09      1.323            0
5      5      5950          0       60.15      1.787            0
6      6      3197          0       66.53      2.392            0
7      7      1561          0       70.74      2.867            0
8      8       380          0       81.42      4.247            0
9      9       292          0       87.92      5.233            0
10    10       225          0       91.63      5.926            0
11    11       182          0       92.81      6.143            0
12    12       168          0       95.65      6.740            0
13    13        40          0       95.41      6.690            0
14    14         2          0      112.00     10.460            0
15    15         0          0        0.00      0.000            0
17   Sum     16165          0       62.88      2.167            0


 .... [TRUNCATED] 
