
> resFun(tmp2, tmp3, new_veida_obj = new_veida_obj)

 >>>>>>>>>>>>>>>>>>>>>>>>>>>>>>>>>>>>>>>>>>>>>>>>>>>>>>>>>>>>>> 
 > Dato                :  Thu Jan 16 14:11:17 2014 
 > Slag                :  TO 
 > Ár                  :  2012 
 > Tiŵarskeiŵ          :  OCT-DEC 
 > Skipabólk/-ar       :  1 2 4 5 6 7 
 > Skipabólk/-ar (lán) :  0 
 > ICES-øki            :  VB1 VB2 
 <<<<<<<<<<<<<<<<<<<<<<<<<<<<<<<<<<<<<<<<<<<<<<<<<<<<<<<<<<<<<< 

$URSLITID
   aldur tal_matad tal_fiskad midal_longd midal_vekt roknad_veida
0      0         0          0        0.00      0.000            0
1      1        14       6091       34.79      0.464         2827
2      2        47      20642       47.11      1.110        22921
3      3       218      94639       52.58      1.507       142611
4      4       147      64160       55.75      1.793       115065
5      5        15       6563       66.21      2.942        19309
6      6         4       1523       66.67      3.072         4678
7      7         5       2175       94.40      7.872        17125
8      8         0          0        0.00      0.000            0
9      9         1        435      106.00     10.682         4648
10    10         0          0        0.00      0.000            0
11    11         0          0        0.00      0.000            0
12    12         0          0        0.00      0.000            0
13    13         0          0        0.00      0.000            0
14    14         0          0        0.00      0.000            0
15    15         0          0        0.00      0.000            0
17   Sum       451     196228       53.71      1.678       329184

$URSLITID.j
   aldur tal_matad tal_fiskad midal_longd midal_vekt roknad_veida
0      0         0          0        0.00      0.000            0
1      1        21       8068       35.50      0.489         3947
2      2        50      19124       46.92      1.099        21016
3      3       239      91435       52.21      1.478       135118
4      4       142      54496       55.54      1.790        97545
5      5        18       6982       69.14      3.153        22016
6      6         4       1663        0.00      3.533         5876
7      7        13       5080       92.00      7.840        39825
8      8         0          0        0.00      0.000            0
9      9         1        359        0.00     10.682         3839
10    10         0          0        0.00      0.000            0
11    11         0          0        0.00      0.000            0
12    12         0          0        0.00      0.000            0
13    13         0          0        0.00      0.000            0
14    14         0          0        0.00      0.000            0
15    15         0          0        0.00      0.000            0
17   Sum       488     187207       53.95      1.758       329182


> sink()
