
 .... [TRUNCATED] 
>>>>>>>>>>>>>>>>>>>>>>>>>>>>>>>>>>>>>>>>>>>>>>>>>>>>>>>>>>>>>> 
 > Dato                :  Mon Dec  1 13:24:34 2014 
 > Slag                :  UP 
 > Ár                  :  2014 
 > Tiŵarskeiŵ          :  JAN-DEC 
 > Skipabólk/-ar       :  19 20 
 > Skipabólk/-ar (lán) :  0 
 > ICES-øki            :  VB1 
 <<<<<<<<<<<<<<<<<<<<<<<<<<<<<<<<<<<<<<<<<<<<<<<<<<<<<<<<<<<<<< 

$URSLITID
   aldur tal_matad tal_fiskad midal_longd midal_vekt roknad_veida
0      0         0          0        0.00      0.000            0
1      1         0          0        0.00      0.000            0
2      2         0          0        0.00      0.000            0
3      3       422          0       49.72      1.042            0
4      4      2964          0       54.37      1.344            0
5      5      4955          0       60.27      1.802            0
6      6      2544          0       66.80      2.434            0
7      7      1307          0       71.05      2.919            0
8      8       220          0       80.69      4.148            0
9      9       229          0       88.13      5.282            0
10    10       161          0       90.65      5.796            0
11    11       124          0       92.25      6.042            0
12    12       146          0       94.84      6.537            0
13    13        32          0       95.75      6.714            0
14    14         1          0      112.00     10.505            0
15    15         0          0        0.00      0.000            0
17   Sum     13105          0       62.92      2.163            0

$URSLITID.j
   aldur tal_matad tal_fiskad midal_longd midal_vekt roknad_veida
0      0         0          0        0.00      0.000            0
1      1         0          0        0.00      0.000            0
2      2         0          0        0.00      0.000            0
3      3       504          0       48.69      0.987            0
4      4      3048          0       54.16      1.332            0
5      5      4970          0       60.19      1.795            0
6      6      2515          0       66.42      2.388            0
7      7      1263          0       70.76      2.880            0
8      8       285          0       81.94      4.309            0
9      9       244          0       88.15      5.290            0
10    10       180          0       91.44      5.937            0
11    11       157          0       92.56      6.156            0
12    12       137          0       95.58      6.741            0
13    13        38          0       95.36      6.722            0
14    14         1          0        0.00     10.505            0
15    15         0          0        0.00      0.000            0
17   Sum     13342          0       62.79      2.163            0


 .... [TRUNCATED] 
