
> resFun(tmp2, tmp3, new_veida_obj = new_veida_obj)

 >>>>>>>>>>>>>>>>>>>>>>>>>>>>>>>>>>>>>>>>>>>>>>>>>>>>>>>>>>>>>> 
 > Dato                :  Thu Jan 16 14:41:53 2014 
 > Slag                :  HY 
 > Ár                  :  2012 
 > Tiŵarskeiŵ          :  JAN-DEC 
 > Skipabólk/-ar       :  1 2 4 
 > Skipabólk/-ar (lán) :  0 
 > ICES-øki            :  VB1 
 <<<<<<<<<<<<<<<<<<<<<<<<<<<<<<<<<<<<<<<<<<<<<<<<<<<<<<<<<<<<<< 

$URSLITID
   aldur tal_matad tal_fiskad midal_longd midal_vekt roknad_veida
0      0         0          0        0.00      0.000            0
1      1         1        303       31.00      0.308           93
2      2        17       5201       38.81      0.583         3031
3      3      1041     315552       41.74      0.724       228581
4      4       377     114288       47.00      1.003       114637
5      5       125      37831       51.68      1.306        49395
6      6        35      10556       54.50      1.519        16034
7      7        37      11247       54.24      1.501        16878
8      8        65      19697       54.37      1.503        29606
9      9        83      25099       54.38      1.524        38240
10    10        60      18248       55.71      1.632        29783
11    11         5       1583       57.00      1.717         2716
12    12         1        404       64.00      2.356          952
13    13         0          0        0.00      0.000            0
14    14         0          0        0.00      0.000            0
15    15         0          0        0.00      0.000            0
17   Sum      1847     560009       45.48      0.946       529946

$URSLITID.j
   aldur tal_matad tal_fiskad midal_longd midal_vekt roknad_veida
0      0         0          0        0.00      0.000            0
1      1         1        274        0.00      0.308           84
2      2        19       5573       37.80      0.552         3075
3      3      1049     314739       41.74      0.725       228053
4      4       389     116751       47.02      1.004       117243
5      5       130      39059       51.88      1.323        51661
6      6        33       9950       54.12      1.484        14762
7      7        33      10040       53.88      1.452        14575
8      8        55      16606       55.11      1.540        25572
9      9        88      26531       54.60      1.534        40696
10    10        59      17803       55.76      1.639        29187
11    11         7       2157        0.00      1.767         3811
12    12         2        521       64.00      2.356         1227
13    13         0          0        0.00      0.000            0
14    14         0          0        0.00      0.000            0
15    15         0          0        0.00      0.000            0
17   Sum      1865     560004       45.45      0.946       529946


> sink()
