
 .... [TRUNCATED] 
>>>>>>>>>>>>>>>>>>>>>>>>>>>>>>>>>>>>>>>>>>>>>>>>>>>>>>>>>>>>>> 
 > Dato                :  Tue Dec  2 15:50:07 2014 
 > Slag                :  UP 
 > ?r                  :  2014 
 > Ti?arskei?          :  JAN-MAY 
 > Skipab?lk/-ar       :  20 
 > Skipab?lk/-ar (l?n) :  0 
 > ICES-?ki            :  VB1 
 <<<<<<<<<<<<<<<<<<<<<<<<<<<<<<<<<<<<<<<<<<<<<<<<<<<<<<<<<<<<<< 

$URSLITID
   aldur tal_matad tal_fiskad midal_longd midal_vekt roknad_veida
0      0         0          0        0.00      0.000            0
1      1         0          0        0.00      0.000            0
2      2         0          0        0.00      0.000            0
3      3        75        882       49.34      1.009          890
4      4       535       6303       53.50      1.271         8010
5      5       872      10284       60.03      1.761        18113
6      6       413       4866       65.95      2.299        11185
7      7       177       2086       69.96      2.717         5668
8      8        48        568       80.04      3.919         2227
9      9        36        429       87.23      4.968         2131
10    10        45        529       89.05      5.374         2845
11    11        30        359       92.14      5.846         2096
12    12        20        235       95.53      6.435         1511
13    13        11        133       96.55      6.627          879
14    14         0          0        0.00      0.000            0
15    15         0          0        0.00      0.000            0
17   Sum      2262      26674       62.34      2.083        55555

$URSLITID.j
   aldur tal_matad tal_fiskad midal_longd midal_vekt roknad_veida
0      0         0          0        0.00      0.000            0
1      1         0          0        0.00      0.000            0
2      2         0          0        0.00      0.000            0
3      3       100       1110       47.55      0.932         1034
4      4       552       6141       53.30      1.258         7727
5      5       862       9593       59.64      1.728        16578
6      6       428       4766       65.89      2.294        10932
7      7       193       2149       70.37      2.748         5905
8      8        50        557       82.31      4.235         2361
9      9        46        515       87.42      5.024         2589
10    10        50        554       91.08      5.666         3138
11    11        34        379       92.53      5.972         2266
12    12        26        287       95.29      6.563         1885
13    13        16        175       96.14      6.512         1141
14    14         0          0        0.00      0.000            0
15    15         0          0        0.00      0.000            0
17   Sum      2357      26226       62.45      2.118        55556


 .... [TRUNCATED] 
