
 >>>>>>>>>>>>>>>>>>>>>>>>>>>>>>>>>>>>>>>>>>>>>>>>>>>>>>>>>>>>>>
 Dato            :  Wed Feb 12 11:23:55 2014 
 Slag            :  UP 
 Tíŵarskeiŵ      :  2012 
 <<<<<<<<<<<<<<<<<<<<<<<<<<<<<<<<<<<<<<<<<<<<<<<<<<<<<<<<<<<<<< 

$`GB<100`
[1] 8

$`GS>100`
[1] 23

$LB
[1] 1

$`LB<100`
[1] 4 5 6 7

$`LS>100`
[1] 22

$`LT_0-400`
[1] 10

$`LT>1000`
[1] 13 14 15

$`LT_400-700`
[1] 11

$`LT_700-1000`
[1] 12

$`PT<1000`
[1] 16 17 18

$`PT>1000`
[1] 19 20 21

$SB
[1] 2 9

------------- Lengths-summary ------------- 
     2 9  11  18   19  20   21
1201 0 0   0   0 2471   0  606
1202 0 0   0   0 1915   0  816
1203 0 0   0   0 2507 408 1001
1204 0 0   0 207 1272 207  629
1205 0 0   0   0  835 644  868
1206 0 0   0   0  852 450  410
1207 0 2   0 221  835   0  200
1208 0 0   0 219 1486 414  200
1209 0 0   0   0  827 430    0
1210 4 0 211 413  622 420  845
1211 0 0   0   0 1070 453  830
1212 0 0   0   0    0   0  401

     LT_400-700 PT<1000 PT>1000 SB
1201          0       0    3077  0
1202          0       0    2731  0
1203          0       0    3916  0
1204          0     207    2108  0
1205          0       0    2347  0
1206          0       0    1712  0
1207          0     221    1035  2
1208          0     219    2100  0
1209          0       0    1257  0
1210        211     413    1887  4
1211          0       0    2353  0
1212          0       0     401  0

  Qrt LT_400-700 PT<1000 PT>1000 SB
1   1          0     207   11832  0
2   2          0     440    7194  2
3   3        211     413    5898  4

 ------------- Weight-summary  ------------- 
     2 9  11  18   19  20  21
1201 0 0   0   0 2056   0   0
1202 0 0   0   0 1915   0 206
1203 0 0   0   0 2080 408 197
1204 0 0   0 207  872 207 418
1205 0 0   0   0  835 644 668
1206 0 0   0   0  642 450 410
1207 0 2   0 221  427   0   0
1208 0 0   0 219  877 414   0
1209 0 0   0   0  418 430   0
1210 4 0 211 413  422 420 431
1211 0 0   0   0  865 453 428
1212 0 0   0   0    0   0   0

     LT_400-700 PT<1000 PT>1000 SB
1201          0       0    2056  0
1202          0       0    2121  0
1203          0       0    2685  0
1204          0     207    1497  0
1205          0       0    2147  0
1206          0       0    1502  0
1207          0     221     427  2
1208          0     219    1291  0
1209          0       0     848  0
1210        211     413    1273  4
1211          0       0    1746  0
1212          0       0       0  0

  Qrt LT_400-700 PT<1000 PT>1000 SB
1   1          0     207    8359  0
2   2          0     440    5367  2
3   3        211     413    3867  4

 ------------- Age-summary     ------------- 
     2 9 18  19  20 21
1201 0 0  0 240   0  0
1202 0 0  0 238   0 60
1203 0 0  0 240  60 60
1204 0 0 60 180  60 60
1205 0 0  0  60 120  0
1206 0 0  0  60  60 60
1207 0 2  0  60   0  0
1208 0 0  0 180  60 60
1209 0 0  0  60  60  0
1210 4 0 60  60  60 60
1211 0 0  0 179  59  0
1212 0 0  0   0   0 60

     PT<1000 PT>1000 SB
1201       0     240  0
1202       0     298  0
1203       0     360  0
1204      60     300  0
1205       0     180  0
1206       0     180  0
1207       0      60  2
1208       0     300  0
1209       0     120  0
1210      60     180  4
1211       0     238  0
1212       0      60  0

  Qrt PT<1000 PT>1000 SB
1   1      60    1198  0
2   2       0     720  2
3   3      60     598  4

 ------------- Landings-summary ------------- 
         1      2     4     5     6     7     8       9      10    11     12
1201 0.008  0.000 0.343 0.000 4.970 2.528 0.000  45.688  13.808 1.184  0.000
1202 0.031  0.000 0.604 0.000 0.067 0.011 0.269  33.949  14.709 0.145  0.000
1203 0.108  0.476 0.560 0.000 0.131 0.189 0.059  70.897  49.248 0.842 13.752
1204 0.099  0.005 0.328 0.000 2.167 0.000 0.006  57.733 136.676 0.000  0.000
1205 0.453  7.401 1.517 0.077 0.000 0.000 0.025 115.068  18.853 0.107  0.000
1206 0.338  6.603 7.045 0.000 0.004 0.000 0.014 131.764  65.177 1.183  0.085
1207 3.856 20.117 4.947 0.000 0.090 0.000 0.000  61.840  39.058 4.358  0.000
1208 0.051 17.150 0.137 0.000 0.170 0.000 0.000  67.844  95.358 0.000  0.085
1209 0.201  0.448 0.064 0.000 0.384 0.000 0.007   4.600  28.664 2.216  0.000
1210 0.021  0.285 0.488 0.000 1.185 0.001 0.000  12.210  81.976 2.691  0.000
1211 0.088  0.246 0.516 0.000 0.941 0.007 0.000  12.871   0.361 1.289  0.000
1212 0.043  0.069 0.442 0.000 0.088 0.004 0.000  73.925   3.555 1.156  0.000
         13     14      15      16      18       19      20      21     22
1201 30.090 81.730  71.578 207.254 187.387 1751.203 133.519 382.043  9.030
1202  0.000 54.196   0.188 162.910 416.919 2002.204 300.753 673.456 27.021
1203  0.000 16.868 213.009 171.912 624.132 2273.190 396.108 403.031  9.852
1204  0.000  3.582 105.730 177.560   0.142  954.742 283.309 164.917 11.704
1205  0.000  0.172   0.000 436.263   0.000 1298.921 284.335 403.695 12.797
1206  0.162  0.585   0.000 675.631   0.000 1178.420 511.283 508.511 19.613
1207  9.411  0.000   0.000 335.412   0.000 1094.691 197.102 134.894  6.345
1208  6.595  0.000   0.000 152.891   0.000 1104.071 106.206 184.256  3.189
1209  0.000 12.390   0.000   0.000   0.000  314.274 111.913 124.583  5.054
1210  5.877  1.652   0.000 448.403 334.712  610.815 161.686 267.537 65.054
1211  5.690  0.000   0.000 338.261 168.321  826.144 222.166 417.767 98.189
1212  3.456  0.000   0.000 246.727 215.433  719.032  99.318 337.786 14.158
        23
1201 0.047
1202 0.104
1203 0.004
1204 0.010
1205 0.010
1206 0.004
1207 0.000
1208 0.297
1209 0.099
1210 0.014
1211 0.031
1212 0.007

     GB<100 GS>100    LB LB<100 LS>100 LT_0-400 LT>1000 LT_400-700 LT_700-1000
1201  0.000  0.047 0.008  7.841  9.030   13.808 183.398      1.184       0.000
1202  0.269  0.104 0.031  0.682 27.021   14.709  54.384      0.145       0.000
1203  0.059  0.004 0.108  0.880  9.852   49.248 229.877      0.842      13.752
1204  0.006  0.010 0.099  2.495 11.704  136.676 109.312      0.000       0.000
1205  0.025  0.010 0.453  1.594 12.797   18.853   0.172      0.107       0.000
1206  0.014  0.004 0.338  7.049 19.613   65.177   0.747      1.183       0.085
1207  0.000  0.000 3.856  5.037  6.345   39.058   9.411      4.358       0.000
1208  0.000  0.297 0.051  0.307  3.189   95.358   6.595      0.000       0.085
1209  0.007  0.099 0.201  0.448  5.054   28.664  12.390      2.216       0.000
1210  0.000  0.014 0.021  1.674 65.054   81.976   7.529      2.691       0.000
1211  0.000  0.031 0.088  1.464 98.189    0.361   5.690      1.289       0.000
1212  0.000  0.007 0.043  0.534 14.158    3.555   3.456      1.156       0.000
     PT<1000  PT>1000      SB
1201 394.641 2266.765  45.688
1202 579.829 2976.413  33.949
1203 796.044 3072.329  71.373
1204 177.702 1402.968  57.738
1205 436.263 1986.951 122.469
1206 675.631 2198.214 138.367
1207 335.412 1426.687  81.957
1208 152.891 1394.533  84.994
1209   0.000  550.770   5.048
1210 783.115 1040.038  12.495
1211 506.582 1466.077  13.117
1212 462.160 1156.136  73.994

  Qrt GB<100 GS>100    LB LB<100  LS>100 LT_0-400 LT>1000 LT_400-700
1   1  0.334  0.165 0.246 11.898  57.607  214.441 576.971      2.171
2   2  0.039  0.311 4.698 13.987  41.944  218.446  16.925      5.648
3   3  0.007  0.151 0.353  4.120 182.455  114.556  29.065      7.352
  LT_700-1000  PT<1000  PT>1000      SB
1      13.752 1948.216 9718.475 208.748
2       0.170 1600.197 7006.385 427.787
3       0.000 1751.857 4213.021 104.654
