
 >>>>>>>>>>>>>>>>>>>>>>>>>>>>>>>>>>>>>>>>>>>>>>>>>>>>>>>>>>>>>>
 Dato            :  Tue Dec  9 11:30:35 2014 
 Slag            :  HY 
 T??arskei?      :  2014 
 <<<<<<<<<<<<<<<<<<<<<<<<<<<<<<<<<<<<<<<<<<<<<<<<<<<<<<<<<<<<<< 

$`LB<100`
[1] 4 5 6 7

$`LS>100`
[1] 22

$`LT_400-700`
[1] 11

$`PT<1000`
[1] 16 17 18

$`PT>1000`
[1] 19 20 21



-------------------------- Lengths-summary -------------------------- 
       4   6  11  16  19  20  21  22
1401   0   0   0   0 466   0 187 621
1402 436   0 199   0 438   0 186 407
1403   0 217   0   0 203   0 299 415
1404 200   0 201 201 255   0   0   0
1405   0   0 229   0 409 196   0   0
1406   0   0 228   0 516 217 190 221
1407   0   0 227   0 907 137 212   0
1408   0   0   0   0 205   0   0   0
1409   0   0   0   0   0   0   0   0
1410   0   0   0   0   0   0   0   0
1411   0   0   0   0   0   0   0   0
1412   0   0   0   0   0   0   0   0



-------------------------- Weight-summary  -------------------------- 
       4   6  11  16  19  20  21  22
1401   0   0   0   0 466   0 187 621
1402 436   0 199   0 438   0 186 407
1403   0 217   0   0 203   0 299 415
1404   0   0 201 201 255   0   0   0
1405   0   0 229   0 409 196   0   0
1406   0   0 228   0 516 217 190 221
1407   0   0 227   0 907 137 212   0
1408   0   0   0   0   0   0   0   0
1409   0   0   0   0   0   0   0   0
1410   0   0   0   0   0   0   0   0
1411   0   0   0   0   0   0   0   0
1412   0   0   0   0   0   0   0   0



-------------------------- Age-summary     --------------------------- 
      4 16 19 21  22
1401  0  0 59  0 120
1402 60  0  0 60  60
1403  0  0 60  0   0
1404  0 60  0  0   0
1405  0  0 60  0   0
1406  0  0  0 60   0
1407  0  0 60 60   0
1408  0  0  0  0   0
1409  0  0  0  0   0
1410  0  0  0  0   0
1411  0  0  0  0   0
1412  0  0  0  0   0


