
 >>>>>>>>>>>>>>>>>>>>>>>>>>>>>>>>>>>>>>>>>>>>>>>>>>>>>>>>>>>>>>
 Dato            :  Thu Jan 16 14:42:57 2014 
 Slag            :  TO 
 Tíŵarskeiŵ      :  2012 
 <<<<<<<<<<<<<<<<<<<<<<<<<<<<<<<<<<<<<<<<<<<<<<<<<<<<<<<<<<<<<< 

$`GB<100`
[1] 8

$`GS>100`
[1] 23

$LB
[1] 1

$`LB<100`
[1] 4 5 6 7

$`LS>100`
[1] 22

$`LT_0-400`
[1] 10

$`LT>1000`
[1] 13 14 15

$`LT_400-700`
[1] 11

$`LT_700-1000`
[1] 12

$NB
[1] 28

$`PT<1000`
[1] 16 17 18

$`PT>1000`
[1] 19 20 21

$SB
[1] 2 9

------------- Lengths-summary ------------- 
       1   4   6  11  18  19  20  21   22
1201   0 764   0 569   0 427   0 200  613
1202   0 417   0 166   0   0   0 200 1628
1203   0 622   0   0   0   0   0   0 1220
1204   0 389 216   0 182   0   0   0  725
1205   0   0   0 197   0   0 201 202    0
1206   0   0   0 415   0 212   0   0    0
1207   0   0   0 195   0   0   0   0  191
1208  78   0   0 207   0 207   0 201  205
1209   0   0   0 163   0   0   0   0    0
1210 202 116   0 417 383   0 212 213  197
1211 171   0   0 202   0 186   0 207  638
1212   0   0   0   0   0   0   0   0    0

      LB LB<100 LS>100 LT_400-700 PT<1000 PT>1000
1201   0    764    613        569       0     627
1202   0    417   1628        166       0     200
1203   0    622   1220          0       0       0
1204   0    605    725          0     182       0
1205   0      0      0        197       0     403
1206   0      0      0        415       0     212
1207   0      0    191        195       0       0
1208  78      0    205        207       0     408
1209   0      0      0        163       0       0
1210 202    116    197        417     383     425
1211 171      0    638        202       0     393
1212   0      0      0          0       0       0

  Qrt  LB LB<100 LS>100 LT_400-700 PT<1000 PT>1000
1   1   0   2408   4186        735     182     827
2   2  78      0    396       1014       0    1023
3   3 373    116    835        782     383     818

 ------------- Weight-summary  ------------- 
       1   4   6  11  18  19  20  21   22
1201   0 764   0 569   0 427   0   0  613
1202   0 417   0 166   0   0   0   0 1628
1203   0 622   0   0   0   0   0   0 1015
1204   0 389 216   0 182   0   0   0  661
1205   0   0   0 197   0   0 201 202    0
1206   0   0   0 415   0 212   0   0    0
1207   0   0   0 195   0   0   0   0  191
1208  78   0   0 207   0   0   0 201  205
1209   0   0   0 163   0   0   0   0    0
1210 202 116   0 417 383   0 212   0  197
1211 171   0   0 202   0 186   0 207  638
1212   0   0   0   0   0   0   0   0    0

      LB LB<100 LS>100 LT_400-700 PT<1000 PT>1000
1201   0    764    613        569       0     427
1202   0    417   1628        166       0       0
1203   0    622   1015          0       0       0
1204   0    605    661          0     182       0
1205   0      0      0        197       0     403
1206   0      0      0        415       0     212
1207   0      0    191        195       0       0
1208  78      0    205        207       0     201
1209   0      0      0        163       0       0
1210 202    116    197        417     383     212
1211 171      0    638        202       0     393
1212   0      0      0          0       0       0

  Qrt  LB LB<100 LS>100 LT_400-700 PT<1000 PT>1000
1   1   0   2408   3917        735     182     427
2   2  78      0    396       1014       0     816
3   3 373    116    835        782     383     605

 ------------- Age-summary     ------------- 
      1   4  11 18 19 20 21  22
1201  0  60 120  0 60  0  0  60
1202  0  60   0  0  0  0  0 120
1203  0  60   0  0  0  0  0 180
1204  0 118   0 60  0  0  0 120
1205  0   0  60  0  0  0 60   0
1206  0   0   0  0  0  0  0   0
1207  0   0  60  0  0  0  0  59
1208 60   0   0  0  0  0  0   0
1209  0   0  60  0  0  0  0   0
1210 60  43  60  0  0 60  0   0
1211 60   0   0  0  0  0  0  60
1212  0   0   0  0  0  0  0   0

     LB LB<100 LS>100 LT_400-700 PT<1000 PT>1000
1201  0     60     60        120       0      60
1202  0     60    120          0       0       0
1203  0     60    180          0       0       0
1204  0    118    120          0      60       0
1205  0      0      0         60       0      60
1206  0      0      0          0       0       0
1207  0      0     59         60       0       0
1208 60      0      0          0       0       0
1209  0      0      0         60       0       0
1210 60     43      0         60       0      60
1211 60      0     60          0       0       0
1212  0      0      0          0       0       0

  Qrt  LB LB<100 LS>100 LT_400-700 PT<1000 PT>1000
1   1   0    298    480        120      60      60
2   2  60      0     59        120       0      60
3   3 120     43     60        120       0      60

 ------------- Landings-summary ------------- 
          1      2       4     5       6      7     8       9     10     11
1201 23.177  0.000 145.455 0.000  57.596 22.729 0.000   0.730 26.773  7.498
1202 15.672  0.601 113.525 0.000  50.449 14.635 0.000  11.214 18.394  0.653
1203 25.564 16.515 241.782 0.000 108.571 39.271 0.000 119.554 32.238  2.405
1204  5.029  3.678  86.107 0.000  15.898  0.000 0.000  17.161 21.546  0.000
1205  5.267  1.420  43.772 0.800   0.669  0.000 0.000  12.543 21.019  4.143
1206  4.086  3.366  30.241 0.771   1.814  0.000 0.000  16.633 47.078 13.781
1207  0.942  3.794  16.496 0.111   1.348  0.000 0.235  27.940 36.881 21.328
1208  2.616  4.063  28.592 0.003  11.192  0.000 0.070  24.248 52.707  0.000
1209  2.655  2.881  21.363 0.000   6.885  0.000 0.080  27.649 10.849  3.748
1210  6.239  4.143  58.723 0.000  33.632  1.977 0.000  36.021  5.470  4.334
1211 13.440  2.153  65.474 0.110  41.293  8.566 0.000   6.656  1.319  2.288
1212  9.671  0.149  48.131 1.454  31.471  2.187 0.000   3.640  7.178  2.043
        12     13    14     15     16     18      19     20     21      22
1201 0.000  5.461 0.000  7.090 20.724 21.939 124.603 18.766 18.230 297.886
1202 0.000  4.162 0.262  0.000  8.256 28.158 150.683 23.253 47.247 282.169
1203 1.031  6.562 3.809  2.559 10.179 16.448  77.863 10.821 18.348 256.528
1204 0.000  0.000 0.467 12.885  4.502  0.000 133.680  5.834  2.775  65.981
1205 0.000  0.000 0.000  0.000 21.250  0.000  83.045 17.093 18.395  26.954
1206 0.000  0.000 0.012  0.000 19.071  0.000  45.146 16.376 19.136  70.932
1207 0.000 13.521 3.152  2.003 11.270  0.000  76.803  2.152  1.796 132.450
1208 0.000 32.342 4.096  5.063  2.791  0.000  45.212  1.788 11.346 118.878
1209 0.000 13.821 1.310  0.000  0.000  0.000  22.530  2.538  2.691 113.476
1210 0.000 10.931 4.423  0.000 33.547 16.391  36.427  6.370 19.571 183.466
1211 0.000 13.712 1.425  0.000 54.198  5.721  63.554 28.905 15.527 148.322
1212 0.000  0.602 0.000  0.000 23.628  6.113  51.604 10.524  7.073 195.948
        23    28
1201 0.000 0.000
1202 0.000 0.000
1203 0.000 0.000
1204 0.000 0.188
1205 0.000 0.388
1206 0.000 0.363
1207 0.000 0.083
1208 0.000 0.000
1209 0.000 0.000
1210 0.018 0.000
1211 0.061 0.000
1212 0.085 0.000

     GB<100 GS>100     LB  LB<100  LS>100 LT_0-400 LT>1000 LT_400-700
1201  0.000  0.000 23.177 225.780 297.886   26.773  12.551      7.498
1202  0.000  0.000 15.672 178.609 282.169   18.394   4.424      0.653
1203  0.000  0.000 25.564 389.624 256.528   32.238  12.930      2.405
1204  0.000  0.000  5.029 102.005  65.981   21.546  13.352      0.000
1205  0.000  0.000  5.267  45.241  26.954   21.019   0.000      4.143
1206  0.000  0.000  4.086  32.826  70.932   47.078   0.012     13.781
1207  0.235  0.000  0.942  17.955 132.450   36.881  18.676     21.328
1208  0.070  0.000  2.616  39.787 118.878   52.707  41.501      0.000
1209  0.080  0.000  2.655  28.248 113.476   10.849  15.131      3.748
1210  0.000  0.018  6.239  94.332 183.466    5.470  15.354      4.334
1211  0.000  0.061 13.440 115.443 148.322    1.319  15.137      2.288
1212  0.000  0.085  9.671  83.243 195.948    7.178   0.602      2.043
     LT_700-1000    NB PT<1000 PT>1000      SB
1201       0.000 0.000  42.663 161.599   0.730
1202       0.000 0.000  36.414 221.183  11.815
1203       1.031 0.000  26.627 107.032 136.069
1204       0.000 0.188   4.502 142.289  20.839
1205       0.000 0.388  21.250 118.533  13.963
1206       0.000 0.363  19.071  80.658  19.999
1207       0.000 0.083  11.270  80.751  31.734
1208       0.000 0.000   2.791  58.346  28.311
1209       0.000 0.000   0.000  27.759  30.530
1210       0.000 0.000  49.938  62.368  40.164
1211       0.000 0.000  59.919 107.986   8.809
1212       0.000 0.000  29.741  69.201   3.789

  Qrt GB<100 GS>100     LB  LB<100  LS>100 LT_0-400 LT>1000 LT_400-700
1   1  0.000  0.000 69.442 896.018 902.564   98.951  43.257     10.556
2   2  0.305  0.000 12.911 135.809 349.214  157.685  60.189     39.252
3   3  0.080  0.164 32.005 321.266 641.212   24.816  46.224     12.413
  LT_700-1000    NB PT<1000 PT>1000      SB
1       1.031 0.188 110.206 632.103 169.453
2       0.000 0.834  54.382 338.288  94.007
3       0.000 0.000 139.598 267.314  83.292
