
 >>>>>>>>>>>>>>>>>>>>>>>>>>>>>>>>>>>>>>>>>>>>>>>>>>>>>>>>>>>>>>
 Dato            :  Mon Dec  1 14:37:03 2014 
 Slag            :  UP 
 T??arskei?      :  2013 
 <<<<<<<<<<<<<<<<<<<<<<<<<<<<<<<<<<<<<<<<<<<<<<<<<<<<<<<<<<<<<< 

Snella          :  2 9 24 
Partroplus1000  :  19 20 21 
Partrominus1000 :  16 17 18 
Lemmatroplus1000:  13 14 15 
Annad1          :  1 4 5 6 7 8 
Annad2          :  10 11 12 22 23 28 


-------------------------- Lengths-summary -------------------------- 
      11  18   19  20  21
1301   0   0 1477 406 401
1302   0 611 1426   0 401
1303   0   0  612 207   0
1304   0 230 1858 219   0
1305 216   0  832 417   0
1306 224 223 1266 445 211
1307   0   0  444   0   0
1308 472   0  812 219   0
1309 208   0 1034   0   0
1310 205   0 1647 617 405
1311   0 200  610 407 422
1312   0 201  611   0   0

     Snella Partroplus1000 Partrominus1000 Lemmatroplus1000 Annad1 Annad2
1301      0           2284               0                0      0      0
1302      0           1827             611                0      0      0
1303      0            819               0                0      0      0
1304      0           2077             230                0      0      0
1305      0           1249               0                0      0    216
1306      0           1922             223                0      0    224
1307      0            444               0                0      0      0
1308      0           1031               0                0      0    472
1309      0           1034               0                0      0    208
1310      0           2669               0                0      0    205
1311      0           1439             200                0      0      0
1312      0            611             201                0      0      0

  Qrt Snella Partroplus1000 Partrominus1000 Lemmatroplus1000 Annad1 Annad2
1   1      0           7007             841                0      0      0
2   2      0           4646             223                0      0    912
3   3      0           5753             401                0      0    413

-------------------------- Weight-summary  -------------------------- 
      11  18   19  20 21
1301   0   0 1275 406  0
1302   0 611 1022   0  0
1303   0   0  409 207  0
1304   0 230 1456 219  0
1305 216   0  832 417  0
1306 224 223 1266 445  0
1307   0   0  444   0  0
1308 472   0  812 219  0
1309 208   0  831   0  0
1310 205   0 1242 617  0
1311   0 200  409 407  0
1312   0 201    0   0  0

     Snella Partroplus1000 Partrominus1000 Lemmatroplus1000 Annad1 Annad2
1301      0           1681               0                0      0      0
1302      0           1022             611                0      0      0
1303      0            616               0                0      0      0
1304      0           1675             230                0      0      0
1305      0           1249               0                0      0    216
1306      0           1711             223                0      0    224
1307      0            444               0                0      0      0
1308      0           1031               0                0      0    472
1309      0            831               0                0      0    208
1310      0           1859               0                0      0    205
1311      0            816             200                0      0      0
1312      0              0             201                0      0      0

  Qrt Snella Partroplus1000 Partrominus1000 Lemmatroplus1000 Annad1 Annad2
1   1      0           4994             841                0      0      0
2   2      0           4435             223                0      0    912
3   3      0           3506             401                0      0    413

-------------------------- Age-summary     --------------------------- 
      11  18  19 20 21
1301   0   0 240  0  0
1302   0 120 180  0 60
1303   0   0  60  0  0
1304   0  60 300  0  0
1305   0   0 120 59  0
1306   0  60 180 60  0
1307   0   0  60  0  0
1308 120   0 120  0  0
1309   0   0 120  0  0
1310   0   0 240 60 60
1311   0  60  60  0  0
1312   0  60   0  0  0

     Snella Partroplus1000 Partrominus1000 Lemmatroplus1000 Annad1 Annad2
1301      0            240               0                0      0      0
1302      0            240             120                0      0      0
1303      0             60               0                0      0      0
1304      0            300              60                0      0      0
1305      0            179               0                0      0      0
1306      0            240              60                0      0      0
1307      0             60               0                0      0      0
1308      0            120               0                0      0    120
1309      0            120               0                0      0      0
1310      0            360               0                0      0      0
1311      0             60              60                0      0      0
1312      0              0              60                0      0      0

  Qrt Snella Partroplus1000 Partrominus1000 Lemmatroplus1000 Annad1 Annad2
1   1      0            840             180                0      0      0
2   2      0            599              60                0      0    120
3   3      0            540             120                0      0      0

-------------------------- Landings-summary -------------------------- 
         1     2      4     5     6     8       9     10     11    12     13     14     15      16      18       19      20      21
1301 0.000 0.004  0.649 0.000 0.073 0.000  29.992 23.575  1.187 1.029 26.931  0.000 33.568 292.117 137.413  827.711 116.672 395.812
1302 0.222 0.704  1.143 0.000 0.040 0.079  22.701 51.512  4.071 3.265 10.625  2.389 11.899 362.159 321.408 1008.362 100.820 467.579
1303 0.056 0.028  0.282 0.000 0.412 0.039  36.259 27.918  1.186 0.000  0.000  5.928  0.000 522.921 174.083  694.225 116.085 158.067
1304 0.065 2.214  0.529 0.000 0.741 0.008  53.155  6.820  1.877 0.000  0.033  0.000  0.000 270.757 165.927 1654.649 195.696 306.338
1305 0.173 5.258  5.734 0.000 0.585 0.010 113.443  4.338  8.930 0.000  2.202  0.000  0.000 371.997   4.015  928.287 168.795   0.000
1306 2.715 5.622  6.145 0.000 2.575 0.006 154.064  4.861  0.712 0.000  0.000  0.000  0.000 639.399   0.053 1041.929  80.071 120.387
1307 0.133 0.441  1.975 0.000 0.197 0.009  83.484 48.057 10.105 0.000  0.225  0.000  0.000  17.809   0.120  791.149   0.000   0.721
1308 0.014 2.250  0.799 0.000 0.000 0.023  54.774 19.929  3.300 0.345  0.000 15.650  0.000  83.545   5.070  559.737   0.000   0.000
1309 0.251 1.031  7.214 0.036 0.042 0.000   5.508  1.170  0.000 0.000  0.000  0.069  0.000 179.736 117.196  812.694   0.000  65.180
1310 0.445 0.249 14.223 0.000 0.677 0.000  22.014 12.600  0.970 0.000  0.000  0.000  0.000 430.960 327.947 1148.552   0.000 267.128
1311 0.021 0.009  4.780 0.001 0.000 0.009   5.778  7.452  5.307 0.000  4.718  0.000  0.000 168.779 159.750  872.484   0.000 247.152
1312 0.005 0.000  1.655 0.000 0.009 0.000   4.981  2.145  1.331 0.000  7.122  0.000  0.000  60.512 197.415  453.628   0.000  84.598
         22    23     24     25
1301 15.263 0.024  0.000 19.174
1302 11.614 0.000 66.647  0.000
1303  5.212 0.006  0.000  0.000
1304  4.390 0.000  0.000  0.000
1305  2.622 0.022  0.000  0.000
1306  3.637 0.005  0.000  0.000
1307  4.065 0.000  0.000  0.000
1308  1.991 0.000  0.000  0.700
1309 13.864 0.000  0.000  0.000
1310 24.666 0.000  0.000  0.000
1311 15.849 0.203  0.000  0.000
1312  5.916 0.031  0.000  0.000

      Snella Partroplus1000 Partrominus1000 Lemmatroplus1000 Annad1 Annad2
1301  29.996       1340.195         429.530           60.499  0.722 41.078
1302  90.052       1576.761         683.567           24.913  1.484 70.462
1303  36.287        968.377         697.004            5.928  0.789 34.322
1304  55.369       2156.683         436.684            0.033  1.343 13.087
1305 118.701       1097.082         376.012            2.202  6.502 15.912
1306 159.686       1242.387         639.452            0.000 11.441  9.215
1307  83.925        791.870          17.929            0.225  2.314 62.227
1308  57.024        559.737          88.615           15.650  0.836 25.565
1309   6.539        877.874         296.932            0.069  7.543 15.034
1310  22.263       1415.680         758.907            0.000 15.345 38.236
1311   5.787       1119.636         328.529            4.718  4.811 28.811
1312   4.981        538.226         257.927            7.122  1.669  9.423

  Qrt  Snella Partroplus1000 Partrominus1000 Lemmatroplus1000 Annad1  Annad2
1   1 211.704       6042.016        2246.785           91.373  4.338 158.949
2   2 419.336       3691.076        1122.008           18.077 21.093 112.919
3   3  39.570       3951.416        1642.295           11.909 29.368  91.504
