
 >>>>>>>>>>>>>>>>>>>>>>>>>>>>>>>>>>>>>>>>>>>>>>>>>>>>>>>>>>>>>>
 Dato            :  Thu Dec 11 13:36:41 2014 
 Slag            :  TO 
 T??arskei?      :  2014 
 <<<<<<<<<<<<<<<<<<<<<<<<<<<<<<<<<<<<<<<<<<<<<<<<<<<<<<<<<<<<<< 

$LB
[1] 1

$`LB<100`
[1] 4 5 6 7

$`LS>100`
[1] 22

$`LT_400-700`
[1] 11

$`PT>1000`
[1] 19 20 21



-------------------------- Lengths-summary -------------------------- 
       1   4   6  11  19  20  21  22
1401   0   0   0 373 384 184   0 419
1402 410 311   0 193   0 188   0 217
1403   0   0 208 418 474   0   0 414
1404   0 808 205 213 201 177   0 205
1405   0 201   0 203 161 204 215 217
1406   0   0   0 203   0   0   0 205
1407   0   0   0 230 770 202   0 197
1408   0   0   0 643 205   0   0   0
1409   0   0   0   0 595   0 226   0
1410   0   0   0   0   0   0 200   0
1411   0   0   0   0   0   0   0   0
1412   0   0   0   0   0   0   0   0



-------------------------- Weight-summary  -------------------------- 
       1   4   6  11  19  20  21  22
1401   0   0   0 373 384 184   0 419
1402 410 311   0 193   0 188   0 217
1403   0   0 208 418 474   0   0 414
1404   0 403 205 213   0 177   0 205
1405   0 201   0 203 161 204 215 217
1406   0   0   0 203   0   0   0 205
1407   0   0   0 230 570 202   0 197
1408   0   0   0 643   0   0   0   0
1409   0   0   0   0 197   0 226   0
1410   0   0   0   0   0   0   0   0
1411   0   0   0   0   0   0   0   0
1412   0   0   0   0   0   0   0   0



-------------------------- Age-summary     --------------------------- 
       4  6 11 19 20 21 22
1401   0  0  0 60  0  0 60
1402 120  0 60  0  0  0  0
1403   0  0 59  0  0  0 59
1404  60 60  0  0  0  0 59
1405   0  0  0 60 60  0  0
1406   0  0 60  0  0  0  0
1407   0  0  0 60 60  0  0
1408   0  0 60  0  0  0  0
1409   0  0  0  0  0 60  0
1410   0  0  0  0  0  0  0
1411   0  0  0  0  0  0  0
1412   0  0  0  0  0  0  0


