
 >>>>>>>>>>>>>>>>>>>>>>>>>>>>>>>>>>>>>>>>>>>>>>>>>>>>>>>>>>>>>>
 Dato            :  Thu Jan 16 14:41:38 2014 
 Slag            :  HY 
 Tíŵarskeiŵ      :  2012 
 <<<<<<<<<<<<<<<<<<<<<<<<<<<<<<<<<<<<<<<<<<<<<<<<<<<<<<<<<<<<<< 

$LB
[1] 1

$`LB<100`
[1] 4 5 6 7

$`LS>100`
[1] 22

$`LT_0-400`
[1] 10

$`LT>1000`
[1] 13 14 15

$`LT_400-700`
[1] 11

$`LT_700-1000`
[1] 12

$NB
[1] 28

$`PT<1000`
[1] 16 17 18

$`PT>1000`
[1] 19 20 21

$SB
[1] 2 9

------------- Lengths-summary ------------- 
       1   4   11  18  19  20  21   22
1201   0 460    0   0 448   0   0  752
1202   0 205  222   0 412   0 208 1059
1203   0 307    0   0 850   0   0 1252
1204   0   0    0   0 219   0   0  628
1205   0   0  222   0 204   0   0    0
1206   0   0    0   0 213   0   0    0
1207   0   0  196   0 435   0   0  198
1208  72   0 1044   0 649   0   0    0
1209   0   0  132   0 209   0   0    0
1210 206 411    0 212 470 549   0  421
1211 206   0    0   0 214   0   0  404
1212   0   0    0   0   0   0   0    0

      LB LB<100 LS>100 LT_400-700 PT<1000 PT>1000
1201   0    460    752          0       0     448
1202   0    205   1059        222       0     620
1203   0    307   1252          0       0     850
1204   0      0    628          0       0     219
1205   0      0      0        222       0     204
1206   0      0      0          0       0     213
1207   0      0    198        196       0     435
1208  72      0      0       1044       0     649
1209   0      0      0        132       0     209
1210 206    411    421          0     212    1019
1211 206      0    404          0       0     214
1212   0      0      0          0       0       0

  Qrt  LB LB<100 LS>100 LT_400-700 PT<1000 PT>1000
1   1   0    972   3691        222       0    2137
2   2  72      0    198       1462       0    1501
3   3 412    411    825        132     212    1442

 ------------- Weight-summary  ------------- 
       1   4   11  18  19  20  21   22
1201   0 460    0   0 448   0   0  752
1202   0 205  222   0 412   0 208 1059
1203   0 307    0   0 850   0   0 1252
1204   0   0    0   0 219   0   0  628
1205   0   0  222   0 204   0   0    0
1206   0   0    0   0 213   0   0    0
1207   0   0  196   0 435   0   0  198
1208  72   0 1044   0 444   0   0    0
1209   0   0  132   0 209   0   0    0
1210 206 411    0 212 470 549   0  421
1211 206   0    0   0 214   0   0  404
1212   0   0    0   0   0   0   0    0

      LB LB<100 LS>100 LT_400-700 PT<1000 PT>1000
1201   0    460    752          0       0     448
1202   0    205   1059        222       0     620
1203   0    307   1252          0       0     850
1204   0      0    628          0       0     219
1205   0      0      0        222       0     204
1206   0      0      0          0       0     213
1207   0      0    198        196       0     435
1208  72      0      0       1044       0     444
1209   0      0      0        132       0     209
1210 206    411    421          0     212    1019
1211 206      0    404          0       0     214
1212   0      0      0          0       0       0

  Qrt  LB LB<100 LS>100 LT_400-700 PT<1000 PT>1000
1   1   0    972   3691        222       0    2137
2   2  72      0    198       1462       0    1296
3   3 412    411    825        132     212    1442

 ------------- Age-summary     ------------- 
      1  4 11 19 20  22
1201  0 60  0 60  0 119
1202  0 60  0 60  0 120
1203  0  0  0 60  0 120
1204  0  0  0  0  0   0
1205  0  0  0  0  0   0
1206  0  0  0  0  0   0
1207  0  0 60 60  0  60
1208 60  0 59 60  0   0
1209  0  0 60  0  0   0
1210 60 59  0  0 60  59
1211 60  0  0  0  0   0
1212  0  0  0  0  0   0

     LB LB<100 LS>100 LT_400-700 PT>1000
1201  0     60    119          0      60
1202  0     60    120          0      60
1203  0      0    120          0      60
1204  0      0      0          0       0
1205  0      0      0          0       0
1206  0      0      0          0       0
1207  0      0     60         60      60
1208 60      0      0         59      60
1209  0      0      0         60       0
1210 60     59     59          0      60
1211 60      0      0          0       0
1212  0      0      0          0       0

  Qrt  LB LB<100 LS>100 LT_400-700 PT>1000
1   1   0    120    359          0     180
2   2  60      0     60        119     120
3   3 120     59     59         60      60

 ------------- Landings-summary ------------- 
          1     2      4     5      6      7     9     10    11    12     13
1201 17.309 0.000 76.152 0.000 55.176 17.293 0.001  0.089 0.000 0.000  0.178
1202  7.793 0.000 45.425 0.000 35.438 10.938 0.016  1.401 0.000 0.000  0.736
1203  8.971 0.293 35.613 0.000 32.889  6.492 0.418  7.625 6.713 1.899  2.368
1204  2.758 0.099 12.607 0.000 20.431  0.000 0.147  8.889 0.000 0.000  0.000
1205  9.735 0.036 22.723 0.000  0.899  0.000 0.470  4.820 0.881 0.000  0.000
1206  7.325 0.057 22.224 0.000  2.578  0.000 0.098 11.176 1.243 0.000  3.565
1207  0.191 0.014 18.223 0.000  0.572  0.000 1.271 12.351 0.735 0.000  6.703
1208  2.245 0.011 27.423 0.000  1.676  0.000 0.205 21.667 0.000 0.000 15.489
1209  7.442 0.416 20.747 0.000  8.172  0.000 0.490  5.732 0.591 0.000  3.635
1210 14.071 0.933 51.470 0.000 18.704  9.083 1.589 10.674 0.013 4.780  5.826
1211 11.931 2.186 55.222 0.188 58.926 17.335 0.249  3.288 0.015 0.877  6.170
1212 12.750 0.000 35.552 1.975 39.511  3.413 0.039  1.417 0.000 5.315  5.349
        14    15    16     18     19    20    21      22    28
1201 0.000 1.713 1.257  0.174  4.218 0.519 0.350  97.218 0.000
1202 1.017 1.578 1.757  4.420 12.103 1.851 3.629 111.567 0.000
1203 2.438 0.916 5.017 11.849 19.771 3.623 6.486 133.427 0.000
1204 0.305 0.048 0.448  0.000  4.488 0.106 0.544  45.420 0.000
1205 0.000 0.250 1.657  0.000  4.052 0.357 0.573  33.502 0.000
1206 0.615 1.071 1.057  0.000  1.348 0.991 0.376  14.063 0.003
1207 0.280 0.846 0.809  0.000  4.879 0.942 0.000   3.978 0.000
1208 1.873 2.476 0.000  0.000  1.917 0.729 0.444   0.475 0.000
1209 5.003 1.766 0.000  0.000  0.455 0.000 0.000  20.033 0.000
1210 5.929 2.752 2.403  5.717  1.245 1.513 0.000  14.912 0.000
1211 0.428 2.415 1.856  0.000  0.994 0.498 0.000  79.616 0.000
1212 0.205 0.442 0.924  0.052  1.812 0.000 0.109  62.393 0.000

         LB  LB<100  LS>100 LT_0-400 LT>1000 LT_400-700 LT_700-1000    NB
1201 17.309 148.621  97.218    0.089   1.891      0.000       0.000 0.000
1202  7.793  91.801 111.567    1.401   3.331      0.000       0.000 0.000
1203  8.971  74.994 133.427    7.625   5.722      6.713       1.899 0.000
1204  2.758  33.038  45.420    8.889   0.353      0.000       0.000 0.000
1205  9.735  23.622  33.502    4.820   0.250      0.881       0.000 0.000
1206  7.325  24.802  14.063   11.176   5.251      1.243       0.000 0.003
1207  0.191  18.795   3.978   12.351   7.829      0.735       0.000 0.000
1208  2.245  29.099   0.475   21.667  19.838      0.000       0.000 0.000
1209  7.442  28.919  20.033    5.732  10.404      0.591       0.000 0.000
1210 14.071  79.257  14.912   10.674  14.507      0.013       4.780 0.000
1211 11.931 131.671  79.616    3.288   9.013      0.015       0.877 0.000
1212 12.750  80.451  62.393    1.417   5.996      0.000       5.315 0.000
     PT<1000 PT>1000    SB
1201   1.431   5.087 0.001
1202   6.177  17.583 0.016
1203  16.866  29.880 0.711
1204   0.448   5.138 0.246
1205   1.657   4.982 0.506
1206   1.057   2.715 0.155
1207   0.809   5.821 1.285
1208   0.000   3.090 0.216
1209   0.000   0.455 0.906
1210   8.120   2.758 2.522
1211   1.856   1.492 2.435
1212   0.976   1.921 0.039

  Qrt     LB  LB<100  LS>100 LT_0-400 LT>1000 LT_400-700 LT_700-1000    NB
1   1 36.831 348.454 387.632   18.004  11.297      6.713       1.899 0.000
2   2 19.496  96.318  52.018   50.014  33.168      2.859       0.000 0.003
3   3 46.194 320.298 176.954   21.111  39.920      0.619      10.972 0.000
  PT<1000 PT>1000    SB
1  24.922  57.688 0.974
2   3.523  16.608 2.162
3  10.952   6.626 5.902
