
 >>>>>>>>>>>>>>>>>>>>>>>>>>>>>>>>>>>>>>>>>>>>>>>>>>>>>>>>>>>>>>
 Dato            :  Mon Dec  1 14:14:45 2014 
 Slag            :  UP 
 Tíŵarskeiŵ      :  2014 
 <<<<<<<<<<<<<<<<<<<<<<<<<<<<<<<<<<<<<<<<<<<<<<<<<<<<<<<<<<<<<< 

Snella          :  2 9 24 
Partroplus1000  :  19 20 21 
Partrominus1000 :  16 17 18 
Lemmatroplus1000:  13 14 15 
Annad1          :  1 4 5 6 7 8 
Annad2          :  10 11 12 22 23 28 


-------------------------- Lengths-summary -------------------------- 
      11   19  20  21
1401   0 1523 248 407
1402   0 1456 452 411
1403   0 1426 605 602
1404   0 1036 406 602
1405   0 1024 646 208
1406 423  615 402 201
1407   0 1235 626   0
1408 241  742   0   0
1409   0  551   0   0
1410   0  348   0 392
1411   0    0   0   0
1412   0    0   0   0

     Snella Partroplus1000 Partrominus1000 Lemmatroplus1000 Annad1 Annad2
1401      0           2178               0                0      0      0
1402      0           2319               0                0      0      0
1403      0           2633               0                0      0      0
1404      0           2044               0                0      0      0
1405      0           1878               0                0      0      0
1406      0           1218               0                0      0    423
1407      0           1861               0                0      0      0
1408      0            742               0                0      0    241
1409      0            551               0                0      0      0
1410      0            740               0                0      0      0
1411      0              0               0                0      0      0
1412      0              0               0                0      0      0

  Qrt Snella Partroplus1000 Partrominus1000 Lemmatroplus1000 Annad1 Annad2
1   1      0           9174               0                0      0      0
2   2      0           5699               0                0      0    664
3   3      0           1291               0                0      0      0

-------------------------- Weight-summary  -------------------------- 
      11   19  20  21
1401   0 1114 248   0
1402   0  842 452 202
1403   0 1016 605 200
1404   0  624 406 201
1405   0 1024 646 208
1406 423  415 402 201
1407   0  828 626   0
1408 241    0   0   0
1409   0    0   0   0
1410   0    0   0   0
1411   0    0   0   0
1412   0    0   0   0

     Snella Partroplus1000 Partrominus1000 Lemmatroplus1000 Annad1 Annad2
1401      0           1362               0                0      0      0
1402      0           1496               0                0      0      0
1403      0           1821               0                0      0      0
1404      0           1231               0                0      0      0
1405      0           1878               0                0      0      0
1406      0           1018               0                0      0    423
1407      0           1454               0                0      0      0
1408      0              0               0                0      0    241
1409      0              0               0                0      0      0
1410      0              0               0                0      0      0
1411      0              0               0                0      0      0
1412      0              0               0                0      0      0

  Qrt Snella Partroplus1000 Partrominus1000 Lemmatroplus1000 Annad1 Annad2
1   1      0           5910               0                0      0      0
2   2      0           4350               0                0      0    664
3   3      0              0               0                0      0      0

-------------------------- Age-summary     -------------------------- 
     11  19  20 21
1401  0 120  60 60
1402  0 181 120  0
1403  0 240 120  0
1404  0  60  60 60
1405  0  60 120 60
1406 60  60 120 60
1407  0 119 120  0
1408  0   0   0  0
1409  0   0   0  0
1410  0   0   0  0
1411  0   0   0  0
1412  0   0   0  0

     Snella Partroplus1000 Partrominus1000 Lemmatroplus1000 Annad1 Annad2
1401      0            240               0                0      0      0
1402      0            301               0                0      0      0
1403      0            360               0                0      0      0
1404      0            180               0                0      0      0
1405      0            240               0                0      0      0
1406      0            240               0                0      0     60
1407      0            239               0                0      0      0
1408      0              0               0                0      0      0
1409      0              0               0                0      0      0
1410      0              0               0                0      0      0
1411      0              0               0                0      0      0
1412      0              0               0                0      0      0

  Qrt Snella Partroplus1000 Partrominus1000 Lemmatroplus1000 Annad1 Annad2
1   1      0           1081               0                0      0      0
2   2      0            719               0                0      0     60
3   3      0              0               0                0      0      0
