
 >>>>>>>>>>>>>>>>>>>>>>>>>>>>>>>>>>>>>>>>>>>>>>>>>>>>>>>>>>>>>>
 Dato            :  Fri Jan 17 13:25:33 2014 
 Slag            :  HY 
 Tíŵarskeiŵ      :  2011 
 <<<<<<<<<<<<<<<<<<<<<<<<<<<<<<<<<<<<<<<<<<<<<<<<<<<<<<<<<<<<<< 

$`GS>100`
[1] 23

$LB
[1] 1

$`LB<100`
[1] 4 5 6 7

$`LS>100`
[1] 22

$`LT_0-400`
[1] 10

$`LT>1000`
[1] 13 14 15

$`LT_400-700`
[1] 11

$`LT_700-1000`
[1] 12

$`PT<1000`
[1] 16 17 18

$`PT>1000`
[1] 19 20 21

$SB
[1] 2 9

------------- Lengths-summary ------------- 
       1   4   5   6   7  11  18  19  20  21  22
1101 207 575   0   0   0   0   0 359   0   0 827
1102   0 415 200 215 203   0 221 208   0   0 831
1103   0 187   0   0   0   0 441 429   0 205 834
1104   0   0   0   0   0   0   0 427 203   0 418
1105   0   0   0   0   0   0   0 205 144 219 208
1106 410 214   0   0   0 194   0 475   0   0   0
1107   0   0   0   0   0 702   0 221   0   0   0
1108 434 204 208 444   0 447   0 217   0   0   0
1109 199 975   0   0   0 445   0 649   0   0   0
1110   0 577   0   0   0   0   0 221 221   0 219
1111 223 625   0 202   0   0   0 202   0   0 819
1112 203 333   0   0   0   0   0   0   0   0 599

      LB LB<100 LS>100 LT_400-700 PT<1000 PT>1000
1101 207    575    827          0       0     359
1102   0   1033    831          0     221     208
1103   0    187    834          0     441     634
1104   0      0    418          0       0     630
1105   0      0    208          0       0     568
1106 410    214      0        194       0     475
1107   0      0      0        702       0     221
1108 434    856      0        447       0     217
1109 199    975      0        445       0     649
1110   0    577    219          0       0     442
1111 223    827    819          0       0     202
1112 203    333    599          0       0       0

  Qrt  LB LB<100 LS>100 LT_400-700 PT<1000 PT>1000
1   1 207   1795   2910          0     662    1831
2   2 844   1070    208       1343       0    1481
3   3 625   2712   1637        445       0    1293

 ------------- Weight-summary  ------------- 
       1   4   5   6   7  11  18  19  20  21  22
1101 207 415   0   0   0   0   0 359   0   0 827
1102   0 415 200 215 203   0 221 208   0   0 831
1103   0 187   0   0   0   0 441 429   0 205 834
1104   0   0   0   0   0   0   0 427 203   0 418
1105   0   0   0   0   0   0   0 205 144 219 208
1106 410 214   0   0   0 194   0 475   0   0   0
1107   0   0   0   0   0 702   0 221   0   0   0
1108 434 204 208 444   0 447   0 217   0   0   0
1109 199 975   0   0   0 445   0 649   0   0   0
1110   0 577   0   0   0   0   0 221 221   0 219
1111 223 625   0 202   0   0   0   0   0   0 819
1112 203 333   0   0   0   0   0   0   0   0 394

      LB LB<100 LS>100 LT_400-700 PT<1000 PT>1000
1101 207    415    827          0       0     359
1102   0   1033    831          0     221     208
1103   0    187    834          0     441     634
1104   0      0    418          0       0     630
1105   0      0    208          0       0     568
1106 410    214      0        194       0     475
1107   0      0      0        702       0     221
1108 434    856      0        447       0     217
1109 199    975      0        445       0     649
1110   0    577    219          0       0     442
1111 223    827    819          0       0       0
1112 203    333    394          0       0       0

  Qrt  LB LB<100 LS>100 LT_400-700 PT<1000 PT>1000
1   1 207   1635   2910          0     662    1831
2   2 844   1070    208       1343       0    1481
3   3 625   2712   1432        445       0    1091

 ------------- Age-summary     ------------- 
      1   4  5 11 18 19 20 21  22
1101  0 119  0  0  0 60  0  0 120
1102  0  60 60  0  0 60  0  0  60
1103  0   0  0  0 60  0  0 60 120
1104  0   0  0  0  0 60  0  0  60
1105  0   0  0  0  0 60  0 60  60
1106 60   0  0  0  0 58  0  0   0
1107  0   0  0 59  0  0  0  0   0
1108 60   0 60 60  0 60  0  0   0
1109 60  60  0 60  0 60  0  0   0
1110  0  60  0  0  0  0 60  0  60
1111 60  60  0  0  0  0  0  0  60
1112  0  60  0  0  0  0  0  0  59

     LB LB<100 LS>100 LT_400-700 PT<1000 PT>1000
1101  0    119    120          0       0      60
1102  0    120     60          0       0      60
1103  0      0    120          0      60      60
1104  0      0     60          0       0      60
1105  0      0     60          0       0     120
1106 60      0      0          0       0      58
1107  0      0      0         59       0       0
1108 60     60      0         60       0      60
1109 60     60      0         60       0      60
1110  0     60     60          0       0      60
1111 60     60     60          0       0       0
1112  0     60     59          0       0       0

  Qrt  LB LB<100 LS>100 LT_400-700 PT<1000 PT>1000
1   1   0    239    360          0      60     240
2   2 120     60     60        119       0     238
3   3 120    240    179         60       0     120

 ------------- Landings-summary ------------- 
          1     2      4     5      6      7     9     10     11    12     13
1101 13.444 0.027 81.806 0.000 37.483 13.695 0.061  0.077  0.006 0.000  0.000
1102 11.655 0.000 40.059 0.152 24.859  5.139 0.065  0.016  0.014 0.000  0.000
1103 10.318 0.000 16.847 0.000 11.474  1.836 0.058  4.480  3.953 2.472 20.875
1104  4.606 0.007 32.424 0.000 20.018  3.840 0.089 14.614  0.000 0.174  0.026
1105 16.609 0.275 57.998 0.000 22.660  0.948 0.201  3.266  1.124 1.043  0.000
1106 30.102 0.105 98.819 0.000 14.374  0.000 1.648 11.597 14.336 0.310  0.125
1107 19.506 1.595 42.341 0.000 17.246  0.000 2.253 10.047  5.018 0.000  0.187
1108 12.207 0.526 67.312 0.003 12.739  0.000 4.267  4.979  7.265 0.000  1.962
1109 12.360 0.325 54.023 0.000  3.208  0.000 1.037  0.954  0.361 0.000  0.000
1110 10.307 0.090 38.937 0.073 22.354  5.068 0.892  0.000  0.042 0.000  0.169
1111 10.530 0.125 59.544 0.076 41.295  8.500 0.675  0.135  0.038 0.000  0.237
1112 11.412 0.000 48.729 0.000 27.884  6.422 0.167  0.019  0.007 0.000  0.574
        14     15    16    18     19    20     21      22    23
1101 0.000  0.738 1.244 0.000  3.218 0.390  0.425 135.254 0.000
1102 0.000  1.624 1.559 0.000 15.113 0.515  0.000 156.475 0.000
1103 9.678 13.270 4.439 9.812 32.703 9.609 11.322 131.472 0.000
1104 0.174  0.795 0.639 2.745  9.432 2.178  1.783  93.203 0.000
1105 1.043  3.487 0.340 0.000  2.847 0.873  1.113  48.674 0.000
1106 0.584  0.000 1.365 0.620 11.125 1.614  1.375  36.383 0.000
1107 0.000  0.000 1.205 0.000 11.775 0.410  0.947   8.369 0.000
1108 7.244  0.406 1.623 0.000  9.801 1.769  2.839   6.091 0.000
1109 0.382  0.000 2.902 0.401 11.871 7.685  7.247  14.279 0.000
1110 1.916  0.000 1.177 2.786  6.927 3.934  5.867  39.355 0.000
1111 0.838  0.161 1.387 0.409  4.356 1.638  1.030  94.860 0.001
1112 0.000  0.330 1.862 1.559  6.536 1.457  0.893  41.749 0.000

     GS>100     LB  LB<100  LS>100 LT_0-400 LT>1000 LT_400-700 LT_700-1000
1101  0.000 13.444 132.984 135.254    0.077   0.738      0.006       0.000
1102  0.000 11.655  70.209 156.475    0.016   1.624      0.014       0.000
1103  0.000 10.318  30.157 131.472    4.480  43.823      3.953       2.472
1104  0.000  4.606  56.282  93.203   14.614   0.995      0.000       0.174
1105  0.000 16.609  81.606  48.674    3.266   4.530      1.124       1.043
1106  0.000 30.102 113.193  36.383   11.597   0.709     14.336       0.310
1107  0.000 19.506  59.587   8.369   10.047   0.187      5.018       0.000
1108  0.000 12.207  80.054   6.091    4.979   9.612      7.265       0.000
1109  0.000 12.360  57.231  14.279    0.954   0.382      0.361       0.000
1110  0.000 10.307  66.432  39.355    0.000   2.085      0.042       0.000
1111  0.001 10.530 109.415  94.860    0.135   1.236      0.038       0.000
1112  0.000 11.412  83.035  41.749    0.019   0.904      0.007       0.000
     PT<1000 PT>1000    SB
1101   1.244   4.033 0.088
1102   1.559  15.628 0.065
1103  14.251  53.634 0.058
1104   3.384  13.393 0.096
1105   0.340   4.833 0.476
1106   1.985  14.114 1.753
1107   1.205  13.132 3.848
1108   1.623  14.409 4.793
1109   3.303  26.803 1.362
1110   3.963  16.728 0.982
1111   1.796   7.024 0.800
1112   3.421   8.886 0.167

  Qrt GS>100     LB  LB<100  LS>100 LT_0-400 LT>1000 LT_400-700 LT_700-1000
1   1  0.000 40.023 289.632 516.404   19.187  47.180      3.973       2.646
2   2  0.000 78.424 334.440  99.517   29.889  15.038     27.743       1.353
3   3  0.001 44.609 316.113 190.243    1.108   4.607      0.448       0.000
  PT<1000 PT>1000     SB
1  20.438  86.688  0.307
2   5.153  46.488 10.870
3  12.483  59.441  3.311
